10 2 3
1 2 62 3
1 2 86.331
1 3 42.802
1 4 67.424
1 5 54.644
1 6 76.4
1 7 78.447
1 8 107.703
1 9 100.846
1 10 57.871
2 80 25 14
2 3 76.844
2 4 23.087
2 5 47.676
2 6 18.439
2 7 60.075
2 8 23.601
2 9 16.643
2 10 51.478
3 36 88 1
3 4 68.308
3 5 71.063
3 6 60.208
3 7 41.11
3 8 100.439
3 9 93.477
3 10 28.018
4 57 23 14
4 5 24.739
4 6 27.586
4 7 65.146
4 8 40.719
4 9 34.176
4 10 49.041
5 33 17 19
5 6 50.249
5 7 80.994
5 8 61.984
5 9 56.321
5 10 60.836
6 76 43 2
6 7 42.012
6 8 41.146
6 9 34.54
6 10 33.615
7 77 85 14
7 8 80.808
7 9 74.967
7 10 22.204
8 94 6 6
8 9 7.071
8 10 74.706
9 89 11 7
9 10 67.978
10 59 72 6
