20 2
1 2 62 3
1 2 86.331
1 3 42.802
1 4 67.424
1 5 54.644
1 6 76.4
1 7 78.447
1 8 107.703
1 9 100.846
1 10 57.871
1 11 42.059
1 12 93.107
1 13 44.272
1 14 21.0
1 15 25.495
1 16 35.128
1 17 56.886
1 18 16.971
1 19 60.141
1 20 101.242
2 80 25 14
2 3 76.844
2 4 23.087
2 5 47.676
2 6 18.439
2 7 60.075
2 8 23.601
2 9 16.643
2 10 51.478
2 11 70.214
2 12 7.071
2 13 62.426
2 14 97.201
2 15 63.6
2 16 75.027
2 17 51.894
2 18 70.576
2 19 37.656
2 20 19.313
3 36 88 1
3 4 68.308
3 5 71.063
3 6 60.208
3 7 41.11
3 8 100.439
3 9 93.477
3 10 28.018
3 11 6.708
3 12 81.835
3 13 14.422
3 14 34.366
3 15 48.104
3 16 68.425
3 17 27.203
3 18 43.909
3 19 70.349
3 20 95.718
4 57 23 14
4 5 24.739
4 6 27.586
4 7 65.146
4 8 40.719
4 9 34.176
4 10 49.041
4 11 61.685
4 12 30.017
4 13 54.571
4 14 81.394
4 15 42.942
4 16 52.154
4 17 49.01
4 18 50.774
4 19 14.866
4 20 34.0
5 33 17 19
5 6 50.249
5 7 80.994
5 8 61.984
5 9 56.321
5 10 60.836
5 11 65.276
5 12 54.452
5 13 60.017
5 14 72.918
5 15 29.53
5 16 29.732
5 17 60.415
5 18 38.079
5 19 10.05
5 20 54.918
6 76 43 2
6 7 42.012
6 8 41.146
6 9 34.54
6 10 33.615
6 11 53.759
6 12 21.954
6 13 45.967
6 14 84.119
6 15 57.0
6 16 72.78
6 17 34.132
6 18 62.394
6 19 41.4
6 20 37.643
7 77 85 14
7 8 80.808
7 9 74.967
7 10 22.204
7 11 38.118
7 12 61.814
7 13 34.205
7 14 75.027
7 15 71.61
7 16 92.455
7 17 23.022
7 18 72.069
7 19 75.133
7 20 78.638
8 94 6 6
8 9 7.071
8 10 74.706
8 11 93.814
8 12 19.313
8 13 86.023
8 14 119.971
8 15 83.63
8 16 91.444
8 17 75.18
8 18 91.302
8 19 52.393
8 20 7.071
9 89 11 7
9 10 67.978
9 11 86.839
9 12 13.153
9 13 79.057
9 14 112.929
9 15 76.968
9 16 85.51
9 17 68.425
9 18 84.534
9 19 46.53
9 20 4.472
10 59 72 6
10 11 22.361
10 12 55.57
10 13 15.524
10 14 58.052
10 15 49.406
10 16 70.292
10 17 1.0
10 18 50.09
10 19 56.321
10 20 70.774
11 39 82 10
11 12 75.286
11 13 7.81
11 14 37.014
11 15 43.829
11 16 64.661
11 17 21.471
11 18 40.608
11 19 64.125
11 20 89.045
12 87 24 18
12 13 67.476
12 14 103.47
12 15 70.605
12 16 82.055
12 17 56.08
12 18 77.492
12 19 44.407
12 20 17.0
13 44 76 3
13 14 42.579
13 15 41.4
13 16 62.626
13 17 14.56
13 18 39.699
13 19 58.009
13 20 81.302
14 2 83 6
14 15 43.463
14 16 56.08
14 17 57.07
14 18 35.114
14 19 76.851
14 20 114.022
15 19 43 20
15 16 21.26
15 17 48.6
15 18 8.602
15 19 34.655
15 20 76.942
16 5 27 4
16 17 69.527
16 18 24.698
16 19 39.051
16 20 84.404
17 58 72 14
17 18 49.193
17 19 56.045
17 20 71.176
18 14 50 11
18 19 43.186
18 20 84.723
19 43 18 19
19 20 45.354
20 87 7 15
