100 4
1 6 5 12
1 2 38.419
1 3 68.007
1 4 117.924
1 5 82.377
1 6 76.164
1 7 87.824
1 8 86.833
1 9 19.105
1 10 107.187
1 11 28.16
1 12 79.624
1 13 82.024
1 14 40.46
1 15 79.624
1 16 101.02
1 17 81.0
1 18 36.014
1 19 116.516
1 20 48.01
1 21 72.173
1 22 19.105
1 23 2.236
1 24 46.53
1 25 87.207
1 26 27.166
1 27 55.009
1 28 67.417
1 29 64.382
1 30 29.155
1 31 81.394
1 32 33.601
1 33 123.045
1 34 36.222
1 35 76.381
1 36 70.682
1 37 55.036
1 38 122.495
1 39 69.123
1 40 91.935
1 41 21.024
1 42 37.216
1 43 49.82
1 44 104.202
1 45 57.315
1 46 95.588
1 47 63.64
1 48 58.6
1 49 59.908
1 50 79.404
1 51 64.777
1 52 45.122
1 53 106.794
1 54 61.008
1 55 39.812
1 56 87.321
1 57 45.354
1 58 97.005
1 59 93.145
1 60 53.263
1 61 38.626
1 62 115.421
1 63 93.059
1 64 103.769
1 65 59.666
1 66 16.125
1 67 84.504
1 68 90.211
1 69 38.897
1 70 73.355
1 71 98.387
1 72 22.204
1 73 93.059
1 74 61.27
1 75 89.554
1 76 51.788
1 77 52.345
1 78 96.566
1 79 94.895
1 80 113.899
1 81 90.521
1 82 20.224
1 83 83.63
1 84 32.573
1 85 64.9
1 86 67.268
1 87 52.202
1 88 14.318
1 89 91.241
1 90 56.08
1 91 93.915
1 92 72.918
1 93 26.0
1 94 41.593
1 95 53.151
1 96 21.024
1 97 53.712
1 98 93.814
1 99 112.805
1 100 72.443
2 36 29 7
2 3 29.682
2 4 79.511
2 5 47.434
2 6 57.697
2 7 65.521
2 8 60.531
2 9 28.231
2 10 69.318
2 11 33.242
2 12 48.662
2 13 56.462
2 14 2.236
2 15 43.174
2 16 66.129
2 17 56.365
2 18 33.242
2 19 79.322
2 20 37.643
2 21 54.12
2 22 24.597
2 23 36.235
2 24 23.345
2 25 49.93
2 26 27.166
2 27 25.495
2 28 33.0
2 29 26.926
2 30 15.033
2 31 61.098
2 32 5.0
2 33 84.9
2 34 28.636
2 35 38.601
2 36 40.0
2 37 36.069
2 38 84.812
2 39 37.656
2 40 53.814
2 41 29.155
2 42 5.385
2 43 11.402
2 44 67.067
2 45 19.209
2 46 58.009
2 47 25.807
2 48 20.248
2 49 26.173
2 50 45.354
2 51 36.77
2 52 19.799
2 53 68.622
2 54 39.825
2 55 17.692
2 56 56.223
2 57 19.105
2 58 58.6
2 59 66.272
2 60 14.866
2 61 20.0
2 62 77.006
2 63 55.714
2 64 70.342
2 65 23.409
2 66 24.166
2 67 47.508
2 68 52.326
2 69 22.204
2 70 36.401
2 71 61.351
2 72 22.472
2 73 55.714
2 74 31.145
2 75 55.785
2 76 25.807
2 77 28.425
2 78 61.685
2 79 61.131
2 80 75.664
2 81 63.198
2 82 28.792
2 83 46.325
2 84 14.036
2 85 26.833
2 86 30.017
2 87 21.932
2 88 24.759
2 89 67.683
2 90 19.925
2 91 61.188
2 92 42.012
2 93 30.067
2 94 20.248
2 95 44.688
2 96 26.571
2 97 26.249
2 98 57.697
2 99 75.452
2 100 44.944
3 61 45 1
3 4 50.21
3 5 30.676
3 6 61.612
3 7 63.702
3 8 55.0
3 9 55.317
3 10 39.925
3 11 59.228
3 12 33.242
3 13 46.615
3 14 27.785
3 15 18.028
3 16 46.043
3 17 47.707
3 18 56.143
3 19 53.488
3 20 54.589
3 21 59.363
3 22 52.345
3 23 65.803
3 24 34.205
3 25 26.077
3 26 51.313
3 27 31.321
3 28 17.889
3 29 13.038
3 30 42.72
3 31 62.37
3 32 34.409
3 33 56.613
3 34 47.927
3 35 15.133
3 36 34.655
3 37 42.0
3 38 57.706
3 39 25.942
3 40 26.401
3 41 57.245
3 42 31.145
3 43 18.358
3 44 38.639
3 45 13.038
3 46 32.28
3 47 11.18
3 48 9.434
3 49 24.166
3 50 31.305
3 51 31.321
3 52 31.953
3 53 40.497
3 54 41.437
3 55 38.21
3 56 44.721
3 57 31.016
3 58 29.069
3 59 58.83
3 60 15.232
3 61 41.195
3 62 47.508
3 63 27.295
3 64 52.469
3 65 18.028
3 66 53.712
3 67 25.02
3 68 23.087
3 69 43.105
3 70 11.662
3 71 33.242
3 72 49.578
3 73 27.295
3 74 31.765
3 75 39.56
3 76 31.257
3 77 34.132
3 78 42.19
3 79 43.932
3 80 47.202
3 81 55.758
3 82 55.444
3 83 23.0
3 84 38.419
3 85 4.123
3 86 14.142
3 87 25.495
3 88 54.037
3 89 64.031
3 90 19.235
3 91 45.88
3 92 35.384
3 93 56.754
3 94 35.847
3 95 60.415
3 96 53.263
3 97 34.205
3 98 36.0
3 99 49.396
3 100 36.235
4 97 80 11
4 5 46.39
4 6 86.006
4 7 79.906
4 8 69.584
4 9 105.418
4 10 20.025
4 11 105.095
4 12 60.415
4 13 73.553
4 14 77.466
4 15 45.188
4 16 39.56
4 17 75.664
4 18 99.925
4 19 22.672
4 20 93.963
4 21 86.052
4 22 102.533
4 23 115.745
4 24 81.541
4 25 35.171
4 26 100.896
4 27 70.937
4 28 58.181
4 29 54.708
4 30 90.973
4 31 83.217
4 32 84.386
4 33 11.402
4 34 96.26
4 35 42.942
4 36 61.984
4 37 85.0
4 38 18.358
4 39 62.769
4 40 27.313
4 41 104.957
4 42 81.345
4 43 68.118
4 44 28.071
4 45 60.803
4 46 27.295
4 47 54.918
4 48 59.464
4 49 63.159
4 50 50.488
4 51 70.385
4 52 80.212
4 53 14.036
4 54 81.707
4 55 83.648
4 56 56.223
4 57 79.404
4 58 21.26
4 59 68.659
4 60 64.661
4 61 86.313
4 62 4.0
4 63 32.28
4 64 46.239
4 65 60.415
4 66 103.005
4 67 38.328
4 68 31.305
4 69 87.664
4 70 48.549
4 71 31.145
4 72 99.725
4 73 32.28
4 74 67.052
4 75 47.096
4 76 77.175
4 77 79.259
4 78 40.608
4 79 45.706
4 80 8.544
4 81 67.082
4 82 105.475
4 83 37.947
4 84 88.459
4 85 53.759
4 86 52.355
4 87 72.67
4 88 104.139
4 89 77.466
4 90 63.632
4 91 49.82
4 92 60.671
4 93 103.354
4 94 84.404
4 95 97.514
4 96 103.325
4 97 73.736
4 98 36.014
4 99 21.095
4 100 69.642
5 51 74 1
5 6 40.608
5 7 37.59
5 8 27.459
5 9 75.611
5 10 49.041
5 11 63.127
5 12 62.434
5 13 76.538
5 14 45.222
5 15 44.204
5 16 18.788
5 17 77.827
5 18 56.613
5 19 35.805
5 20 48.754
5 21 40.112
5 22 71.868
5 23 80.455
5 24 62.008
5 25 12.369
5 26 74.216
5 27 28.284
5 28 48.466
5 29 22.023
5 30 53.254
5 31 38.897
5 32 52.202
5 33 46.239
5 34 73.553
5 35 16.125
5 36 15.811
5 37 71.701
5 38 43.046
5 39 56.462
5 40 21.587
5 41 65.115
5 42 51.662
5 43 38.471
5 44 52.802
5 45 30.15
5 46 19.105
5 47 24.0
5 48 34.059
5 49 22.472
5 50 4.123
5 51 61.984
5 52 59.008
5 53 32.388
5 54 71.805
5 55 43.278
5 56 14.866
5 57 58.009
5 58 33.526
5 59 29.698
5 60 35.228
5 61 45.277
5 62 46.043
5 63 44.654
5 64 23.195
5 65 24.042
5 66 66.287
5 67 9.849
5 68 38.833
5 69 45.967
5 70 40.311
5 71 49.739
5 72 69.893
5 73 44.654
5 74 22.804
5 75 9.055
5 76 60.299
5 77 63.388
5 78 14.318
5 79 14.036
5 80 39.051
5 81 26.907
5 82 76.217
5 83 11.662
5 84 60.638
5 85 34.205
5 86 19.0
5 87 54.231
5 88 70.661
5 89 36.62
5 90 27.514
5 91 15.297
5 92 14.318
5 93 62.241
5 94 62.129
5 95 51.546
5 96 74.0
5 97 30.48
5 98 12.207
5 99 32.757
5 100 66.708
6 11 81 3
6 7 13.038
6 8 18.788
6 9 79.246
6 10 89.499
6 11 48.662
6 12 94.493
6 13 106.794
6 14 56.356
6 15 79.076
6 16 49.031
6 17 107.48
6 18 40.447
6 19 70.406
6 20 28.284
6 21 4.0
6 22 75.313
6 23 75.06
6 24 80.262
6 25 52.953
6 26 82.006
6 27 33.601
6 28 77.897
6 29 48.6
6 30 51.971
6 31 5.831
6 32 60.166
6 33 83.6
6 34 85.796
6 35 52.393
6 36 27.731
6 37 92.65
6 38 78.447
6 39 85.586
6 40 62.169
6 41 55.145
6 42 63.071
6 43 56.4
6 44 92.655
6 45 52.326
6 46 59.211
6 47 50.606
6 48 58.694
6 49 38.21
6 50 36.878
6 51 88.527
6 52 76.662
6 53 72.028
6 54 95.21
6 55 41.761
6 56 30.265
6 57 75.802
6 58 73.98
6 59 23.601
6 60 55.317
6 61 41.0
6 62 86.145
6 63 83.385
6 64 45.88
6 65 44.598
6 66 62.073
6 67 50.22
6 68 77.621
6 69 39.623
6 70 73.239
6 71 88.955
6 72 74.953
6 73 83.385
6 74 30.414
6 75 39.051
6 76 81.271
6 77 84.315
6 78 46.39
6 79 41.593
6 80 78.026
6 81 22.825
6 82 80.411
6 83 51.662
6 84 70.937
6 85 63.253
6 86 47.707
6 87 75.802
6 88 70.456
6 89 17.205
6 90 45.277
6 91 37.855
6 92 27.857
6 93 50.249
6 94 77.827
6 95 24.698
6 96 78.645
6 97 31.906
6 98 50.0
6 99 68.731
6 100 95.462
7 18 92 4
7 8 10.44
7 9 89.275
7 10 86.163
7 11 60.877
7 12 96.938
7 13 110.114
7 14 63.891
7 15 80.056
7 16 41.012
7 17 111.041
7 18 52.631
7 19 62.073
7 20 40.522
7 21 16.553
7 22 85.288
7 23 86.579
7 24 86.925
7 25 49.659
7 26 91.241
7 27 40.162
7 28 81.056
7 29 51.225
7 30 62.073
7 31 7.211
7 32 68.659
7 33 76.007
7 34 94.112
7 35 52.01
7 36 29.206
7 37 98.843
7 38 70.114
7 39 89.022
7 40 58.694
7 41 66.91
7 42 70.88
7 43 62.169
7 44 90.338
7 45 56.604
7 46 54.406
7 47 53.413
7 48 62.682
7 49 42.544
7 50 34.67
7 51 92.914
7 52 83.385
7 53 66.287
7 54 100.722
7 55 51.245
7 56 24.042
7 57 82.462
7 58 70.774
7 59 12.369
7 60 60.415
7 61 51.039
7 62 80.604
7 63 82.152
7 64 36.346
7 65 48.549
7 66 73.11
7 67 47.413
7 68 76.322
7 69 50.0
7 70 74.953
7 71 87.321
7 72 84.593
7 73 82.152
7 74 35.341
7 75 33.242
7 76 87.207
7 77 90.338
7 78 39.319
7 79 34.234
7 80 71.568
7 81 13.0
7 82 90.355
7 83 49.244
7 84 79.31
7 85 66.068
7 86 49.578
7 87 81.413
7 88 81.006
7 89 4.243
7 90 50.12
7 91 30.15
7 92 28.32
7 93 62.169
7 94 85.094
7 95 37.577
7 96 88.459
7 97 39.294
7 98 44.385
7 99 61.008
7 100 99.202
8 28 89 18
8 9 86.052
8 10 75.769
8 11 61.327
8 12 88.091
8 13 101.607
8 14 58.694
8 15 70.711
8 16 31.064
8 17 102.65
8 18 53.226
8 19 52.345
8 20 41.677
8 21 20.809
8 22 82.055
8 23 85.376
8 24 80.654
8 25 39.357
8 26 87.144
8 27 35.128
8 28 72.67
8 29 43.046
8 30 59.414
8 31 14.318
8 32 64.195
8 33 66.03
8 34 89.107
8 35 42.45
8 36 21.541
8 37 92.114
8 38 60.407
8 39 80.709
8 40 48.332
8 41 66.408
8 42 65.765
8 43 55.66
8 44 80.062
8 45 49.244
8 46 43.966
8 47 45.277
8 48 55.009
8 49 35.735
8 50 24.839
8 51 85.088
8 52 77.201
8 53 55.902
8 54 93.52
8 55 48.26
8 56 13.601
8 57 76.243
8 58 60.415
8 59 6.325
8 60 53.488
8 61 48.662
8 62 70.214
8 63 72.111
8 64 27.203
8 65 41.231
8 66 71.386
8 67 37.216
8 68 66.287
8 69 48.052
8 70 65.947
8 71 77.175
8 72 81.0
8 73 72.111
8 74 29.428
8 75 22.804
8 76 80.411
8 77 83.57
8 78 29.069
8 79 24.021
8 80 61.294
8 81 4.243
8 82 87.023
8 83 39.115
8 84 74.545
8 85 57.689
8 86 41.049
8 87 74.465
8 88 78.518
8 89 9.22
8 90 43.324
8 91 20.0
8 92 20.125
8 93 62.032
8 94 79.31
8 95 40.46
8 96 85.006
8 97 35.0
8 98 33.956
8 99 51.039
8 100 90.973
9 25 3 12
9 10 92.617
9 11 37.202
9 12 61.685
9 13 63.127
9 14 30.463
9 15 64.07
9 16 94.34
9 17 62.032
9 18 42.942
9 19 107.187
9 20 53.141
9 21 75.313
9 22 4.0
9 23 17.263
9 24 28.46
9 25 77.897
9 26 8.062
9 27 51.352
9 28 51.108
9 29 55.009
9 30 27.295
9 31 83.726
9 32 23.409
9 33 111.826
9 34 17.117
9 35 66.37
9 36 66.91
9 37 36.0
9 38 112.33
9 39 51.624
9 40 81.025
9 41 29.206
9 42 24.698
9 43 38.588
9 44 88.752
9 45 47.011
9 46 85.755
9 47 53.712
9 48 46.4
9 49 53.852
9 50 73.376
9 51 46.573
9 52 27.731
9 53 95.603
9 54 42.012
9 55 38.053
9 56 83.546
9 57 28.178
9 58 84.172
9 59 92.136
9 60 42.19
9 61 38.328
9 62 102.533
9 63 78.006
9 64 98.372
9 65 51.624
9 66 19.416
9 67 75.591
9 68 75.928
9 69 39.623
9 70 58.412
9 71 82.928
9 72 5.831
9 73 78.006
9 74 57.559
9 75 83.815
9 76 33.838
9 77 33.956
9 78 89.889
9 79 89.185
9 80 102.45
9 81 89.202
9 82 1.414
9 83 74.303
9 84 16.971
9 85 51.662
9 86 58.138
9 87 35.355
9 88 10.0
9 89 92.087
9 90 48.104
9 91 89.022
9 92 69.051
9 93 33.838
9 94 23.77
9 95 59.615
9 96 2.236
9 97 51.088
9 98 85.907
9 99 103.247
9 100 53.935
10 98 60 17
10 11 98.762
10 12 41.437
10 13 53.935
10 14 67.543
10 15 29.0
10 16 49.82
10 17 56.089
10 18 94.921
10 19 39.357
10 20 91.269
10 21 88.645
10 22 90.211
10 23 104.957
10 24 66.483
10 25 36.688
10 26 87.115
10 27 67.268
10 28 42.45
10 29 48.662
10 30 82.638
10 31 87.932
10 32 73.824
10 33 31.257
10 34 81.345
10 35 39.0
10 36 62.65
10 37 67.956
10 38 37.363
10 39 45.486
10 40 27.514
10 41 97.144
10 42 69.971
10 43 58.181
10 44 8.062
10 45 52.498
10 46 32.249
10 47 48.052
10 48 49.244
10 49 59.211
10 50 52.631
10 51 53.0
10 52 65.795
10 53 24.207
10 54 64.008
10 55 77.369
10 56 62.241
10 57 65.115
10 58 15.524
10 59 76.479
10 60 55.154
10 61 80.281
10 62 16.031
10 63 14.866
10 64 57.489
10 65 54.745
10 66 93.472
10 67 39.294
10 68 17.0
10 69 82.0
10 70 34.205
10 71 11.705
10 72 87.201
10 73 14.866
10 74 65.0
10 75 53.226
10 76 61.62
10 77 63.253
10 78 49.092
10 79 53.852
10 80 24.698
10 81 74.25
10 82 92.455
10 83 37.855
10 84 75.802
10 85 42.485
10 86 47.265
10 87 58.0
10 88 92.962
10 89 84.581
10 90 57.271
10 91 57.801
10 92 61.984
10 93 96.462
10 94 70.036
10 95 96.021
10 96 90.427
10 97 70.257
10 98 42.544
10 99 36.359
10 100 51.078
11 3 33 12
11 12 81.884
11 13 88.888
11 14 34.059
11 15 75.24
11 16 80.623
11 17 88.544
11 18 8.246
11 19 98.858
11 20 20.396
11 21 44.721
11 22 34.059
11 23 27.459
11 24 53.31
11 25 71.021
11 26 43.139
11 27 35.0
11 28 66.121
11 29 50.695
11 30 18.248
11 31 54.129
11 32 31.048
11 33 107.912
11 34 50.448
11 35 62.169
11 36 48.836
11 37 65.299
11 38 105.802
11 39 70.859
11 40 77.827
11 41 8.062
11 42 36.139
11 43 42.107
11 44 97.862
11 45 46.325
11 46 79.612
11 47 50.922
11 48 50.488
11 49 42.19
11 50 59.464
11 51 69.376
11 52 50.329
11 53 92.282
11 54 70.264
11 55 21.541
11 56 64.405
11 57 49.98
11 58 85.796
11 59 67.624
11 60 44.407
11 61 18.788
11 62 103.368
11 63 86.493
11 64 81.835
11 65 44.777
11 66 17.804
11 67 67.956
11 68 82.225
11 69 17.493
11 70 68.264
11 71 92.396
11 72 35.355
11 73 86.493
11 74 40.361
11 75 68.622
11 76 57.245
11 77 59.237
11 78 76.368
11 79 73.661
11 80 99.479
11 81 65.307
11 82 38.601
11 83 67.742
11 84 38.471
11 85 57.559
11 86 52.802
11 87 54.571
11 88 27.203
11 89 64.56
11 90 41.785
11 91 71.84
11 92 50.99
11 93 3.606
11 94 48.754
11 95 25.02
11 96 37.643
11 97 32.65
11 98 75.286
11 99 95.603
11 100 77.621
12 84 21 13
12 13 14.56
12 14 48.052
12 15 18.974
12 16 74.33
12 17 16.279
12 18 81.492
12 19 74.108
12 20 83.385
12 21 92.005
12 22 60.638
12 23 77.466
12 24 33.242
12 25 54.231
12 26 54.424
12 27 62.434
12 28 17.0
12 29 46.011
12 30 63.64
12 31 95.525
12 32 51.157
12 33 70.711
12 34 46.519
12 35 46.325
12 36 67.882
12 37 29.206
12 38 75.107
12 39 11.045
12 40 49.477
12 41 77.162
12 42 46.098
12 43 41.785
12 44 34.438
12 45 42.72
12 46 56.754
12 47 43.932
12 48 36.359
12 49 56.4
12 50 63.82
12 51 15.232
12 52 34.525
12 53 58.009
12 54 24.042
12 55 64.195
12 56 77.104
12 57 34.366
12 58 43.012
12 59 91.608
12 60 41.146
12 61 67.052
12 62 56.515
12 63 28.284
12 64 81.707
12 65 50.0
12 66 70.029
12 67 54.562
12 68 31.016
12 69 69.26
12 70 22.204
12 71 29.732
12 72 57.489
12 73 28.284
12 74 64.203
12 75 70.711
12 76 27.893
12 77 27.857
12 78 71.309
12 79 74.25
12 80 62.201
12 81 88.6
12 82 61.033
12 83 52.326
12 84 47.381
12 85 31.241
12 86 47.381
12 87 28.018
12 88 65.765
12 89 97.185
12 90 49.93
12 91 76.942
12 92 68.622
12 93 78.638
12 94 38.079
12 95 89.961
12 96 59.481
12 97 65.0
12 98 64.257
12 99 70.178
12 100 10.0
13 88 7 10
13 14 56.365
13 15 33.526
13 16 88.865
13 17 2.236
13 18 89.694
13 19 88.363
13 20 93.15
13 21 104.062
13 22 63.0
13 23 80.006
13 24 36.346
13 25 68.71
13 26 55.227
13 27 73.878
13 28 29.069
13 29 58.898
13 30 70.838
13 31 108.245
13 32 57.871
13 33 84.214
13 34 46.39
13 35 60.415
13 36 80.92
13 37 27.295
13 38 89.0
13 39 21.213
13 40 64.031
13 41 83.199
13 42 52.811
13 43 51.865
13 44 46.325
13 45 54.489
13 46 71.309
13 47 56.727
13 48 48.104
13 49 68.593
13 50 77.698
13 51 19.698
13 52 38.833
13 53 72.173
13 54 21.213
13 55 73.355
13 56 91.066
13 57 39.051
13 58 57.219
13 59 105.394
13 60 52.01
13 61 76.026
13 62 69.584
13 63 42.0
13 64 96.208
13 65 62.225
13 66 74.967
13 67 68.942
13 68 45.277
13 69 78.262
13 70 36.235
13 71 42.426
13 72 60.008
13 73 42.0
13 74 76.381
13 75 84.971
13 76 31.78
13 77 30.265
13 78 85.796
13 79 88.64
13 80 76.007
13 81 102.343
13 82 62.201
13 83 66.708
13 84 51.624
13 85 44.045
13 86 60.605
13 87 34.54
13 88 69.116
13 89 110.603
13 90 61.62
13 91 91.236
13 92 81.835
13 93 85.44
13 94 41.304
13 95 99.985
13 96 61.074
13 97 76.217
13 98 78.772
13 99 84.481
13 100 11.662
14 37 31 8
14 15 41.773
14 16 63.906
14 17 56.356
14 18 33.526
14 19 77.104
14 20 37.202
14 21 52.839
14 22 26.833
14 23 38.288
14 24 24.207
14 25 47.707
14 26 29.275
14 27 23.77
14 28 32.062
14 29 24.698
14 30 16.031
14 31 59.615
14 32 7.211
14 33 82.759
14 34 30.414
14 35 36.401
14 36 38.013
14 37 36.878
14 38 82.62
14 39 37.108
14 40 51.662
14 41 30.414
14 42 7.071
14 43 9.434
14 44 65.46
14 45 17.029
14 46 55.803
14 47 23.601
14 48 18.358
14 49 24.083
14 50 43.174
14 51 36.674
14 52 20.616
14 53 66.483
14 54 40.361
14 55 17.205
14 56 54.148
14 57 19.849
14 58 56.613
14 59 64.382
14 60 12.806
14 61 19.723
14 62 75.0
14 63 54.083
14 64 68.154
14 65 21.19
14 66 25.942
14 67 45.277
14 68 50.567
14 69 21.954
14 70 34.928
14 71 59.775
14 72 24.698
14 73 54.083
14 74 29.275
14 75 53.6
14 76 26.249
14 77 29.0
14 78 59.464
14 79 58.941
14 80 73.539
14 81 61.294
14 82 31.016
14 83 44.102
14 84 16.0
14 85 25.08
14 86 27.785
14 87 21.954
14 88 26.907
14 89 65.97
14 90 17.72
14 91 59.034
14 92 40.0
14 93 31.0
14 94 21.471
14 95 44.204
14 96 28.792
14 97 24.698
14 98 55.462
14 99 73.239
14 100 44.777
15 78 39 13
15 16 55.362
15 17 35.171
15 18 73.027
15 19 56.036
15 20 72.367
15 21 77.026
15 22 61.911
15 23 77.389
15 24 37.483
15 25 35.341
15 26 58.258
15 27 49.336
15 28 13.454
15 29 30.871
15 30 57.706
15 31 79.404
15 32 47.127
15 33 54.406
15 34 52.345
15 35 28.32
15 36 51.614
15 37 39.812
15 38 57.871
15 39 17.72
15 40 30.594
15 41 72.18
15 42 42.72
15 43 33.136
15 44 24.698
15 45 30.414
15 46 37.855
15 47 29.155
15 48 25.02
15 49 42.154
15 50 46.011
15 51 25.298
15 52 36.878
15 53 40.311
15 54 36.688
15 55 55.036
15 56 59.034
15 57 36.235
15 58 25.495
15 59 73.756
15 60 31.0
15 61 58.034
15 62 41.593
15 63 14.142
15 64 62.769
15 65 36.056
15 66 67.052
15 67 35.847
15 68 13.928
15 69 60.075
15 70 7.0
15 71 18.868
15 72 58.83
15 73 14.142
15 74 49.659
15 75 52.154
15 76 32.65
15 77 34.409
15 78 52.393
15 79 55.471
15 80 45.354
15 81 70.838
15 82 63.82
15 83 33.615
15 84 47.508
15 85 18.111
15 86 31.385
15 87 29.069
15 88 65.307
15 89 79.906
15 90 37.108
15 91 58.31
15 92 52.01
15 93 72.443
15 94 41.11
15 95 78.339
15 96 61.855
15 97 52.202
15 98 45.31
15 99 52.01
15 100 26.0
16 59 91 17
16 17 90.443
16 18 73.593
16 19 21.378
16 20 64.405
16 21 50.0
16 22 90.62
16 23 99.126
16 24 79.31
16 25 20.396
16 26 92.72
16 27 46.4
16 28 62.801
16 29 40.025
16 30 71.868
16 31 45.277
16 32 70.937
16 33 35.0
16 34 91.591
16 35 31.0
16 36 31.828
16 37 88.023
16 38 29.428
16 39 70.406
16 40 25.554
16 41 83.241
16 42 70.214
16 43 56.754
16 44 55.866
16 45 48.27
16 46 18.601
16 47 41.773
16 48 51.352
16 49 41.183
16 50 21.633
16 51 76.792
16 52 76.531
16 53 26.833
16 54 87.367
16 55 61.612
16 56 18.974
16 57 75.538
16 58 36.125
16 59 29.275
16 60 53.367
16 61 63.411
16 62 40.853
16 63 51.039
16 64 7.81
16 65 42.72
16 66 84.906
16 67 21.024
16 68 45.793
16 69 63.891
16 70 53.367
16 71 54.672
16 72 88.6
16 73 51.039
16 74 40.46
16 75 12.042
16 76 77.026
16 77 80.006
16 78 4.472
16 79 7.616
16 80 31.048
16 81 28.018
16 82 94.921
16 83 23.087
16 84 79.12
16 85 50.01
16 86 36.878
16 87 71.063
16 88 89.443
16 89 38.21
16 90 46.239
16 91 11.18
16 92 29.732
16 93 80.056
16 94 79.906
16 95 65.863
16 96 92.698
16 97 48.27
16 98 10.198
16 99 20.0
16 100 80.281
17 87 5 14
17 18 89.554
17 19 90.272
17 20 93.295
17 21 104.69
17 22 62.032
17 23 79.006
17 24 35.693
17 25 70.228
17 26 54.083
17 27 74.411
17 28 30.0
17 29 59.816
17 30 70.576
17 31 109.041
17 32 57.585
17 33 86.284
17 34 45.177
17 35 61.717
17 36 81.835
17 37 26.077
17 38 91.005
17 39 22.023
17 40 65.734
17 41 82.71
17 42 52.555
17 43 52.202
17 44 48.508
17 45 55.154
17 46 73.007
17 47 57.628
17 48 48.795
17 49 69.311
17 50 78.892
17 51 19.723
17 52 38.328
17 53 74.108
17 54 20.025
17 55 73.43
17 56 92.282
17 57 38.601
17 58 59.135
17 59 106.532
17 60 52.498
17 61 76.059
17 62 71.701
17 63 44.011
17 64 97.739
17 65 62.968
17 66 74.33
17 67 70.385
17 68 47.17
17 69 78.294
17 70 37.577
17 71 44.553
17 72 59.076
17 73 44.011
17 74 77.078
17 75 86.331
17 76 31.321
17 77 29.614
17 78 87.316
17 79 90.078
17 80 78.026
17 81 103.465
17 82 61.074
17 83 68.154
17 84 50.99
17 85 45.0
17 86 61.612
17 87 34.438
17 88 68.264
17 89 111.606
17 90 62.241
17 91 92.612
17 92 82.801
17 93 85.071
17 94 40.608
17 95 100.17
17 96 60.008
17 97 76.694
17 98 80.324
17 99 86.371
17 100 12.042
18 5 41 19
18 19 92.418
18 20 12.166
18 21 36.497
18 22 39.446
18 23 35.128
18 24 55.227
18 25 65.299
18 26 48.01
18 27 29.069
18 28 65.115
18 29 46.325
18 30 19.416
18 31 45.891
18 32 32.249
18 33 102.083
18 34 54.489
18 35 57.245
18 36 41.773
18 37 67.676
18 38 99.569
18 39 70.605
18 40 72.615
18 41 15.133
18 42 37.121
18 43 40.311
18 44 94.641
18 45 43.105
18 46 73.824
18 47 46.872
18 48 48.01
18 49 36.77
18 50 52.802
18 51 70.007
18 52 51.971
18 53 86.764
18 54 72.201
18 55 18.0
18 56 56.851
18 57 51.478
18 58 81.32
18 59 59.506
18 60 42.048
18 61 15.0
18 62 98.433
18 63 83.385
18 64 74.411
18 65 40.262
18 66 23.77
18 67 62.177
18 68 78.772
18 69 13.038
18 70 66.03
18 71 89.359
18 72 40.224
18 73 83.385
18 74 33.838
18 75 61.555
18 76 58.592
18 77 60.902
18 78 69.426
18 79 66.468
18 80 93.915
18 81 57.245
18 82 44.294
18 83 62.169
18 84 41.231
18 85 55.0
18 86 48.083
18 87 55.154
18 88 33.106
18 89 56.321
18 90 37.656
18 91 64.444
18 92 43.863
18 93 10.05
18 94 51.039
18 95 17.263
18 96 43.046
18 97 26.42
18 98 68.819
18 99 89.308
18 100 78.186
19 80 95 2
19 20 84.22
19 21 71.309
19 22 103.774
19 23 114.477
19 24 87.596
19 25 29.411
19 26 104.202
19 27 63.891
19 28 66.91
19 29 52.431
19 30 87.784
19 31 66.611
19 32 84.315
19 33 14.56
19 34 101.39
19 35 40.817
19 36 51.108
19 37 93.941
19 38 8.062
19 39 73.335
19 40 27.203
19 41 100.449
19 42 82.492
19 43 68.6
19 44 47.011
19 45 60.208
19 46 21.471
19 47 53.535
19 48 61.27
19 49 57.28
19 50 39.661
19 51 80.623
19 52 85.44
19 53 16.279
19 54 91.924
19 55 78.518
19 56 40.262
19 57 84.504
19 58 31.145
19 59 50.0
19 60 65.0
19 61 80.722
19 62 25.495
19 63 46.69
19 64 26.077
19 65 56.851
19 66 100.658
19 67 32.016
19 68 43.105
19 69 81.566
19 70 56.719
19 71 48.083
19 72 101.356
19 73 46.69
19 74 58.6
19 75 32.311
19 76 84.202
19 77 86.833
19 78 24.352
19 79 28.862
19 80 15.0
19 81 49.092
19 82 107.541
19 83 33.015
19 84 90.824
19 85 57.585
19 86 49.406
19 87 78.746
19 88 103.812
19 89 59.0
19 90 60.44
19 91 32.558
19 92 49.244
19 93 97.837
19 94 89.32
19 95 86.331
19 96 105.309
19 97 66.219
19 98 23.601
19 99 4.123
19 100 82.024
20 7 53 1
20 21 24.331
20 22 49.396
20 23 47.011
20 24 60.877
20 25 58.822
20 26 57.245
20 27 24.021
20 28 66.483
20 29 43.012
20 30 26.926
20 31 33.734
20 32 38.21
20 33 94.937
20 34 62.682
20 35 52.469
20 36 33.121
20 37 73.593
20 38 91.706
20 39 72.918
20 40 66.94
20 41 27.0
20 42 42.45
20 43 41.629
20 44 92.005
20 45 41.976
20 46 67.067
20 47 44.102
20 48 47.802
20 49 32.062
20 50 44.721
20 51 73.573
20 52 57.385
20 53 80.324
20 54 77.466
20 55 20.0
20 56 46.69
20 57 56.727
20 58 76.792
20 59 47.885
20 60 42.379
20 61 17.692
20 62 92.892
20 63 81.099
20 64 64.382
20 65 37.054
20 66 34.713
20 67 55.66
20 68 76.007
20 69 15.556
20 70 65.513
20 71 87.092
20 72 49.659
20 73 81.099
20 74 26.926
20 75 52.431
20 76 63.411
20 77 66.068
20 78 60.465
20 79 57.009
20 80 87.316
20 81 45.793
20 82 54.424
20 83 56.045
20 84 48.415
20 85 54.342
20 86 44.045
20 87 59.076
20 88 43.681
20 89 44.272
20 90 35.355
20 91 54.562
20 92 34.986
20 93 22.023
20 94 57.28
20 95 7.071
20 96 52.924
20 97 21.024
20 98 60.828
20 99 81.413
20 100 81.492
21 11 77 5
21 22 71.386
21 23 71.063
21 24 76.851
21 25 52.345
21 26 78.16
21 27 30.48
21 28 75.286
21 29 46.325
21 30 48.052
21 31 9.487
21 32 56.462
21 33 84.172
21 34 82.079
21 35 50.922
21 36 26.249
21 37 89.308
21 38 79.31
21 39 82.879
21 40 61.522
21 41 51.157
21 42 59.481
21 43 53.263
21 44 91.482
21 45 49.578
21 46 59.008
21 47 48.26
21 48 55.973
21 49 35.609
21 50 36.222
21 51 85.586
21 52 73.246
21 53 72.028
21 54 92.005
21 55 37.947
21 56 31.048
21 57 72.402
21 58 73.164
21 59 26.173
21 60 52.345
21 61 37.108
21 62 86.006
21 63 81.933
21 64 47.424
21 65 42.012
21 66 58.078
21 67 49.497
21 68 76.217
21 69 35.693
21 70 71.021
21 71 87.596
21 72 71.063
21 73 81.933
21 74 27.803
21 75 39.459
21 76 78.006
21 77 81.025
21 78 47.074
21 79 42.45
21 80 78.23
21 81 25.0
21 82 76.485
21 83 50.804
21 84 67.231
21 85 60.803
21 86 45.651
21 87 72.622
21 88 66.483
21 89 20.591
21 90 42.45
21 91 38.897
21 92 26.683
21 93 46.271
21 94 74.303
21 95 21.024
21 96 74.733
21 97 28.601
21 98 50.16
21 99 69.426
21 100 92.655
22 25 7 8
22 23 17.029
22 24 27.459
22 25 74.431
22 26 9.434
22 27 47.381
22 28 49.193
22 29 51.478
22 30 23.345
22 31 79.762
22 32 19.698
22 33 108.706
22 34 18.028
22 35 62.968
22 36 62.968
22 37 36.222
22 38 109.041
22 39 50.289
22 40 77.801
22 41 26.173
22 42 21.401
22 43 35.228
22 44 86.608
22 45 43.566
22 46 82.377
22 47 50.249
22 48 43.278
22 49 50.0
22 50 69.57
22 51 45.706
22 52 26.249
22 53 92.455
22 54 42.107
22 55 34.059
22 56 79.624
22 57 26.571
22 58 81.32
22 59 88.142
22 60 38.833
22 61 34.366
22 62 99.725
22 63 75.717
22 64 94.557
22 65 47.927
22 66 16.279
22 67 72.069
22 68 73.41
22 69 35.693
22 70 56.036
22 71 80.777
22 72 3.162
22 73 75.717
22 74 53.6
22 75 80.006
22 76 32.757
22 77 33.242
22 78 86.163
22 79 85.381
22 80 99.358
22 81 85.212
22 82 5.099
22 83 70.831
22 84 14.422
22 85 48.795
22 86 54.589
22 87 33.615
22 88 7.211
22 89 88.091
22 90 44.385
22 91 85.165
22 92 65.115
22 93 30.61
22 94 22.561
22 95 55.946
22 96 3.606
22 97 47.096
22 98 82.292
22 99 99.86
22 100 53.339
23 8 6 12
23 24 44.407
23 25 85.147
23 26 25.318
23 27 53.226
23 28 65.192
23 29 62.29
23 30 27.295
23 31 80.225
23 32 31.401
23 33 120.917
23 34 34.366
23 35 74.277
23 36 68.942
23 37 53.085
23 38 120.416
23 39 66.94
23 40 89.805
23 41 20.025
23 42 34.986
23 43 47.634
23 44 101.966
23 45 55.172
23 46 93.509
23 47 61.522
23 48 56.4
23 49 57.983
23 50 77.524
23 51 62.65
23 52 42.953
23 53 104.661
23 54 59.034
23 55 38.079
23 56 85.615
23 57 43.174
23 58 94.81
23 59 91.679
23 60 51.088
23 61 37.0
23 62 113.23
23 63 90.824
23 64 101.966
23 65 57.628
23 66 14.318
23 67 82.462
23 68 87.983
23 69 37.363
23 70 71.12
23 71 96.151
23 72 20.1
23 73 90.824
23 74 59.506
23 75 87.71
23 76 49.649
23 77 50.249
23 78 94.668
23 79 93.059
23 80 111.759
23 81 89.022
23 82 18.439
23 83 81.566
23 84 30.364
23 85 62.682
23 86 65.192
23 87 50.0
23 88 12.083
23 89 89.944
23 90 54.037
23 91 92.136
23 92 71.176
23 93 25.08
23 94 39.459
23 95 52.345
23 96 19.105
23 97 52.0
23 98 91.837
23 99 110.752
23 100 70.349
24 52 12 19
24 25 60.017
24 26 21.471
24 27 46.957
24 28 24.042
24 29 40.05
24 30 35.847
24 31 83.187
24 32 23.022
24 33 89.471
24 34 14.866
24 35 48.508
24 36 59.203
24 37 12.728
24 38 91.389
24 39 23.259
24 40 60.407
24 41 47.127
24 42 18.439
24 43 25.0
24 44 61.717
24 45 32.249
24 46 66.483
24 47 38.013
24 48 28.018
24 49 44.922
24 50 61.205
24 51 18.248
24 52 3.606
24 53 73.824
24 54 17.0
24 55 41.012
24 56 73.824
24 57 4.472
24 58 60.539
24 59 85.866
24 60 27.459
24 61 43.186
24 62 78.237
24 63 51.624
24 64 85.024
24 65 39.812
24 66 38.639
24 67 58.549
24 68 50.606
24 69 45.343
24 70 33.015
24 71 55.973
24 72 24.331
24 73 51.624
24 74 51.624
24 75 71.028
24 76 5.385
24 77 6.083
24 78 75.166
24 79 76.0
24 80 80.062
24 81 82.71
24 82 27.857
24 83 56.719
24 84 15.297
24 85 30.083
24 86 43.012
24 87 8.944
24 88 33.015
24 89 88.6
24 90 37.363
24 91 77.104
24 92 60.877
24 93 49.769
24 94 5.0
24 95 67.941
24 96 26.249
24 97 48.374
24 98 69.584
24 99 83.487
24 100 26.019
25 63 71 15
25 26 75.24
25 27 36.235
25 28 42.426
25 29 23.022
25 30 58.694
25 31 51.245
25 32 54.918
25 33 36.892
25 34 73.082
25 35 11.705
25 36 27.074
25 37 68.029
25 38 35.355
25 39 50.01
25 40 9.22
25 41 71.84
25 42 53.235
25 43 39.357
25 44 40.706
25 45 30.887
25 46 8.602
25 47 24.187
25 48 32.573
25 49 28.844
25 50 16.125
25 51 56.436
25 52 57.489
25 53 21.541
25 54 67.119
25 55 50.0
25 56 26.077
25 57 56.515
25 58 21.19
25 59 40.804
25 60 35.777
25 61 52.431
25 62 34.366
25 63 33.302
25 64 27.514
25 65 27.586
25 66 71.449
25 67 3.162
25 68 27.586
25 69 53.535
25 70 32.985
25 71 38.013
25 72 72.069
25 73 33.302
25 74 31.953
25 75 17.692
25 76 57.315
25 77 60.208
25 78 17.088
25 79 20.248
25 80 28.636
25 81 38.275
25 82 78.294
25 83 3.606
25 84 61.741
25 85 30.15
25 86 20.0
25 87 51.478
25 88 74.404
25 89 48.374
25 90 31.145
25 91 23.431
25 92 26.0
25 93 69.635
25 94 61.131
25 95 62.37
25 96 76.059
25 97 38.91
25 98 10.198
25 99 25.612
25 100 59.908
26 33 2 15
26 27 52.038
26 28 45.0
26 29 52.811
26 30 30.463
26 31 86.122
26 32 23.0
26 33 107.898
26 34 9.055
26 35 63.561
26 36 67.067
26 37 28.018
26 38 108.908
26 39 44.721
26 40 77.524
26 41 35.384
26 42 22.561
26 43 36.056
26 44 82.801
26 45 44.598
26 46 82.735
26 47 51.264
26 48 42.942
26 49 53.339
26 50 72.367
26 51 39.217
26 52 21.401
26 53 91.81
26 54 34.059
26 55 40.262
26 56 83.385
26 57 22.023
26 58 79.649
26 59 93.048
26 60 39.56
26 61 41.11
26 62 97.837
26 63 72.346
26 64 97.293
26 65 50.22
26 66 25.495
26 67 73.164
26 68 70.711
26 69 42.72
26 70 53.038
26 71 77.006
26 72 7.81
26 73 72.346
26 74 58.0
26 75 82.765
26 76 26.833
26 77 26.571
26 78 88.323
26 79 88.074
26 80 98.473
26 81 90.022
26 82 7.0
26 83 71.694
26 84 13.601
26 85 47.434
26 86 55.973
26 87 29.206
26 88 16.643
26 89 93.771
26 90 46.872
26 91 88.284
26 92 69.116
26 93 39.623
26 94 17.205
26 95 64.008
26 96 6.325
26 97 52.24
26 98 83.815
26 99 100.185
26 100 46.325
27 31 54 18
27 28 45.486
27 29 19.105
27 30 26.0
27 31 36.235
27 32 29.069
27 33 73.062
27 34 54.129
27 35 28.636
27 36 15.811
27 37 59.169
27 38 70.803
27 39 52.802
27 40 43.658
27 41 36.878
27 42 30.806
27 43 22.804
27 44 68.029
27 45 19.723
27 46 44.777
27 47 20.396
27 48 26.077
27 49 8.062
27 50 24.839
27 51 55.154
27 52 43.382
27 53 57.697
27 54 61.612
27 55 15.264
27 56 32.573
27 57 42.485
27 58 52.953
27 59 41.012
27 60 21.932
27 61 17.029
27 62 69.57
27 63 57.219
27 64 48.765
27 65 13.342
27 66 38.91
27 67 33.121
27 68 52.038
27 69 17.692
27 70 42.72
27 71 63.198
27 72 46.098
27 73 57.219
27 74 6.325
27 75 34.67
27 76 47.707
27 77 50.774
27 78 42.012
27 79 39.962
27 80 64.846
27 81 38.0
27 82 52.24
27 83 33.106
27 84 39.459
27 85 31.78
27 86 20.025
27 87 42.202
27 88 44.643
27 89 42.202
27 90 12.53
27 91 38.91
27 92 18.028
27 93 33.971
27 94 44.944
27 95 29.275
27 96 50.16
27 97 3.0
27 98 40.361
27 99 60.605
27 100 62.37
28 69 29 3
28 29 29.833
28 30 48.01
28 31 79.209
28 32 36.222
28 33 66.851
28 34 38.897
28 35 32.573
28 36 51.856
28 37 27.203
28 38 69.642
28 39 8.062
28 40 40.112
28 41 62.073
28 42 31.401
28 43 25.0
28 44 37.802
28 45 25.807
28 46 47.011
28 47 27.659
28 48 19.416
28 49 39.699
28 50 49.193
28 51 14.036
28 52 23.601
28 53 51.923
28 54 25.08
28 55 47.539
28 56 62.61
28 57 23.022
28 58 37.696
28 59 76.662
28 60 24.166
28 61 50.448
28 62 54.708
28 63 27.586
28 64 69.635
28 65 33.302
28 66 55.902
28 67 41.976
28 68 26.926
28 69 52.631
28 70 10.198
28 71 32.016
28 72 46.065
28 73 27.586
28 74 47.508
28 75 57.245
28 76 19.209
28 77 21.095
28 78 59.228
28 79 61.4
28 80 57.585
28 81 73.573
28 82 50.774
28 83 39.812
28 84 34.928
28 85 15.0
28 86 31.623
28 87 15.811
28 88 53.141
28 89 81.609
28 90 33.015
28 91 63.569
28 92 52.802
28 93 63.032
28 94 27.803
28 95 73.007
28 96 48.877
28 97 48.021
28 98 52.612
28 99 62.801
28 100 18.358
29 50 52 1
29 30 36.401
29 31 49.518
29 32 31.906
29 33 58.796
29 34 51.624
29 35 12.042
29 36 22.023
29 37 50.22
29 38 58.138
29 39 37.802
29 40 27.803
29 41 50.249
29 42 30.463
29 43 16.763
29 44 49.0
29 45 8.246
29 46 31.241
29 47 2.236
29 48 12.369
29 49 11.402
29 50 21.213
29 51 42.059
29 52 37.0
29 53 42.638
29 54 50.922
29 55 29.155
29 56 34.205
29 57 36.0
29 58 35.114
29 59 47.424
29 60 13.342
29 61 31.953
29 62 52.773
29 63 38.118
29 64 45.177
29 65 6.083
29 66 48.836
29 67 20.591
29 68 33.0
29 69 33.526
29 70 24.698
29 71 44.102
29 72 49.193
29 73 38.118
29 74 18.788
29 75 31.0
29 76 38.639
29 77 41.773
29 78 35.693
29 79 36.056
29 80 49.82
29 81 44.283
29 82 55.462
29 83 19.416
29 84 39.217
29 85 14.866
29 86 3.162
29 87 32.558
29 88 51.4
29 89 51.865
29 90 8.944
29 91 37.054
29 92 23.022
29 93 48.754
29 94 40.112
29 95 48.374
29 96 53.226
29 97 22.091
29 98 31.016
29 99 48.6
29 100 48.01
30 21 30 12
30 31 56.436
30 32 13.0
30 33 95.131
30 34 35.805
30 35 48.415
30 36 41.785
30 37 48.26
30 38 94.048
30 39 52.612
30 40 64.203
30 41 14.56
30 42 18.028
30 43 24.739
30 44 81.043
30 45 30.414
30 46 67.209
30 47 36.056
30 48 33.526
30 49 30.806
30 50 50.249
30 51 51.245
30 52 32.65
30 53 79.025
30 54 52.839
30 55 11.18
30 56 58.523
30 57 32.202
30 58 70.711
30 59 65.62
30 60 27.514
30 61 11.045
30 62 88.837
30 63 69.642
30 64 74.686
30 65 31.145
30 66 13.038
30 67 55.866
30 68 65.788
30 69 12.369
30 70 50.804
30 71 75.432
30 72 23.087
30 73 69.642
30 74 32.311
30 75 60.415
30 76 39.395
30 77 41.593
30 78 67.417
30 79 65.765
30 80 86.215
30 81 62.801
30 82 28.443
30 83 55.172
30 84 21.932
30 85 40.522
30 86 39.051
30 87 36.401
30 88 19.105
30 89 65.0
30 90 27.659
30 91 64.885
30 92 44.011
30 93 15.033
30 94 31.623
30 95 33.838
30 96 26.683
30 97 25.0
30 98 64.815
30 99 84.172
30 100 59.481
31 14 86 9
31 32 63.891
31 33 80.156
31 34 89.493
31 35 51.971
31 36 27.803
31 37 95.383
31 38 74.673
31 39 87.046
31 40 60.44
31 41 60.407
31 42 66.483
31 43 58.83
31 44 91.548
31 45 54.037
31 46 56.886
31 47 51.624
31 48 60.308
31 49 39.825
31 50 35.468
31 51 90.427
31 52 79.605
31 53 69.354
31 54 97.637
31 55 45.891
31 56 27.019
31 57 78.715
31 58 72.422
31 59 18.358
31 60 57.428
31 61 45.398
31 62 83.6
31 63 82.735
31 64 41.485
31 65 46.098
31 66 67.0
31 67 48.703
31 68 76.922
31 69 44.181
31 70 73.878
31 71 88.142
31 72 79.246
31 73 82.735
31 74 32.202
31 75 36.125
31 76 83.863
31 77 86.954
31 78 43.012
31 79 38.053
31 80 75.06
31 81 18.028
31 82 84.853
31 83 50.329
31 84 74.632
31 85 64.351
31 86 48.27
31 87 78.23
31 88 75.166
31 89 11.402
31 90 47.202
31 91 34.132
31 92 27.459
31 93 55.579
31 94 81.025
31 95 30.463
31 96 83.024
31 97 34.928
31 98 47.265
31 99 65.192
31 100 97.082
32 33 25 6
32 33 89.872
32 34 25.632
32 35 43.6
32 36 44.102
32 37 35.609
32 38 89.811
32 39 40.112
32 40 58.796
32 41 26.019
32 42 5.099
32 43 16.279
32 44 71.309
32 45 24.207
32 46 63.008
32 47 30.806
32 48 25.0
32 49 30.594
32 50 50.0
32 51 38.328
32 52 19.723
32 53 73.593
32 54 39.962
32 55 18.868
32 56 60.531
32 57 19.235
32 58 63.411
32 59 70.064
32 60 19.799
32 61 20.616
32 62 81.835
32 63 60.008
32 64 75.0
32 65 28.231
32 66 19.925
32 67 52.479
32 68 56.824
32 69 22.672
32 70 40.497
32 71 65.552
32 72 17.72
32 73 60.008
32 74 35.0
32 75 60.44
32 76 26.401
32 77 28.653
32 78 66.483
32 79 65.803
32 80 80.623
32 81 67.03
32 82 24.042
32 83 51.313
32 84 10.77
32 85 31.385
32 86 34.986
32 87 23.537
32 88 19.799
32 89 71.021
32 90 24.698
32 91 65.734
32 92 46.174
32 93 27.659
32 94 19.105
32 95 45.277
32 96 21.84
32 97 29.428
32 98 62.61
32 99 80.449
32 100 46.573
33 94 91 2
33 34 103.942
33 35 46.755
33 36 62.032
33 37 93.984
33 38 7.81
33 39 72.125
33 40 31.113
33 41 108.6
33 42 87.321
33 43 73.661
33 44 39.319
33 45 65.765
33 46 28.302
33 47 59.414
33 48 65.437
33 49 65.734
33 50 50.329
33 51 79.699
33 52 87.818
33 53 16.279
33 54 91.093
33 55 86.839
33 56 53.339
33 57 86.954
33 58 29.155
33 59 64.125
33 60 70.093
33 61 89.308
33 62 15.297
33 63 42.426
33 64 40.447
33 65 64.031
33 66 107.629
33 67 39.962
33 68 40.522
33 69 90.427
33 70 56.859
33 71 42.0
33 72 106.042
33 73 42.426
33 74 68.425
33 75 44.721
33 76 85.428
33 77 87.727
33 78 37.216
33 79 42.107
33 80 9.434
33 81 63.008
33 82 112.004
33 83 40.224
33 84 95.0
33 85 60.465
33 86 56.08
33 87 80.529
33 88 109.659
33 89 73.11
33 90 67.476
33 91 46.043
33 92 60.407
33 93 106.508
33 94 91.924
33 95 97.739
33 96 109.809
33 97 75.664
33 98 34.482
33 99 15.0
33 100 79.624
34 42 1 18
34 35 61.4
34 36 68.264
34 37 19.105
34 38 105.551
34 39 37.443
34 40 74.324
34 41 43.012
34 42 23.345
34 43 35.128
34 44 76.485
34 45 43.417
34 46 80.056
34 47 49.82
34 48 40.522
34 49 54.083
34 50 72.173
34 51 31.305
34 52 16.125
34 53 88.119
34 54 25.179
34 55 44.283
34 56 84.006
34 57 17.0
34 58 75.166
34 59 94.763
34 60 38.328
34 61 45.651
34 62 93.005
34 63 66.483
34 64 96.747
34 65 50.04
34 66 33.287
34 67 71.309
34 68 65.437
34 69 47.508
34 70 47.802
34 71 70.767
34 72 15.652
34 73 66.483
34 74 59.682
34 75 82.389
34 76 19.849
34 77 18.868
34 78 87.298
34 79 87.573
34 80 94.515
34 81 91.662
34 82 16.031
34 83 69.642
34 84 14.866
34 85 43.863
34 86 54.745
34 87 23.601
34 88 25.08
34 89 96.317
34 90 47.0
34 91 88.204
34 92 70.178
34 93 46.861
34 94 12.083
34 95 69.635
34 96 15.297
34 97 54.818
34 98 82.225
34 99 97.309
34 100 37.947
35 59 60 12
35 36 24.698
35 37 57.035
35 38 46.228
35 39 40.497
35 40 15.811
35 41 62.129
35 42 41.677
35 43 27.785
35 44 40.792
35 45 19.416
35 46 19.416
35 47 12.806
35 48 20.881
35 49 20.616
35 50 17.692
35 51 46.325
35 52 45.891
35 53 30.61
35 54 56.569
35 55 40.706
35 56 30.806
35 57 44.911
35 58 24.331
35 59 45.453
35 60 24.187
35 61 43.382
35 62 41.231
35 63 31.016
35 64 37.336
35 65 17.493
35 66 60.877
35 67 10.05
35 68 25.298
35 69 44.777
35 70 24.187
35 71 36.688
35 72 60.539
35 73 31.016
35 74 26.0
35 75 24.698
35 76 46.043
35 77 49.01
35 78 27.074
35 79 28.862
35 80 37.802
35 81 42.521
35 82 66.731
35 83 8.246
35 84 50.09
35 85 19.026
35 86 9.434
35 87 40.112
35 88 63.253
35 89 51.662
35 90 20.809
35 91 31.016
35 92 24.597
35 93 60.415
35 94 49.477
35 95 57.035
35 96 64.498
35 97 31.575
35 98 21.095
35 99 36.892
35 100 50.695
36 36 69 19
36 37 70.576
36 38 58.592
36 39 59.816
36 40 36.0
36 41 51.865
36 42 45.044
36 43 34.205
36 44 65.253
36 45 27.731
36 46 34.713
36 47 24.207
36 48 33.615
36 49 14.318
36 50 11.705
36 51 63.812
36 52 55.785
36 53 48.052
36 54 72.014
36 55 30.871
36 56 16.763
36 57 54.818
36 58 47.265
36 59 26.683
36 60 31.953
36 61 32.249
36 62 61.4
36 63 55.714
36 64 33.287
36 65 19.698
36 66 54.626
36 67 24.021
36 68 49.98
36 69 32.45
36 70 46.098
36 71 61.351
36 72 61.522
36 73 55.714
36 74 9.487
36 75 19.799
36 76 58.873
36 77 62.032
36 78 27.659
36 79 24.839
36 80 54.818
36 81 23.537
36 82 67.742
36 83 25.02
36 84 54.009
36 85 36.878
36 86 20.518
36 87 52.924
36 88 60.44
36 89 30.017
36 90 21.84
36 91 23.324
36 92 2.236
36 93 48.415
36 94 58.052
36 95 35.735
36 96 65.62
36 97 17.0
36 98 27.731
36 99 48.301
36 100 70.0
37 61 3 14
37 38 96.84
37 39 22.472
37 40 66.91
37 41 58.694
37 42 31.145
37 43 36.674
37 44 62.008
37 45 43.012
37 46 73.553
37 47 48.052
37 48 37.855
37 49 56.462
37 50 71.386
37 51 15.0
37 52 16.279
37 53 79.12
37 54 6.083
37 55 53.74
37 56 84.404
37 57 17.029
37 58 64.846
37 59 97.082
37 60 38.626
37 61 55.902
37 62 81.394
37 63 53.339
37 64 94.26
37 65 50.922
37 66 49.649
37 67 67.007
37 68 53.712
37 69 58.052
37 70 37.363
37 71 56.613
37 72 33.377
37 73 53.339
37 74 63.506
37 75 80.753
37 76 11.705
37 77 8.544
37 78 84.095
37 79 85.475
37 80 84.758
37 81 93.92
37 82 35.014
37 83 65.0
37 84 26.833
37 85 38.013
37 86 52.953
37 87 17.72
37 88 42.755
37 89 100.319
37 90 48.847
37 91 86.977
37 92 72.111
37 93 61.717
37 94 16.643
37 95 80.66
37 96 34.015
37 97 60.745
37 98 78.0
37 99 89.822
37 100 19.723
38 88 96 15
38 39 75.505
38 40 31.385
38 41 107.056
38 42 87.658
38 43 73.817
38 44 45.354
38 45 65.605
38 46 26.907
38 47 59.034
38 48 66.038
38 49 63.891
38 50 47.011
38 51 82.976
38 52 89.471
38 53 17.72
38 54 94.366
38 55 85.147
38 56 48.27
38 57 88.566
38 58 32.388
38 59 58.009
38 60 70.214
38 61 87.459
38 62 21.932
38 63 47.0
38 64 34.015
38 65 62.936
38 66 106.794
38 67 38.21
38 68 44.283
38 69 88.408
38 70 59.481
38 71 47.381
38 72 106.508
38 73 47.0
38 74 65.734
38 75 40.162
38 76 87.664
38 77 90.139
38 78 32.28
38 79 36.878
38 80 13.038
38 81 57.14
38 82 112.606
38 83 38.897
38 84 95.718
38 85 61.717
38 86 55.227
38 87 82.462
38 88 109.481
38 89 67.007
38 90 66.483
38 91 40.608
38 92 56.798
38 93 104.637
38 94 93.472
38 95 94.021
38 96 110.386
38 97 73.239
38 98 30.887
38 99 10.296
38 100 83.6
39 73 22 9
39 40 47.011
39 41 66.121
39 42 35.057
39 43 31.305
39 44 39.699
39 45 33.302
39 46 54.083
39 47 35.609
39 48 26.907
39 49 47.381
39 50 57.245
39 51 7.616
39 52 24.042
39 53 57.871
39 54 18.974
39 55 53.488
39 56 70.661
39 57 23.77
39 58 43.174
39 59 84.723
39 60 31.064
39 61 56.303
39 62 59.093
39 63 30.887
39 64 77.369
39 65 41.012
39 66 59.076
39 67 49.729
39 68 31.623
39 69 58.523
39 70 17.117
39 71 34.205
39 72 47.127
39 73 30.887
39 74 55.172
39 75 65.192
39 76 17.889
39 77 18.601
39 78 66.94
39 79 69.26
39 80 63.063
39 81 81.633
39 82 51.078
39 83 47.539
39 84 36.674
39 85 23.022
39 86 39.661
39 87 17.117
39 88 55.109
39 89 89.627
39 90 40.46
39 91 71.512
39 92 60.803
39 93 67.602
39 94 27.857
39 95 79.605
39 96 49.396
39 97 55.218
39 98 60.208
39 99 69.26
39 100 10.296
40 72 69 12
40 41 77.936
40 42 56.4
40 43 42.638
40 44 31.906
40 45 34.655
40 46 7.28
40 47 28.32
40 48 34.67
40 49 35.847
40 50 25.318
40 51 54.037
40 52 58.31
40 53 14.866
40 54 65.192
40 55 56.436
40 56 34.886
40 57 57.385
40 58 12.083
40 59 49.396
40 60 39.051
40 61 59.059
40 62 25.962
40 63 25.612
40 64 33.287
40 65 33.287
40 66 76.577
40 67 12.042
40 68 20.248
40 69 60.374
40 70 30.017
40 71 29.732
40 72 75.213
40 73 25.612
40 74 40.025
40 75 26.077
40 76 57.009
40 77 59.666
40 78 23.431
40 79 27.586
40 80 22.023
40 81 47.011
40 82 81.271
40 83 11.045
40 84 64.351
40 85 30.463
40 86 25.239
40 87 51.546
40 88 78.568
40 89 57.245
40 90 36.62
40 91 31.241
40 92 35.057
40 93 76.158
40 94 62.241
40 95 70.859
40 96 79.057
40 97 46.487
40 98 16.279
40 99 23.087
40 100 56.321
41 7 26 2
41 42 31.064
41 43 39.294
41 44 95.603
41 45 44.777
41 46 80.43
41 47 50.12
41 48 48.083
41 49 43.186
41 50 61.717
41 51 63.953
41 52 44.385
41 53 92.655
41 54 63.906
41 55 21.932
41 56 68.096
41 57 44.147
41 58 84.971
41 59 72.732
41 60 42.059
41 61 19.849
41 62 102.956
41 63 84.202
41 64 85.147
41 65 44.654
41 66 9.899
41 67 68.884
41 68 80.324
41 69 19.416
41 70 65.307
41 71 89.989
41 72 27.659
41 73 84.202
41 74 42.802
41 75 71.4
41 76 51.42
41 77 53.16
41 78 78.873
41 79 76.609
41 80 99.865
41 81 70.228
41 82 30.61
41 83 68.411
41 84 31.953
41 85 55.082
41 86 52.697
41 87 49.366
41 88 19.209
41 89 70.406
41 90 41.34
41 91 75.166
41 92 54.083
41 93 5.099
41 94 42.379
41 95 32.388
41 96 29.732
41 97 35.0
41 98 77.078
41 99 97.0
41 100 72.18
42 38 24 2
42 43 13.892
42 44 67.119
42 45 22.361
42 46 61.057
42 47 29.069
42 48 21.932
42 49 31.016
42 50 49.82
42 51 33.242
42 52 15.0
42 53 71.063
42 54 35.228
42 55 22.672
42 56 61.074
42 57 14.422
42 58 60.208
42 59 71.449
42 60 17.493
42 61 24.759
42 62 78.645
42 63 55.902
42 64 74.733
42 65 27.659
42 66 24.515
42 67 50.99
42 68 53.0
42 69 26.907
42 70 36.249
42 71 61.327
42 72 18.868
42 73 55.902
42 74 36.346
42 75 60.208
42 76 21.471
42 77 23.854
42 78 65.803
42 79 65.513
42 80 77.987
42 81 68.359
42 82 25.06
42 83 49.649
42 84 9.055
42 85 27.803
42 86 33.615
42 87 18.439
42 88 23.022
42 89 73.007
42 90 24.331
42 91 65.765
42 92 47.011
42 93 32.757
42 94 15.0
42 95 49.518
42 96 22.825
42 97 31.623
42 98 61.465
42 99 78.549
42 100 41.485
43 45 36 6
43 44 56.321
43 45 8.544
43 46 47.17
43 47 15.232
43 48 8.944
43 49 19.925
43 50 37.054
43 51 32.65
43 52 21.587
43 53 57.385
43 54 38.833
43 55 22.561
43 56 49.163
43 57 20.616
43 58 47.202
43 59 60.877
43 60 3.606
43 61 25.495
43 62 65.605
43 63 44.922
43 64 61.66
43 65 15.033
43 66 35.355
43 67 37.162
43 68 41.231
43 69 27.659
43 70 26.173
43 71 50.695
43 72 32.757
43 73 44.922
43 74 26.833
43 75 47.265
43 76 25.06
43 77 28.178
43 78 52.393
43 79 52.469
43 80 64.382
43 81 57.723
43 82 38.949
43 83 35.777
43 84 22.472
43 85 15.811
43 86 19.925
43 87 19.416
43 88 36.069
43 89 63.695
43 90 12.369
43 91 53.085
43 92 35.903
43 93 39.319
43 94 24.083
43 95 48.301
43 96 36.715
43 97 24.759
43 98 47.76
43 99 64.661
43 100 40.224
44 99 52 7
44 45 51.624
44 46 37.643
44 47 48.042
44 48 47.539
44 49 60.075
44 50 56.08
44 51 47.011
44 52 61.4
44 53 31.385
44 54 57.689
44 55 76.792
44 56 66.731
44 57 60.803
44 58 20.0
44 59 81.302
44 60 53.6
44 61 79.762
44 62 24.083
44 63 11.402
44 64 63.64
44 65 55.009
44 66 91.181
44 67 42.953
44 68 16.0
44 69 81.615
44 70 30.871
44 71 5.831
44 72 83.528
44 73 11.402
44 74 66.483
44 75 57.983
44 76 56.639
44 77 57.983
44 78 54.672
44 79 59.203
44 80 32.573
44 81 78.892
44 82 88.482
44 83 41.231
44 84 72.201
44 85 40.522
44 86 48.094
44 87 53.6
44 88 89.894
44 89 89.067
44 90 57.14
44 91 63.008
44 92 64.846
44 93 95.341
44 94 65.605
44 95 97.185
44 96 86.533
44 97 71.028
44 98 47.802
44 99 43.829
44 100 44.294
45 48 44 12
45 46 38.833
45 47 6.708
45 48 6.403
45 49 14.213
45 50 29.017
45 51 36.401
45 52 29.069
45 53 49.497
45 54 44.283
45 55 25.179
45 56 41.593
45 57 28.071
45 58 40.311
45 59 54.083
45 60 5.099
45 61 28.16
45 62 58.523
45 63 40.311
45 64 53.339
45 65 8.062
45 66 42.202
45 67 28.636
45 68 35.903
45 69 30.067
45 70 23.537
45 71 46.271
45 72 41.183
45 73 40.311
45 74 21.932
45 75 39.051
45 76 31.321
45 77 34.482
45 78 43.932
45 79 44.181
45 80 56.586
45 81 50.922
45 82 47.413
45 83 27.295
45 84 31.016
45 85 12.369
45 86 11.402
45 87 25.298
45 88 43.932
45 89 57.706
45 90 7.211
45 91 45.0
45 92 29.155
45 93 43.966
45 94 32.016
45 95 48.083
45 96 45.177
45 97 22.361
45 98 39.217
45 99 56.303
45 100 43.139
46 70 76 18
46 47 32.202
46 48 39.812
46 49 37.443
46 50 23.195
46 51 61.0
46 52 64.195
46 53 13.342
46 54 72.062
46 55 58.6
46 56 30.364
46 57 63.246
46 58 17.692
46 59 44.283
46 60 43.566
46 61 61.033
46 62 27.0
46 63 32.45
46 64 26.401
46 65 36.069
46 66 79.906
46 67 11.662
46 68 27.295
46 69 62.129
46 70 37.014
46 71 36.125
46 72 79.925
46 73 32.45
46 74 40.311
46 75 21.19
46 76 63.348
46 77 66.098
46 78 17.029
46 79 21.633
46 80 20.248
46 81 42.154
46 82 86.093
46 83 12.042
46 84 69.354
46 85 36.401
46 86 28.32
46 87 57.723
46 88 82.62
46 89 52.555
46 90 39.598
46 91 25.554
46 92 33.377
46 93 78.237
46 94 68.007
46 95 70.342
46 96 83.863
46 97 47.413
46 98 10.296
46 99 17.493
46 100 63.506
47 51 50 17
47 48 10.198
47 49 13.0
47 50 23.345
47 51 39.825
47 52 35.014
47 53 43.186
47 54 48.703
47 55 29.411
47 56 36.401
47 57 34.015
47 58 34.928
47 59 49.659
47 60 11.705
47 61 32.28
47 62 52.839
47 63 37.014
47 64 47.096
47 65 7.071
47 66 48.27
47 67 21.932
47 68 32.062
47 69 33.956
47 70 22.825
47 71 43.012
47 72 47.885
47 73 37.014
47 74 20.591
47 75 33.015
47 76 36.497
47 77 39.623
47 78 37.483
47 79 38.013
47 80 50.329
47 81 46.519
47 82 54.12
47 83 20.591
47 84 37.696
47 85 12.728
47 86 5.0
47 87 30.414
47 88 50.448
47 89 54.083
47 90 9.22
47 91 39.115
47 92 25.239
47 93 48.847
47 94 38.21
47 95 49.649
47 96 51.884
47 97 23.345
47 98 32.573
47 99 49.649
47 100 45.804
48 53 40 18
48 49 20.518
48 50 33.541
48 51 30.232
48 52 25.179
48 53 49.204
48 54 38.626
48 55 30.017
48 56 46.573
48 57 24.187
48 58 38.419
48 59 59.615
48 60 6.083
48 61 33.015
48 62 56.851
48 63 36.139
48 64 57.009
48 65 14.213
48 66 44.294
48 67 30.806
48 68 32.311
48 69 35.057
48 70 18.028
48 71 41.976
48 72 40.608
48 73 36.139
48 74 28.284
48 75 43.105
48 76 26.306
48 77 29.428
48 78 47.17
48 79 48.01
48 80 56.08
48 81 56.462
48 82 46.615
48 83 29.12
48 84 29.682
48 85 7.071
48 86 15.133
48 87 20.224
48 88 44.688
48 89 63.632
48 90 13.601
48 91 49.254
48 92 34.886
48 93 47.854
48 94 28.636
48 95 54.083
48 96 44.407
48 97 28.653
48 98 41.773
48 99 57.245
48 100 36.797
49 39 55 19
49 50 19.698
49 51 50.606
49 52 41.485
49 53 50.12
49 54 58.181
49 55 21.26
49 56 30.067
49 57 40.522
49 58 44.911
49 59 41.0
49 60 17.889
49 61 23.601
49 62 61.685
49 63 49.366
49 64 44.598
49 65 6.403
49 66 43.829
49 67 25.807
49 68 44.102
49 69 24.698
49 70 35.777
49 71 55.326
49 72 48.27
49 73 49.366
49 74 7.81
49 75 30.083
49 76 44.777
49 77 47.927
49 78 36.715
49 79 35.468
49 80 57.306
49 81 37.855
49 82 54.571
49 83 25.554
49 84 40.05
49 85 25.239
49 86 12.0
49 87 38.91
49 88 48.332
49 89 43.863
49 90 7.616
49 91 35.171
49 92 16.125
49 93 40.804
49 94 43.738
49 95 37.121
49 96 52.393
49 97 11.045
49 98 34.059
49 99 53.814
49 100 57.315
50 47 73 19
50 51 62.394
50 52 58.078
50 53 36.497
50 54 71.84
50 55 40.0
50 56 13.416
50 57 57.079
50 58 37.108
50 59 27.803
50 60 34.0
50 61 41.869
50 62 50.09
50 63 47.508
50 64 25.0
50 65 22.204
50 66 63.285
50 67 13.342
50 68 41.677
50 69 42.45
50 70 41.617
50 71 52.773
50 72 67.72
50 73 47.508
50 74 19.105
50 75 10.44
50 76 59.841
50 77 62.968
50 78 17.205
50 79 15.811
50 80 43.174
50 81 24.839
50 82 74.041
50 83 14.866
50 84 58.856
50 85 34.54
50 86 18.439
50 87 53.759
50 88 68.029
50 89 34.059
50 90 25.495
50 91 16.031
50 92 10.198
50 93 58.694
50 94 61.0
50 95 47.434
50 96 71.84
50 97 26.87
50 98 16.125
50 99 36.715
50 100 67.535
51 70 15 5
51 52 20.0
51 53 65.307
51 54 11.402
51 55 53.712
51 56 75.769
51 57 20.025
51 58 50.695
51 59 89.443
51 60 33.242
51 61 56.356
51 62 66.708
51 63 38.471
51 64 83.546
51 65 44.407
51 66 56.143
51 67 55.902
51 68 39.217
51 69 58.592
51 70 24.021
51 71 41.617
51 72 42.579
51 73 38.471
51 74 58.258
51 75 70.88
51 76 13.038
51 77 12.649
51 78 73.164
51 79 75.186
51 80 70.605
51 81 86.313
51 82 45.88
51 83 53.759
51 84 33.0
51 85 27.857
51 86 44.283
51 87 14.866
51 88 51.157
51 89 93.814
51 90 43.278
51 91 77.201
51 92 65.0
51 93 65.97
51 94 23.195
51 95 80.455
51 96 44.385
51 97 57.315
51 98 66.611
51 99 76.531
51 100 8.246
52 50 15 13
52 53 72.007
52 54 20.248
52 55 37.483
52 56 70.576
52 57 1.0
52 58 59.076
52 59 82.462
52 60 24.187
52 61 39.699
52 62 77.006
52 63 50.99
52 64 82.098
52 65 36.497
52 66 36.222
52 67 55.902
52 68 49.578
52 69 41.869
52 70 31.89
52 71 55.606
52 72 23.087
52 73 50.99
52 74 48.104
52 75 68.0
52 76 7.071
52 77 8.944
52 78 72.339
52 79 73.027
52 80 78.39
52 81 79.31
52 82 27.295
52 83 54.129
52 84 13.0
52 85 27.857
52 86 40.012
52 87 7.81
52 88 31.257
52 89 85.094
52 90 33.956
52 91 74.027
52 92 57.489
52 93 46.819
52 94 4.243
52 95 64.444
52 96 25.495
52 97 44.777
52 98 66.91
52 99 81.345
52 100 28.071
53 83 79 7
53 54 76.688
53 55 71.021
53 56 42.426
53 57 71.12
53 58 15.0
53 59 55.362
53 60 53.814
53 61 73.573
53 62 14.318
53 63 30.414
53 64 34.132
53 65 48.01
53 66 91.439
53 67 24.698
53 68 27.0
53 69 74.793
53 70 41.761
53 71 31.953
53 72 89.811
53 73 30.414
53 74 53.488
53 75 33.242
53 76 70.007
53 77 72.45
53 78 27.203
53 79 32.28
53 80 7.211
53 81 53.6
53 82 95.802
53 83 24.597
53 84 78.816
53 85 44.418
53 86 40.0
53 87 64.885
53 88 93.381
53 89 64.031
53 90 51.4
53 91 36.401
53 92 46.69
53 93 90.736
53 94 76.059
53 95 83.678
53 96 93.6
53 97 60.415
53 98 22.091
53 99 12.649
53 100 66.189
54 67 4 18
54 55 57.489
54 56 85.071
54 57 20.809
54 58 62.097
54 59 98.234
54 60 40.311
54 61 59.816
54 62 78.0
54 63 49.659
54 64 93.904
54 65 52.326
54 66 55.082
54 67 66.37
54 68 50.596
54 69 62.008
54 70 35.228
54 71 52.479
54 72 39.205
54 73 49.659
54 74 65.513
54 75 80.808
54 76 14.142
54 77 11.402
54 78 83.6
54 79 85.329
54 80 82.006
54 81 95.079
54 82 41.049
54 83 64.281
54 84 31.953
54 85 37.656
54 86 53.451
54 87 19.416
54 88 48.508
54 89 101.966
54 90 50.606
54 91 87.098
54 92 73.41
54 93 66.708
54 94 21.541
54 95 84.504
54 96 40.0
54 97 63.411
54 98 77.233
54 99 87.824
54 100 14.213
55 23 41 17
55 56 47.539
55 57 36.797
55 58 64.257
55 59 54.452
55 60 24.083
55 61 3.0
55 62 81.86
55 63 65.49
55 64 64.008
55 65 23.259
55 66 23.77
55 67 47.011
55 68 61.0
55 69 5.099
55 70 48.042
55 71 71.449
55 72 33.377
55 73 65.49
55 74 21.471
55 75 49.93
55 76 43.417
55 77 46.098
55 78 57.201
55 79 55.227
55 80 78.23
55 81 51.624
55 82 39.115
55 83 46.615
55 84 29.53
55 85 37.0
55 86 31.305
55 87 39.115
55 88 30.265
55 89 54.037
55 90 20.248
55 91 54.12
55 92 33.106
55 93 19.723
55 94 37.643
55 95 27.019
55 96 37.216
55 97 13.928
55 98 55.172
55 99 75.073
55 100 61.717
56 41 85 1
56 57 69.584
56 58 46.957
56 59 14.866
56 60 46.39
56 61 48.754
56 62 56.719
56 63 59.203
56 64 17.692
56 65 34.132
56 66 71.309
56 67 24.207
56 68 53.413
56 69 48.765
56 70 54.918
56 71 64.07
56 72 78.09
56 73 59.203
56 74 26.249
56 75 9.22
56 76 72.78
56 77 75.928
56 78 16.125
56 79 11.402
56 80 48.042
56 81 12.207
56 82 84.345
56 83 26.249
56 84 70.114
56 85 47.927
56 86 31.623
56 87 66.708
56 88 77.201
56 89 22.361
56 90 37.014
56 91 8.062
56 92 14.56
56 93 64.351
56 94 73.246
56 95 47.434
56 96 82.201
56 97 33.615
56 98 20.396
56 99 38.471
56 100 80.951
57 50 16 19
57 58 58.249
57 59 81.492
57 60 23.195
57 61 39.051
57 62 76.217
57 63 50.329
57 64 81.099
57 65 35.511
57 66 36.125
57 67 54.918
57 68 48.836
57 69 41.231
57 70 31.145
57 71 55.0
57 72 23.409
57 73 50.329
57 74 47.17
57 75 67.0
57 76 7.28
57 77 9.434
57 78 71.344
57 79 72.028
57 80 77.524
57 81 78.339
57 82 27.785
57 83 53.151
57 84 13.038
57 85 26.926
57 86 39.013
57 87 7.211
57 88 31.401
57 89 84.155
57 90 32.985
57 91 73.027
57 92 56.515
57 93 46.487
57 94 5.0
57 95 63.781
57 96 25.942
57 97 43.909
57 98 65.924
57 99 80.411
57 100 28.16
58 83 64 9
58 59 61.4
58 60 43.829
58 61 67.067
58 62 18.439
58 63 15.811
58 64 43.932
58 65 41.11
58 66 82.377
58 67 23.77
58 68 12.0
58 69 68.622
58 70 27.731
58 71 18.601
58 72 78.492
58 73 15.811
58 74 50.16
58 75 38.079
58 76 56.356
58 77 58.6
58 78 34.713
58 79 39.205
58 80 19.925
58 81 59.059
58 82 84.22
58 83 22.361
58 84 67.209
58 85 32.527
58 86 33.242
58 87 51.624
58 88 83.096
58 89 69.318
58 90 44.011
58 91 43.012
58 92 46.53
58 93 83.774
58 94 63.246
58 95 81.222
58 96 82.073
58 97 55.902
58 98 27.803
58 99 27.295
58 100 51.245
59 30 95 14
59 60 58.523
59 61 54.918
59 62 69.642
59 63 74.027
59 64 24.083
59 65 46.174
59 66 77.666
59 67 39.051
59 68 68.25
59 69 54.342
59 70 69.405
59 71 78.816
59 72 87.023
59 73 74.027
59 74 35.128
59 75 23.324
59 76 85.381
59 77 88.544
59 78 28.16
59 79 23.087
59 80 60.208
59 81 3.162
59 82 93.086
59 83 41.11
59 84 80.306
59 85 61.774
59 86 45.177
59 87 79.379
59 88 84.717
59 89 9.0
59 90 48.508
59 91 18.974
59 92 25.0
59 93 68.352
59 94 84.723
59 95 46.4
59 96 91.049
59 97 41.049
59 98 34.015
59 99 49.163
59 100 95.016
60 47 39 12
60 61 27.074
60 62 62.201
60 63 42.202
60 64 58.421
60 65 12.369
60 66 38.588
60 67 33.615
60 68 38.275
60 69 29.155
60 70 24.0
60 71 48.052
60 72 36.359
60 73 42.202
60 74 25.239
60 75 44.102
60 76 26.926
60 77 30.083
60 78 49.031
60 79 49.254
60 80 60.828
60 81 55.362
60 82 42.544
60 83 32.202
60 84 26.0
60 85 13.153
60 86 16.492
60 87 21.024
60 88 39.598
60 89 61.741
60 90 10.296
60 91 50.01
60 92 33.526
60 93 41.773
60 94 27.0
60 95 48.847
60 96 40.311
60 97 24.207
60 98 44.272
60 99 61.057
60 100 40.46
61 20 41 1
61 62 84.581
61 63 68.469
61 64 65.513
61 65 26.0
61 66 22.804
61 67 49.406
61 68 63.953
61 69 2.236
61 70 51.039
61 71 74.431
61 72 33.956
61 73 68.469
61 74 23.022
61 75 51.614
61 76 45.804
61 77 48.415
61 78 59.034
61 79 56.859
61 80 80.777
61 81 52.173
61 82 39.459
61 83 49.092
61 84 31.064
61 85 40.0
61 86 34.015
61 87 41.677
61 88 30.017
61 89 54.009
61 90 23.087
61 91 55.57
61 92 34.482
61 93 17.205
61 94 39.623
61 95 24.759
61 96 37.656
61 97 15.264
61 98 57.28
61 99 77.337
61 100 64.405
62 97 76 4
62 63 28.46
62 64 47.854
62 65 58.6
62 66 100.688
62 67 37.483
62 68 27.785
62 69 86.006
62 70 45.222
62 71 27.166
62 72 96.876
62 73 28.46
62 74 65.97
62 75 47.518
62 76 73.783
62 77 75.802
62 78 41.485
62 79 46.573
62 80 10.63
62 81 67.912
62 82 102.552
62 83 36.878
62 84 85.563
62 85 50.931
62 86 50.567
62 87 69.405
62 88 101.533
62 89 78.339
62 90 61.717
62 91 50.695
62 92 60.208
62 93 101.518
62 94 81.216
62 95 96.69
62 96 100.419
62 97 72.422
62 98 36.346
62 99 23.431
62 100 65.803
63 88 49 7
63 64 58.822
63 65 44.045
63 66 79.85
63 67 35.0
63 68 5.831
63 69 70.349
63 70 19.723
63 71 6.0
63 72 72.67
63 73 0.0
63 74 56.089
63 75 50.99
63 76 46.755
63 77 48.415
63 78 49.041
63 79 53.075
63 80 34.015
63 81 71.4
63 82 77.801
63 83 33.015
63 84 61.294
63 85 29.12
63 86 37.483
63 87 43.186
63 88 78.772
63 89 81.271
63 90 46.011
63 91 56.569
63 92 55.543
63 93 83.952
63 94 55.227
63 95 86.47
63 96 75.802
63 97 60.208
63 98 41.869
63 99 42.953
63 100 37.363
64 54 97 2
64 65 47.074
64 66 87.658
64 67 27.659
64 68 53.535
64 69 65.734
64 70 60.44
64 71 62.482
64 72 92.72
64 73 58.822
64 74 42.544
64 75 14.56
64 76 83.054
64 77 86.093
64 78 10.44
64 79 9.22
64 80 37.696
64 81 23.537
64 82 99.04
64 83 29.833
64 84 83.744
64 85 56.321
64 86 42.107
64 87 77.026
64 88 92.849
64 89 33.061
64 90 50.448
64 91 10.0
64 92 31.064
64 93 81.609
64 94 85.288
64 95 65.0
64 96 96.84
64 97 50.249
64 98 17.464
64 99 25.71
64 100 87.361
65 44 51 17
65 66 43.863
65 67 24.839
65 68 39.013
65 69 27.514
65 70 29.547
65 71 50.04
65 72 45.88
65 73 44.045
65 74 14.213
65 75 32.558
65 76 39.217
65 77 42.379
65 78 38.275
65 79 37.855
65 80 55.218
65 81 43.012
65 82 52.202
65 83 24.042
65 84 36.674
65 85 18.868
65 86 8.062
65 87 33.242
65 88 47.17
65 89 49.649
65 90 3.606
65 91 38.21
65 92 21.19
65 93 42.942
65 94 39.115
65 95 42.579
65 96 49.98
65 97 16.279
65 98 34.482
65 99 53.151
65 100 50.99
66 14 19 19
66 67 68.68
66 68 76.485
66 69 23.345
66 70 60.407
66 71 85.44
66 72 17.804
66 73 79.85
66 74 45.188
66 75 73.43
66 76 43.29
66 77 44.721
66 78 80.455
66 79 78.772
66 80 98.595
66 81 74.953
66 82 20.809
66 83 67.897
66 84 23.345
66 85 50.99
66 86 51.624
66 87 42.012
66 88 9.434
66 89 76.322
66 90 40.311
66 91 77.82
66 92 56.859
66 93 14.422
66 94 33.734
66 95 40.804
66 96 19.849
66 97 37.696
66 98 77.801
66 99 97.0
66 100 64.281
67 60 70 20
67 68 29.206
67 69 50.478
67 70 32.894
67 71 39.962
67 72 69.771
67 73 35.0
67 74 28.792
67 75 16.401
67 76 56.08
67 77 59.034
67 78 17.263
67 79 19.698
67 80 31.78
67 81 36.401
67 82 76.026
67 83 2.236
67 84 59.615
67 85 29.0
67 86 17.493
67 87 50.16
67 88 71.847
67 89 46.325
67 90 28.425
67 91 22.472
67 92 23.022
67 93 66.611
67 94 59.439
67 95 59.228
67 96 73.79
67 97 35.777
67 98 11.045
67 99 28.32
67 100 59.775
68 83 52 13
68 69 65.765
68 70 17.692
68 71 11.402
68 72 70.434
68 73 5.831
68 74 50.636
68 75 45.277
68 76 46.043
68 77 48.021
68 78 43.6
68 79 47.508
68 80 31.575
68 81 65.605
68 82 75.822
68 83 27.203
68 84 59.034
68 85 25.495
68 86 32.14
68 87 41.869
68 88 76.007
68 89 75.452
68 90 41.195
68 91 50.931
68 92 49.769
68 93 79.812
68 94 53.814
68 95 81.222
68 96 73.756
68 97 55.036
68 98 36.401
68 99 39.205
68 100 39.319
69 18 42 1
69 70 53.085
69 71 76.322
69 72 35.44
69 73 70.349
69 74 23.431
69 75 52.01
69 76 48.01
69 77 50.606
69 78 59.548
69 79 57.201
69 80 81.988
69 81 51.662
69 82 40.792
69 83 50.249
69 84 33.015
69 85 42.012
69 86 35.468
69 87 43.909
69 88 31.016
69 89 53.085
69 90 24.739
69 91 55.758
69 92 34.67
69 93 16.279
69 94 41.725
69 95 22.627
69 96 39.051
69 97 15.62
69 98 58.052
69 99 78.243
69 100 66.641
70 71 39 6
70 71 25.08
70 72 53.009
70 73 19.723
70 74 43.417
70 75 48.754
70 76 28.653
70 77 30.871
70 78 50.0
70 79 52.555
70 80 47.539
70 81 66.4
70 82 58.258
70 83 30.676
70 84 41.617
70 85 11.18
70 86 25.612
70 87 24.207
70 88 59.059
70 89 75.073
70 90 30.364
70 91 55.036
70 92 46.69
70 93 65.49
70 94 36.125
70 95 71.568
70 96 56.223
70 97 45.541
70 98 43.174
70 99 52.612
70 100 26.926
71 94 49 8
71 72 77.698
71 73 6.0
71 74 61.984
71 75 55.606
71 76 50.931
71 77 52.345
71 78 53.038
71 79 57.315
71 80 34.366
71 81 76.276
71 82 82.662
71 83 38.079
71 84 66.37
71 85 34.928
71 86 43.417
71 87 47.802
71 88 84.077
71 89 86.284
71 90 52.01
71 91 60.959
71 92 61.098
71 93 89.822
71 94 59.816
71 95 92.439
71 96 80.709
71 97 66.189
71 98 45.967
71 99 44.598
71 100 39.395
72 28 8 12
72 73 72.67
72 74 52.24
72 75 78.16
72 76 29.614
72 77 30.15
72 78 84.155
72 79 83.522
72 80 96.675
72 81 84.054
72 82 6.325
72 83 68.476
72 84 11.402
72 85 45.967
72 86 52.326
72 87 30.463
72 88 9.487
72 89 87.281
72 90 42.379
72 91 83.433
72 92 63.64
72 93 31.828
72 94 19.416
72 95 56.356
72 96 4.123
72 97 46.0
72 98 80.112
72 99 97.417
72 100 50.249
73 88 49 17
73 74 56.089
73 75 50.99
73 76 46.755
73 77 48.415
73 78 49.041
73 79 53.075
73 80 34.015
73 81 71.4
73 82 77.801
73 83 33.015
73 84 61.294
73 85 29.12
73 86 37.483
73 87 43.186
73 88 78.772
73 89 81.271
73 90 46.011
73 91 56.569
73 92 55.543
73 93 83.952
73 94 55.227
73 95 86.47
73 96 75.802
73 97 60.208
73 98 41.869
73 99 42.953
73 100 37.363
74 33 60 5
74 75 28.601
74 76 51.884
74 77 55.009
74 78 36.125
74 79 33.838
74 80 60.539
74 81 32.062
74 82 58.421
74 83 29.12
74 84 45.177
74 85 33.015
74 86 18.682
74 87 46.141
74 88 50.961
74 89 37.0
74 90 15.0
74 91 32.65
74 92 11.705
74 93 39.623
74 94 50.0
74 95 31.064
74 96 56.321
74 97 7.81
74 98 35.0
74 99 55.471
74 100 65.069
75 50 83 15
75 76 69.354
75 77 72.443
75 78 8.062
75 79 5.385
75 80 39.0
75 81 21.024
75 82 84.481
75 83 18.601
75 84 69.231
75 85 43.174
75 86 28.018
75 87 63.285
75 88 78.39
75 89 31.385
75 90 35.903
75 91 6.325
75 92 17.692
75 93 68.118
75 94 71.063
75 95 54.12
75 96 82.28
75 97 36.401
75 98 11.18
75 99 30.083
75 100 75.392
76 57 14 18
76 77 3.162
76 78 73.0
76 79 74.169
76 80 76.059
76 81 82.219
76 82 33.242
76 83 54.148
76 84 20.025
76 85 27.166
76 86 41.437
76 87 6.083
76 88 38.118
76 89 88.64
76 90 37.162
76 91 75.538
76 92 60.407
76 93 53.759
76 94 10.198
76 95 70.434
76 96 31.623
76 97 49.406
76 98 67.119
76 99 80.081
76 100 21.024
77 58 11 11
77 78 76.007
77 79 77.233
77 80 78.39
77 81 85.381
77 82 33.242
77 83 57.079
77 84 21.378
77 85 30.067
77 86 44.553
77 87 9.22
77 88 39.0
77 89 91.788
77 90 40.311
77 91 78.638
77 92 63.569
77 93 55.714
77 94 11.045
77 95 73.11
77 96 31.78
77 97 52.431
77 98 70.064
77 99 82.71
77 100 20.1
78 57 87 7
78 79 5.099
78 80 32.249
78 81 26.476
78 82 90.477
78 83 19.416
78 84 74.726
78 85 46.098
78 86 32.558
78 87 67.007
78 88 84.971
78 89 36.878
78 90 41.785
78 91 9.22
78 92 25.612
78 93 75.743
78 94 75.664
78 95 62.177
78 96 88.255
78 97 43.932
78 98 7.211
78 99 22.361
78 100 76.922
79 52 88 1
79 80 37.336
79 81 21.378
79 82 89.844
79 83 21.932
79 84 74.525
79 85 47.676
79 86 33.015
79 87 68.118
79 88 83.774
79 89 31.78
79 90 41.231
79 91 4.123
79 92 22.672
79 93 73.246
79 94 76.164
79 95 58.31
79 96 87.641
79 97 41.617
79 98 11.402
79 99 27.166
79 100 79.379
80 89 83 2
80 81 58.694
80 82 102.616
80 83 31.765
80 84 85.604
80 85 51.039
80 86 47.202
80 87 71.12
80 88 100.419
80 89 69.051
80 90 58.6
80 91 41.437
80 92 53.367
80 93 97.944
80 94 82.492
80 95 90.521
80 96 100.424
80 97 67.543
80 98 28.071
80 99 12.806
80 100 70.859
81 31 92 1
81 82 90.139
81 83 38.419
81 84 77.233
81 85 58.669
81 86 42.059
81 87 76.217
81 88 81.884
81 89 10.44
81 90 45.354
81 91 17.263
81 92 21.84
81 93 65.924
81 94 81.584
81 95 44.688
81 96 88.091
81 97 38.118
81 98 31.953
81 99 48.01
81 100 91.924
82 26 2 10
82 83 74.706
82 84 17.029
82 85 51.74
82 86 58.6
82 87 34.986
82 88 11.402
82 89 93.134
82 90 48.703
82 91 89.739
82 92 69.871
82 93 35.228
82 94 23.259
82 95 60.926
82 96 2.236
82 97 52.038
82 98 86.406
82 99 103.586
82 100 53.151
83 61 68 3
83 84 58.181
83 85 27.019
83 86 16.401
83 87 48.26
83 88 70.803
83 89 48.26
83 90 27.586
83 91 24.698
83 92 24.187
83 93 66.287
83 94 57.723
83 95 59.841
83 96 72.471
83 97 35.847
83 98 13.0
83 99 29.206
83 100 57.567
84 37 15 8
84 85 34.713
84 86 42.379
84 87 19.647
84 88 18.439
84 89 81.584
84 90 33.377
84 91 74.813
84 92 56.0
84 93 34.886
84 94 10.44
84 95 55.444
84 96 14.866
84 97 40.025
84 98 70.228
84 99 86.833
84 100 41.049
85 60 41 17
85 86 16.643
85 87 21.378
85 88 50.804
85 89 66.611
85 90 19.313
85 91 49.477
85 92 37.802
85 93 54.918
85 94 31.78
85 95 60.44
85 96 49.578
85 97 34.54
85 98 40.012
85 99 53.488
85 100 33.287
86 51 55 11
86 87 35.355
86 88 54.406
86 89 50.0
86 90 11.402
86 91 34.132
86 92 21.26
86 93 51.0
86 94 43.186
86 95 49.092
86 96 56.365
86 97 23.022
86 98 27.857
86 99 45.607
86 100 49.93
87 56 20 5
87 88 38.079
87 89 82.765
87 90 31.305
87 91 69.462
87 92 54.424
87 93 51.196
87 94 12.042
87 95 66.03
87 96 33.121
87 97 44.045
87 98 61.205
87 99 74.632
87 100 23.087
88 19 11 4
88 89 84.024
88 90 43.566
88 91 83.217
88 92 62.642
88 93 23.854
88 94 28.018
88 95 49.98
88 96 10.63
88 97 43.932
88 98 81.633
88 99 100.0
88 100 59.034
89 21 95 9
89 90 51.478
89 91 27.659
89 92 28.844
89 93 65.734
89 94 86.977
89 95 41.593
89 96 91.198
89 97 41.593
89 98 42.379
89 99 58.138
89 100 99.865
90 42 48 6
90 91 41.437
90 92 23.537
90 93 39.812
90 94 36.346
90 95 41.231
90 96 46.487
90 97 15.232
90 98 38.079
90 99 56.727
90 100 50.21
91 48 89 11
91 92 21.095
91 93 71.61
91 94 77.006
91 95 55.471
91 96 87.556
91 97 40.311
91 98 15.264
91 99 31.064
91 100 81.707
92 37 71 14
92 93 50.606
92 94 59.841
92 95 37.336
92 96 67.742
92 97 19.235
92 98 26.0
92 99 46.519
92 100 71.028
93 6 31 6
93 94 45.188
93 95 27.295
93 96 34.205
93 97 31.828
93 98 74.33
93 99 94.493
93 100 74.216
94 47 12 13
94 95 64.351
94 96 21.541
94 97 46.098
94 98 70.406
94 99 85.235
94 100 31.016
95 2 58 4
95 96 59.506
95 97 26.306
95 98 63.325
95 99 83.774
95 100 88.323
96 27 4 18
96 97 50.01
96 98 84.172
96 99 101.356
96 100 51.788
97 28 54 16
97 98 42.638
97 99 63.008
97 100 64.661
98 61 81 7
98 99 20.591
98 100 70.093
99 79 91 10
99 100 78.006
100 78 13 4
