10 2 3
1 26 33 2
1 2 29.017
1 3 67.676
1 4 41.11
1 5 46.487
1 6 76.158
1 7 56.719
1 8 63.506
1 9 30.806
1 10 63.198
2 25 62 17
2 3 82.62
2 4 17.205
2 5 62.936
2 6 67.602
2 7 68.505
2 8 81.32
2 9 38.013
2 10 72.471
3 90 11 7
3 4 79.511
3 5 21.19
3 6 60.033
3 7 15.264
3 8 9.22
3 9 44.688
3 10 17.029
4 39 72 5
4 5 62.266
4 6 53.009
4 7 64.444
4 8 80.156
4 9 36.235
4 10 66.603
5 70 18 12
5 6 57.385
5 7 13.416
5 8 18.385
5 9 26.077
5 10 21.471
6 92 71 13
6 7 48.052
6 8 66.611
6 9 47.508
6 10 43.105
7 82 24 16
7 8 19.026
7 9 30.529
7 10 8.062
8 83 5 12
8 9 44.204
8 10 23.77
9 56 40 18
9 10 35.114
10 89 28 8
