50 4
1 26 33 2
1 2 29.017
1 3 67.676
1 4 41.11
1 5 46.487
1 6 76.158
1 7 56.719
1 8 63.506
1 9 30.806
1 10 63.198
1 11 62.65
1 12 8.544
1 13 8.0
1 14 17.464
1 15 33.302
1 16 46.84
1 17 63.695
1 18 39.395
1 19 61.522
1 20 40.817
1 21 31.016
1 22 37.162
1 23 60.836
1 24 18.868
1 25 66.03
1 26 34.0
1 27 50.488
1 28 24.042
1 29 13.601
1 30 19.026
1 31 16.401
1 32 71.197
1 33 60.407
1 34 49.649
1 35 54.129
1 36 37.537
1 37 60.828
1 38 35.355
1 39 44.418
1 40 58.258
1 41 25.08
1 42 46.011
1 43 52.479
1 44 21.024
1 45 34.67
1 46 14.765
1 47 35.847
1 48 66.483
1 49 4.472
1 50 27.857
2 25 62 17
2 3 82.62
2 4 17.205
2 5 62.936
2 6 67.602
2 7 68.505
2 8 81.32
2 9 38.013
2 10 72.471
2 11 40.46
2 12 21.378
2 13 21.024
2 14 13.0
2 15 21.378
2 16 20.0
2 17 39.051
2 18 18.385
2 19 65.46
2 20 20.881
2 21 2.828
2 22 14.866
2 23 37.483
2 24 17.029
2 25 46.325
2 26 17.029
2 27 21.84
2 28 43.267
2 29 42.107
2 30 36.056
2 31 43.417
2 32 48.836
2 33 32.016
2 34 21.932
2 35 29.732
2 36 62.65
2 37 55.009
2 38 18.111
2 39 65.0
2 40 41.231
2 41 30.61
2 42 54.708
2 43 46.043
2 44 8.246
2 45 31.623
2 46 17.889
2 47 13.601
2 48 40.224
2 49 33.015
2 50 56.089
3 90 11 7
3 4 79.511
3 5 21.19
3 6 60.033
3 7 15.264
3 8 9.22
3 9 44.688
3 10 17.029
3 11 84.172
3 12 67.978
3 13 70.682
3 14 71.561
3 15 98.005
3 16 102.069
3 17 90.338
3 18 75.286
3 19 30.15
3 20 102.343
3 21 82.329
3 22 96.835
3 23 85.866
3 24 66.03
3 25 80.324
3 26 70.767
3 27 101.119
3 28 43.658
3 29 68.593
3 30 49.659
3 31 54.745
3 32 88.865
3 33 99.865
3 34 90.427
3 35 112.294
3 36 39.459
3 37 50.99
3 38 70.838
3 39 26.019
3 40 72.236
3 41 52.01
3 42 29.206
3 43 52.555
3 44 76.276
3 45 53.907
3 46 66.888
3 47 95.441
3 48 121.655
3 49 68.411
3 50 54.148
4 39 72 5
4 5 62.266
4 6 53.009
4 7 64.444
4 8 80.156
4 9 36.235
4 10 66.603
4 11 23.345
4 12 32.573
4 13 33.615
4 14 23.77
4 15 37.696
4 16 26.683
4 17 22.825
4 18 4.243
4 19 57.14
4 20 34.234
4 21 14.422
4 22 28.443
4 23 20.616
4 24 23.195
4 25 29.155
4 26 9.487
4 27 22.825
4 28 47.074
4 29 54.708
4 30 40.447
4 31 52.086
4 32 31.828
4 33 21.84
4 34 11.18
4 35 37.363
4 36 68.066
4 37 42.45
4 38 8.944
4 39 66.851
4 40 24.739
4 41 30.676
4 42 50.329
4 43 34.176
4 44 21.633
4 45 25.612
4 46 26.683
4 47 27.659
4 48 43.566
4 49 45.541
4 50 65.069
5 70 18 12
5 6 57.385
5 7 13.416
5 8 18.385
5 9 26.077
5 10 21.471
5 11 71.386
5 12 47.011
5 13 49.649
5 14 51.225
5 15 77.175
5 16 82.759
5 17 76.655
5 18 58.181
5 19 28.601
5 20 82.006
5 21 62.968
5 22 76.694
5 23 72.277
5 24 46.011
5 25 69.26
5 26 53.0
5 27 82.62
5 28 22.472
5 29 48.042
5 30 28.653
5 31 34.059
5 32 77.524
5 33 83.63
5 34 73.43
5 35 92.655
5 36 23.022
5 37 44.147
5 38 53.339
5 39 10.0
5 40 60.407
5 41 32.65
5 42 16.125
5 43 42.012
5 44 56.08
5 45 37.162
5 46 46.4
5 47 75.286
5 48 102.728
5 49 47.297
5 50 35.735
6 92 71 13
6 7 48.052
6 8 66.611
6 9 47.508
6 10 43.105
6 11 39.812
6 12 69.778
6 13 72.498
6 14 65.46
6 15 88.955
6 16 79.31
6 17 46.957
6 18 50.04
6 19 30.414
6 20 87.052
6 21 65.376
6 22 81.099
6 23 43.463
6 24 60.166
6 25 32.249
6 26 50.636
6 27 73.98
6 28 62.241
6 29 86.608
6 30 61.074
6 31 75.743
6 32 39.205
6 33 62.968
6 34 59.034
6 35 89.677
6 36 77.698
6 37 15.62
6 38 49.497
6 39 67.119
6 40 29.833
6 41 51.313
6 42 42.059
6 43 23.707
6 44 67.186
6 45 41.593
6 46 64.078
6 47 80.156
6 48 93.145
6 49 79.925
6 50 85.041
7 82 24 16
7 8 19.026
7 9 30.529
7 10 8.062
7 11 69.08
7 12 55.66
7 13 58.523
7 14 58.138
7 15 85.088
7 16 87.618
7 17 75.153
7 18 60.208
7 19 17.72
7 20 88.685
7 21 68.007
7 22 83.006
7 23 70.682
7 24 52.355
7 25 65.521
7 26 55.866
7 27 86.313
7 28 33.061
7 29 60.133
7 30 37.855
7 31 46.174
7 32 74.041
7 33 84.629
7 34 75.286
7 35 98.005
7 36 36.359
7 37 37.054
7 38 55.866
7 39 22.804
7 40 57.245
7 41 38.079
7 42 14.142
7 43 37.643
7 44 62.65
7 45 38.897
7 46 53.712
7 47 81.633
7 48 106.963
7 49 58.215
7 50 49.041
8 83 5 12
8 9 44.204
8 10 23.77
8 11 87.281
8 12 64.9
8 13 67.417
8 14 69.527
8 15 95.131
8 16 101.139
8 17 93.048
8 18 76.007
8 19 36.222
8 20 100.265
8 21 81.345
8 22 95.016
8 23 88.6
8 24 64.382
8 25 84.172
8 26 71.028
8 27 100.896
8 28 39.962
8 29 62.817
8 30 46.615
8 31 49.336
8 32 92.65
8 33 101.213
8 34 91.269
8 35 111.036
8 36 32.0
8 37 56.08
8 38 71.281
8 39 19.647
8 40 75.69
8 41 50.99
8 42 31.016
8 43 56.294
8 44 74.411
8 45 54.708
8 46 64.661
8 47 93.606
8 48 121.083
8 49 63.695
8 50 47.043
9 56 40 18
9 10 35.114
9 11 48.0
9 12 27.019
9 13 30.017
9 14 27.857
9 15 55.027
9 16 57.385
9 17 52.345
9 18 32.202
9 19 31.016
9 20 58.181
9 21 37.643
9 22 52.479
9 23 48.166
9 24 21.932
9 25 47.676
9 26 26.926
9 27 56.727
9 28 15.652
9 29 39.446
9 30 13.601
9 31 28.284
9 32 55.227
9 33 57.775
9 34 47.413
9 35 67.624
9 36 35.355
9 37 31.89
9 38 27.295
9 39 31.048
9 40 38.639
9 41 7.616
9 42 17.088
9 43 25.0
9 44 32.202
9 45 12.042
9 46 23.77
9 47 51.108
9 48 77.078
9 49 33.838
9 50 38.588
10 89 28 8
10 11 68.476
10 12 61.392
10 13 64.327
10 14 62.968
10 15 90.139
10 16 90.973
10 17 74.947
10 18 62.37
10 19 13.153
10 20 93.038
10 21 71.694
10 22 87.207
10 23 70.491
10 24 57.009
10 25 64.078
10 26 58.6
10 27 89.022
10 28 40.05
10 29 67.476
10 30 44.181
10 31 53.6
10 32 72.615
10 33 85.796
10 34 77.078
10 35 101.548
10 36 44.418
10 37 34.205
10 38 58.412
10 39 30.806
10 40 56.356
10 41 42.72
10 42 18.028
10 43 36.715
10 44 67.231
10 45 41.617
10 46 58.822
10 47 85.866
10 48 109.809
10 49 65.008
10 50 57.009
11 56 88 8
11 12 54.203
11 13 55.758
11 14 46.043
11 15 60.033
11 16 44.147
11 17 7.211
11 18 23.601
11 19 56.303
11 20 54.781
11 21 37.643
11 22 49.659
11 23 4.0
11 24 43.829
11 25 8.062
11 26 28.653
11 27 37.336
11 28 62.394
11 29 76.026
11 30 57.07
11 31 70.88
11 32 8.602
11 33 23.537
11 34 22.804
11 35 53.339
11 36 83.15
11 37 36.125
11 38 27.295
11 39 78.409
11 40 12.207
11 41 45.541
11 42 56.321
11 43 31.765
11 44 44.688
11 45 36.014
11 46 47.885
11 47 49.193
11 48 54.452
11 49 67.119
11 50 83.433
12 29 41 4
12 13 3.0
12 14 9.055
12 15 30.232
12 16 40.311
12 17 55.154
12 18 30.871
12 19 58.0
12 20 36.125
12 21 23.087
12 22 31.623
12 23 52.326
12 24 10.63
12 25 57.801
12 26 25.554
12 27 43.174
12 28 25.0
12 29 22.136
12 30 18.358
12 31 22.136
12 32 62.769
12 33 52.154
12 34 41.304
12 35 48.549
12 36 42.19
12 37 54.781
12 38 26.926
12 39 46.755
12 40 50.249
12 41 20.1
12 42 43.566
12 43 46.098
12 44 13.153
12 45 28.231
12 46 6.403
12 47 30.232
12 48 60.374
12 49 13.0
12 50 34.713
13 26 41 12
13 14 9.849
13 15 27.803
13 16 39.217
13 17 56.365
13 18 32.249
13 19 61.0
13 20 34.205
13 21 23.022
13 22 30.017
13 23 53.712
13 24 12.806
13 25 59.666
13 26 27.203
13 27 42.579
13 28 27.459
13 29 21.378
13 30 21.024
13 31 23.259
13 32 64.351
13 33 52.469
13 34 41.773
13 35 47.011
13 36 43.829
13 37 57.585
13 38 28.601
13 39 49.041
13 40 52.326
13 41 23.087
13 42 46.53
13 43 48.847
13 44 13.038
13 45 31.016
13 46 8.602
13 47 28.653
13 48 59.093
13 49 12.166
13 50 35.44
14 30 50 20
14 15 27.203
14 16 32.757
14 17 46.519
14 18 22.472
14 19 57.706
14 20 30.806
14 21 14.318
14 22 25.495
14 23 43.909
14 24 6.083
14 25 50.249
14 26 17.692
14 27 34.785
14 28 30.61
14 29 31.048
14 30 23.431
14 31 30.594
14 32 54.644
14 33 43.105
14 34 32.249
14 35 41.869
14 36 49.659
14 37 51.196
14 38 19.105
14 39 52.498
14 40 43.278
14 41 20.248
14 42 44.944
14 43 42.202
14 44 5.0
14 45 25.08
14 46 5.0
14 47 24.083
14 48 53.0
14 49 21.84
14 50 43.417
15 4 58 11
15 16 21.932
15 17 57.201
15 18 39.56
15 19 84.723
15 20 10.05
15 21 23.77
15 22 11.402
15 23 56.604
15 24 33.242
15 25 66.641
15 26 38.328
15 27 29.155
15 28 55.218
15 29 42.048
15 30 48.549
15 31 49.679
15 32 67.956
15 33 45.453
15 34 38.419
15 35 24.021
15 36 70.838
15 37 76.059
15 38 39.459
15 39 76.837
15 40 62.298
15 41 47.434
15 42 72.111
15 43 67.03
15 44 23.345
15 45 51.352
15 46 31.385
15 47 11.314
15 48 37.054
15 49 35.228
15 50 60.208
16 13 78 3
16 17 39.56
16 18 30.364
16 19 82.735
16 20 12.806
16 21 19.799
16 22 11.18
16 23 40.262
16 24 37.014
16 25 51.788
16 26 32.65
16 27 7.81
16 28 63.246
16 29 58.694
16 30 56.036
16 31 62.394
16 32 50.922
16 33 25.0
16 34 21.378
16 35 10.77
16 36 82.298
16 37 69.123
16 38 33.106
16 39 85.0
16 40 50.0
16 41 50.21
16 42 73.6
16 43 60.729
16 44 27.785
16 45 49.396
16 46 37.736
16 47 12.042
16 48 20.248
16 49 50.22
16 50 74.632
17 50 92 5
17 18 24.352
17 19 63.008
17 20 51.0
17 21 36.235
17 22 46.325
17 23 4.472
17 24 45.222
17 25 14.866
17 26 30.083
17 27 32.28
17 28 66.008
17 29 77.253
17 30 60.208
17 31 73.348
17 32 11.402
17 33 17.029
17 34 18.868
17 35 48.052
17 36 87.006
17 37 43.139
17 38 28.862
17 39 83.187
17 40 19.105
17 41 49.01
17 42 62.032
17 43 38.275
17 44 44.418
17 45 40.311
17 46 49.041
17 47 46.043
17 48 48.094
17 49 68.154
17 50 86.145
18 42 69 12
18 19 53.0
18 20 37.014
18 21 15.811
18 22 31.064
18 23 21.471
18 24 20.881
18 25 28.425
18 26 6.0
18 27 26.926
18 28 43.566
18 29 52.924
18 30 37.121
18 31 49.366
18 32 32.202
18 33 25.632
18 34 15.264
18 35 41.11
18 36 64.63
18 37 38.833
18 38 5.099
18 39 62.968
18 40 22.847
18 41 26.926
18 42 46.098
18 43 30.364
18 44 21.213
18 45 21.401
18 46 24.698
18 47 30.15
18 48 47.707
18 49 43.863
18 50 62.29
19 87 41 20
19 20 86.331
19 21 64.257
19 22 80.324
19 23 58.6
19 24 51.624
19 25 51.43
19 26 50.09
19 27 79.925
19 28 40.853
19 29 68.308
19 30 42.953
19 31 55.154
19 32 59.933
19 33 74.967
19 34 67.007
19 35 93.472
19 36 50.912
19 37 21.19
19 38 49.649
19 39 38.601
19 40 44.102
19 41 38.053
19 42 16.553
19 43 24.839
19 44 61.392
19 45 33.838
19 46 54.231
19 47 79.057
19 48 100.703
19 49 64.133
19 50 61.294
20 5 68 4
20 21 22.361
20 22 6.083
20 23 51.078
20 24 36.359
20 25 61.984
20 26 37.336
20 27 20.518
20 28 60.828
20 29 50.922
20 30 53.814
20 31 57.14
20 32 62.169
20 33 37.537
20 34 32.202
20 35 14.142
20 36 78.006
20 37 75.326
20 38 38.21
20 39 82.735
20 40 58.856
20 41 50.606
20 42 75.133
20 43 66.483
20 44 26.077
20 45 52.498
20 46 35.609
20 47 7.28
20 48 27.166
20 49 43.382
20 50 68.425
21 27 64 6
21 22 16.279
21 23 34.655
21 24 17.493
21 25 43.566
21 26 15.033
21 27 20.616
21 28 43.909
21 29 44.283
21 30 36.715
21 31 44.911
21 32 46.011
21 33 29.614
21 34 19.313
21 35 30.0
21 36 63.695
21 37 53.085
21 38 16.0
21 39 65.46
21 40 38.626
21 41 30.414
21 42 54.083
21 43 44.181
21 44 10.0
21 45 30.463
21 46 18.974
21 47 15.133
21 48 39.825
21 49 35.128
21 50 57.706
22 11 67 13
22 23 46.065
22 24 30.806
22 25 56.648
22 26 31.257
22 27 17.889
22 28 55.902
22 29 48.27
22 30 48.795
22 31 53.235
22 32 57.306
22 33 34.059
22 34 27.459
22 35 17.0
22 36 73.783
22 37 69.26
22 38 32.14
22 39 77.833
22 40 53.151
22 41 44.944
22 42 69.354
22 43 60.407
22 44 20.616
22 45 46.487
22 46 30.414
22 47 1.414
22 48 29.411
22 49 40.162
22 50 65.0
23 52 88 19
23 24 42.154
23 25 12.042
23 26 26.926
23 27 33.377
23 28 62.073
23 29 74.324
23 30 56.436
23 31 69.857
23 32 11.402
23 33 19.647
23 34 18.974
23 35 49.366
23 36 83.006
23 37 38.897
23 38 25.632
23 39 78.918
23 40 14.866
23 41 45.1
23 42 57.585
23 43 33.838
23 44 42.202
23 45 36.125
23 46 46.098
23 47 45.651
23 48 50.488
23 49 65.307
23 50 82.565
24 36 49 7
24 25 47.202
24 26 15.232
24 27 38.013
24 28 26.42
24 29 32.202
24 30 19.235
24 31 29.0
24 32 52.355
24 33 44.102
24 34 33.061
24 35 46.669
24 36 46.487
24 37 45.607
24 38 16.553
24 39 48.01
24 40 39.623
24 41 14.318
24 42 39.0
24 43 36.688
24 44 10.296
24 45 19.235
24 46 4.243
24 47 29.411
24 48 57.201
24 49 23.324
24 50 42.0
25 64 87 3
25 26 32.558
25 27 45.177
25 28 62.817
25 29 79.076
25 30 58.189
25 31 72.615
25 32 8.544
25 33 31.575
25 34 30.414
25 35 61.205
25 36 83.024
25 37 30.529
25 38 31.145
25 39 77.0
25 40 9.055
25 41 46.487
25 42 53.6
25 43 27.893
25 44 49.578
25 45 36.139
25 46 51.4
25 47 56.08
25 48 62.514
25 49 70.456
25 50 84.758
26 42 63 2
26 27 30.48
26 28 37.656
26 29 47.424
26 30 31.145
26 31 43.417
26 32 37.216
26 33 31.321
26 34 20.616
26 35 43.382
26 36 58.694
26 37 38.053
26 38 1.414
26 39 57.385
26 40 25.807
26 41 21.19
26 42 41.725
26 43 29.155
26 44 17.493
26 45 17.029
26 46 19.235
26 47 30.15
26 48 51.225
26 49 38.471
26 50 56.321
27 19 83 13
27 28 64.413
27 29 63.071
27 30 57.245
27 31 65.253
27 32 43.681
27 33 17.205
27 34 15.033
27 35 16.031
27 36 84.309
27 37 64.846
27 38 30.61
27 39 85.755
27 40 44.283
27 41 50.0
27 42 72.18
27 43 56.859
27 44 30.083
27 45 47.508
27 46 39.56
27 47 18.385
27 48 20.809
27 49 54.231
27 50 77.878
28 49 26 7
28 29 27.659
28 30 7.211
28 31 14.318
28 32 70.036
28 33 68.884
28 34 57.974
28 35 72.471
28 36 21.095
28 37 46.755
28 38 38.471
28 39 21.932
28 40 53.852
28 41 17.0
28 42 24.352
28 43 40.497
28 44 35.609
28 45 26.683
28 46 25.612
28 47 54.489
28 48 83.487
28 49 25.179
28 50 23.022
29 22 20 4
29 30 25.942
29 31 14.0
29 32 84.534
29 33 73.824
29 34 63.151
29 35 64.846
29 36 32.65
29 37 71.028
29 38 48.754
29 39 43.174
29 40 71.028
29 41 35.468
29 42 51.923
29 43 63.253
29 44 34.366
29 45 45.967
29 46 28.231
29 47 47.074
29 48 77.621
29 49 9.22
29 50 19.105
30 45 32 9
30 31 15.0
30 32 65.0
30 33 62.169
30 34 51.196
30 35 65.299
30 36 27.659
30 37 45.453
30 38 32.062
30 39 29.069
30 40 49.396
30 41 11.705
30 42 27.074
30 43 38.21
30 44 28.425
30 45 22.361
30 46 18.439
30 47 47.381
30 48 76.276
30 49 21.213
30 50 26.571
31 36 20 3
31 32 79.057
31 33 73.062
31 34 62.032
31 35 70.235
31 36 21.213
31 37 60.141
31 38 44.553
31 39 29.732
31 40 63.977
31 41 26.42
31 42 38.626
31 43 53.151
31 44 35.171
31 45 37.216
31 46 26.173
31 47 51.884
31 48 82.347
31 49 15.0
31 50 13.0
32 61 95 8
32 33 28.071
32 34 29.967
32 35 59.439
32 36 90.554
32 37 38.949
32 38 35.847
32 39 85.053
32 40 17.117
32 41 53.367
32 42 61.984
32 43 36.401
32 44 53.263
32 45 43.417
32 46 56.436
32 47 56.939
32 48 59.0
32 49 75.664
32 50 91.482
33 33 93 20
33 34 11.045
33 35 31.953
33 36 89.822
33 37 56.859
33 38 30.676
33 39 88.6
33 40 33.541
33 41 52.498
33 42 70.725
33 43 50.329
33 44 39.459
33 45 46.53
33 46 47.0
33 47 34.205
33 48 31.064
33 49 64.63
33 50 86.052
34 34 82 4
34 35 31.0
34 36 78.854
34 37 50.567
34 38 20.125
34 39 78.0
34 40 29.275
34 41 41.785
34 42 61.221
34 43 43.046
34 44 28.862
34 45 36.62
34 46 36.014
34 47 27.203
34 48 34.54
34 49 53.935
34 50 75.027
35 3 82 4
35 36 90.736
35 37 79.812
35 38 43.863
35 39 94.366
35 40 60.133
35 41 60.308
35 42 84.054
35 43 71.47
35 44 36.878
35 45 60.033
35 46 46.861
35 47 18.358
35 48 13.038
35 49 57.009
35 50 81.939
36 51 5 6
36 37 63.063
36 38 59.54
36 39 13.928
36 40 73.98
36 41 38.053
36 42 35.805
36 43 58.523
36 44 54.562
36 45 47.17
36 46 44.777
36 47 72.402
36 48 102.474
36 49 36.125
36 50 15.133
37 80 61 18
37 38 37.121
37 39 53.451
37 40 24.042
37 41 35.847
37 42 28.16
37 43 9.055
37 44 53.46
37 45 26.571
37 46 49.336
37 47 68.184
37 48 85.088
37 49 64.498
37 50 69.656
38 43 64 3
38 39 57.94
38 40 24.413
38 41 21.84
38 42 41.725
38 43 28.284
38 44 18.868
38 45 16.971
38 46 20.591
38 47 31.064
38 48 51.4
38 49 39.825
38 50 57.428
39 64 10 16
39 40 68.007
39 41 36.249
39 42 25.298
39 43 50.488
39 44 57.489
39 45 42.953
39 46 47.508
39 47 76.42
39 48 105.209
39 49 44.283
39 50 28.16
40 63 78 17
40 41 37.696
40 42 44.911
40 43 19.698
40 44 43.267
40 45 27.203
40 46 43.863
40 47 52.393
40 48 63.325
40 49 62.626
40 50 75.961
41 49 43 14
41 42 24.698
41 43 27.803
41 44 24.597
41 45 10.817
41 46 16.279
41 47 43.566
41 48 70.093
41 49 28.653
41 50 38.275
42 72 34 19
42 43 26.019
42 44 49.244
42 45 24.759
42 46 40.804
42 47 68.0
42 48 92.849
42 49 48.26
42 50 45.0
43 71 60 20
43 44 44.407
43 45 17.889
43 46 40.497
43 47 59.304
43 48 77.369
43 49 56.303
43 50 63.514
44 27 54 20
44 45 28.071
44 46 10.0
44 47 19.209
44 48 48.021
44 49 25.179
44 50 47.854
45 55 52 17
45 46 22.804
45 47 45.222
45 48 68.25
45 49 38.601
45 50 48.847
46 33 46 20
46 47 29.0
46 48 57.983
46 49 19.235
46 50 39.115
47 12 66 19
47 48 30.676
47 49 38.897
47 50 63.695
48 2 95 14
48 49 69.57
48 50 94.34
49 24 29 19
49 50 25.06
50 36 7 6
