100 4
1 9 8 8
1 2 95.21
1 3 90.338
1 4 67.602
1 5 25.495
1 6 81.056
1 7 28.16
1 8 38.897
1 9 83.187
1 10 61.612
1 11 17.263
1 12 93.776
1 13 43.012
1 14 26.926
1 15 36.125
1 16 80.604
1 17 100.0
1 18 24.739
1 19 42.438
1 20 30.017
1 21 80.281
1 22 55.946
1 23 66.038
1 24 92.65
1 25 7.28
1 26 79.379
1 27 88.814
1 28 112.486
1 29 84.024
1 30 51.088
1 31 10.05
1 32 51.856
1 33 90.355
1 34 107.801
1 35 37.121
1 36 77.414
1 37 54.083
1 38 97.082
1 39 66.129
1 40 29.069
1 41 101.316
1 42 75.432
1 43 77.233
1 44 17.72
1 45 80.056
1 46 86.052
1 47 51.865
1 48 73.824
1 49 82.219
1 50 23.345
1 51 103.247
1 52 101.548
1 53 51.624
1 54 53.907
1 55 101.415
1 56 27.203
1 57 65.192
1 58 44.922
1 59 95.525
1 60 65.734
1 61 29.017
1 62 25.71
1 63 80.994
1 64 7.071
1 65 53.254
1 66 23.022
1 67 68.118
1 68 73.246
1 69 62.586
1 70 68.352
1 71 22.472
1 72 81.939
1 73 66.03
1 74 77.878
1 75 94.874
1 76 96.664
1 77 59.304
1 78 90.25
1 79 63.253
1 80 34.366
1 81 38.949
1 82 74.33
1 83 109.836
1 84 18.439
1 85 104.957
1 86 60.465
1 87 57.079
1 88 7.28
1 89 29.833
1 90 42.202
1 91 31.385
1 92 72.125
1 93 69.116
1 94 82.024
1 95 61.612
1 96 98.082
1 97 62.241
1 98 100.896
1 99 86.331
1 100 74.33
2 86 64 16
2 3 16.492
2 4 29.206
2 5 73.79
2 6 14.866
2 7 79.12
2 8 56.939
2 9 68.154
2 10 41.437
2 11 83.648
2 12 52.202
2 13 56.08
2 14 69.426
2 15 59.363
2 16 29.12
2 17 29.411
2 18 88.955
2 19 52.802
2 20 68.877
2 21 37.014
2 22 50.488
2 23 29.698
2 24 64.661
2 25 92.962
2 26 54.424
2 27 72.45
2 28 21.587
2 29 58.421
2 30 47.17
2 31 86.683
2 32 43.566
2 33 91.548
2 34 32.311
2 35 76.4
2 36 87.556
2 37 80.025
2 38 8.944
2 39 54.332
2 40 72.25
2 41 11.045
2 42 60.44
2 43 62.0
2 44 90.802
2 45 28.071
2 46 10.198
2 47 60.407
2 48 26.926
2 49 55.543
2 50 87.464
2 51 16.279
2 52 37.802
2 53 54.589
2 54 44.598
2 55 23.707
2 56 75.24
2 57 54.231
2 58 65.307
2 59 11.402
2 60 43.012
2 61 80.654
2 62 80.92
2 63 15.0
2 64 100.404
2 65 48.508
2 66 77.078
2 67 27.731
2 68 38.471
2 69 63.198
2 70 53.6
2 71 74.793
2 72 23.087
2 73 29.206
2 74 47.434
2 75 5.831
2 76 19.416
2 77 53.141
2 78 24.042
2 79 32.249
2 80 74.632
2 81 62.032
2 82 65.253
2 83 39.812
2 84 84.149
2 85 41.049
2 86 43.417
2 87 56.648
2 88 92.962
2 89 79.202
2 90 53.009
2 91 70.385
2 92 35.903
2 93 41.11
2 94 79.379
2 95 63.127
2 96 25.0
2 97 34.54
2 98 25.554
2 99 45.651
2 100 49.092
3 90 48 9
3 4 23.087
3 5 72.035
3 6 21.095
3 7 78.918
3 8 54.571
3 9 79.076
3 10 46.098
3 11 81.32
3 12 65.765
3 13 56.223
3 14 63.53
3 15 56.321
3 16 40.0
3 17 45.177
3 18 88.459
3 19 48.703
3 20 67.469
3 21 21.213
3 22 54.745
3 23 25.495
3 24 77.337
3 25 89.32
3 26 65.192
3 27 84.054
3 28 37.014
3 29 42.107
3 30 48.01
3 31 81.006
3 32 41.593
3 33 102.083
3 34 48.703
3 35 78.058
3 36 96.385
3 37 85.159
3 38 25.298
3 39 62.032
3 40 64.405
3 41 27.459
3 42 70.235
3 43 46.174
3 44 89.022
3 45 13.416
3 46 19.799
3 47 64.63
3 48 16.643
3 49 66.851
3 50 86.683
3 51 32.757
3 52 53.339
3 53 43.863
3 54 46.011
3 55 39.925
3 56 74.33
3 57 61.685
3 58 68.066
3 59 27.313
3 60 30.232
3 61 80.753
3 62 72.471
3 63 13.601
3 64 96.255
3 65 51.157
3 66 69.893
3 67 29.275
3 68 24.166
3 69 70.214
3 70 61.847
3 71 72.125
3 72 9.22
3 73 27.074
3 74 57.983
3 75 11.045
3 76 7.0
3 77 40.497
3 78 7.616
3 79 32.0
3 80 65.069
3 81 62.29
3 82 74.686
3 83 56.08
3 84 76.844
3 85 56.824
3 86 48.052
3 87 44.102
3 88 89.32
3 89 70.093
3 90 49.336
3 91 69.871
3 92 22.472
3 93 48.847
3 94 89.471
3 95 69.921
3 96 40.706
3 97 36.125
3 98 41.629
3 99 58.138
3 100 33.734
4 68 41 12
4 5 49.031
4 6 18.439
4 7 56.223
4 8 31.575
4 9 66.528
4 10 28.601
4 11 58.241
4 12 59.093
4 13 34.059
4 14 41.049
4 15 33.242
4 16 32.573
4 17 47.011
4 18 65.62
4 19 25.632
4 20 44.553
4 21 23.601
4 22 35.777
4 23 3.606
4 24 67.956
4 25 66.31
4 26 53.413
4 27 72.346
4 28 49.649
4 29 43.012
4 30 26.683
4 31 58.523
4 32 19.0
4 33 87.966
4 34 53.339
4 35 56.143
4 36 80.156
4 37 65.46
4 38 34.015
4 39 46.228
4 40 43.139
4 41 38.013
4 42 56.569
4 43 42.953
4 44 65.97
4 45 16.763
4 46 22.472
4 47 44.944
4 48 8.246
4 49 55.803
4 50 63.789
4 51 41.785
4 52 53.235
4 53 26.249
4 54 25.298
4 55 44.553
4 56 51.478
4 57 45.607
4 58 47.074
4 59 33.838
4 60 18.682
4 61 58.138
4 62 51.74
4 63 14.213
4 64 73.348
4 65 31.016
4 66 48.166
4 67 13.038
4 68 19.209
4 69 53.0
4 70 46.755
4 71 49.041
4 72 16.0
4 73 7.071
4 74 46.615
4 75 27.659
4 76 29.833
4 77 27.0
4 78 25.0
4 79 12.207
4 80 45.486
4 81 40.012
4 82 60.208
4 83 59.008
4 84 55.227
4 85 57.219
4 86 30.232
4 87 30.067
4 88 66.31
4 89 50.0
4 90 26.249
4 91 47.17
4 92 15.62
4 93 34.713
4 94 75.166
4 95 52.479
4 96 43.105
4 97 17.205
4 98 45.277
4 99 50.09
4 100 30.017
5 20 31 15
5 6 59.059
5 7 9.434
5 8 17.464
5 9 59.076
5 10 36.797
5 11 10.0
5 12 68.352
5 13 18.439
5 14 19.105
5 15 16.031
5 16 55.902
5 17 75.166
5 18 17.029
5 19 24.021
5 20 5.0
5 21 67.119
5 22 30.529
5 23 46.573
5 24 67.897
5 25 20.616
5 26 54.12
5 27 65.008
5 28 89.202
5 29 77.162
5 30 27.203
5 31 22.023
5 32 30.676
5 33 69.642
5 34 82.976
5 35 16.125
5 36 57.245
5 37 34.015
5 38 74.33
5 39 40.804
5 40 27.659
5 41 78.492
5 42 50.636
5 43 72.09
5 44 17.088
5 45 64.195
5 46 64.008
5 47 26.683
5 48 56.569
5 49 57.009
5 50 15.0
5 51 79.812
5 52 76.276
5 53 42.72
5 54 30.0
5 55 77.078
5 56 4.243
5 57 39.85
5 58 20.1
5 59 72.422
5 60 53.6
5 61 11.662
5 62 32.202
5 63 60.745
5 64 28.425
5 65 28.32
5 66 25.06
5 67 46.065
5 68 60.208
5 69 38.118
5 70 43.012
5 71 4.123
5 72 64.777
5 73 45.541
5 74 52.393
5 75 74.465
5 76 78.854
5 77 50.922
5 78 73.682
5 79 41.629
5 80 36.235
5 81 13.601
5 82 50.09
5 83 84.629
5 84 27.893
5 85 79.612
5 86 35.468
5 87 50.16
5 88 20.616
5 89 34.986
5 90 23.087
5 91 6.083
5 92 58.034
5 93 43.829
5 94 59.682
5 95 37.121
5 96 73.553
5 97 39.446
5 98 76.381
5 99 60.836
5 100 65.0
6 72 59 5
6 7 64.257
6 8 42.438
6 9 57.983
6 10 27.019
6 11 68.964
6 12 45.607
6 13 41.231
6 14 55.902
6 15 45.0
6 16 19.105
6 17 29.155
6 18 74.095
6 19 38.897
6 20 54.12
6 21 35.341
6 22 36.056
6 23 17.464
6 24 56.586
6 25 78.492
6 26 44.102
6 27 63.008
6 28 32.202
6 29 57.009
6 30 32.311
6 31 72.863
6 32 29.206
6 33 81.006
6 34 35.057
6 35 61.612
6 36 75.611
6 37 66.068
6 38 16.401
6 39 41.485
6 40 59.641
6 41 20.616
6 42 49.193
6 43 58.694
6 44 76.026
6 45 25.942
6 46 5.0
6 47 46.043
6 48 20.396
6 49 45.804
6 50 72.615
6 51 23.707
6 52 36.139
6 53 44.643
6 54 29.732
6 55 26.173
6 56 60.415
6 57 41.231
6 58 50.636
6 59 15.652
6 60 36.014
6 61 65.788
6 62 68.505
6 63 8.602
6 64 86.023
6 65 33.734
6 66 64.031
6 67 13.038
6 68 33.956
6 69 50.01
6 70 41.11
6 71 60.208
6 72 21.633
6 73 15.811
6 74 36.892
6 75 17.0
6 76 27.313
6 77 45.177
6 78 27.659
6 79 17.804
6 80 63.063
6 81 47.17
6 82 53.712
6 83 41.11
6 84 71.063
6 85 40.025
6 86 29.017
6 87 48.374
6 88 78.492
6 89 67.231
6 90 38.949
6 91 55.543
6 92 30.594
6 93 28.16
6 94 68.425
6 95 49.82
6 96 25.02
6 97 19.698
6 98 27.019
6 99 37.483
6 100 45.354
7 12 36 3
7 8 25.02
7 9 55.109
7 10 39.661
7 11 11.0
7 12 67.119
7 13 23.087
7 14 28.425
7 15 24.331
7 16 58.412
7 17 77.156
7 18 9.849
7 19 32.249
7 20 12.166
7 21 75.538
7 22 31.89
7 23 53.46
7 24 64.846
7 25 21.587
7 26 52.326
7 27 60.671
7 28 92.962
7 29 86.377
7 30 31.953
7 31 27.893
7 32 37.336
7 33 62.968
7 34 84.9
7 35 9.0
7 36 50.22
7 37 26.683
7 38 78.715
7 39 39.446
7 40 36.77
7 41 82.765
7 42 47.76
7 43 81.437
7 44 13.601
7 45 72.0
7 46 69.08
7 47 25.239
7 48 64.07
7 49 55.036
7 50 8.602
7 51 83.528
7 52 77.233
7 53 52.0
7 54 34.54
7 55 79.812
7 56 5.385
7 57 38.588
7 58 18.028
7 59 76.538
7 60 62.37
7 61 2.236
7 62 40.497
7 63 66.94
7 64 28.792
7 65 31.385
7 66 33.601
7 67 51.546
7 68 68.731
7 69 34.785
7 70 41.677
7 71 12.728
7 72 72.173
7 73 51.971
7 74 51.865
7 75 80.362
7 76 85.843
7 77 60.166
7 78 81.154
7 79 47.539
7 80 45.277
7 81 17.088
7 82 46.325
7 83 85.703
7 84 35.341
7 85 80.281
7 86 38.013
7 87 59.506
7 88 21.587
7 89 43.6
7 90 31.145
7 91 9.055
7 92 66.37
7 93 45.277
7 94 54.009
7 95 33.838
7 96 76.059
7 97 44.598
7 98 78.873
7 99 60.465
7 100 74.041
8 37 35 10
8 9 56.754
8 10 24.352
8 11 26.926
8 12 60.407
8 13 8.544
8 14 17.263
8 15 3.162
8 16 42.544
8 17 61.911
8 18 34.132
8 19 7.616
8 20 13.038
8 21 50.636
8 22 22.023
8 23 29.12
8 24 63.285
8 25 36.056
8 26 48.042
8 27 63.063
8 28 73.593
8 29 63.063
8 30 13.0
8 31 31.623
8 32 13.416
8 33 72.56
8 34 69.642
8 35 26.926
8 36 61.612
8 37 41.11
8 38 58.258
8 39 35.355
8 40 25.02
8 41 62.482
8 42 46.872
8 43 59.076
8 44 34.482
8 45 47.011
8 46 47.434
8 47 24.597
8 48 39.205
8 49 51.039
8 50 32.249
8 51 64.351
8 52 64.475
8 53 29.833
8 54 15.652
8 55 62.801
8 56 20.025
8 57 34.366
8 58 21.932
8 59 56.639
8 60 37.947
8 61 27.074
8 62 33.136
8 63 43.463
8 64 43.6
8 65 17.117
8 66 26.476
8 67 29.411
8 68 43.932
8 69 36.77
8 70 37.216
8 71 17.889
8 72 47.381
8 73 28.231
8 74 44.181
8 75 57.271
8 76 61.392
8 77 37.443
8 78 56.321
8 79 24.698
8 80 32.558
8 81 11.402
8 82 48.083
8 83 72.45
8 84 32.573
8 85 68.154
8 86 23.77
8 87 37.643
8 88 36.056
8 89 34.015
8 90 6.325
8 91 16.125
8 92 41.437
8 93 32.985
8 94 60.836
8 95 35.847
8 96 59.641
8 97 23.345
8 98 62.426
8 99 51.788
8 100 50.16
9 23 90 12
9 10 38.833
9 11 65.924
9 12 21.587
9 13 48.27
9 14 72.835
9 15 59.439
9 16 39.357
9 17 46.043
9 18 61.351
9 19 61.685
9 20 56.009
9 21 89.805
9 22 35.468
9 23 63.032
9 24 11.314
9 25 76.688
9 26 13.892
9 27 6.325
9 28 68.184
9 29 109.343
9 30 47.011
9 31 81.099
9 32 55.471
9 33 23.409
9 34 51.157
9 35 46.325
9 36 22.561
9 37 32.757
9 38 61.685
9 39 21.932
9 40 81.394
9 41 63.789
9 42 10.296
9 43 108.227
9 44 67.72
9 45 81.468
9 46 59.942
9 47 33.136
9 48 73.553
9 49 12.649
9 50 61.685
9 51 60.828
9 52 40.2
9 53 82.735
9 54 46.065
9 55 52.24
9 56 56.321
9 57 22.847
9 58 39.013
9 59 58.523
9 60 83.6
9 61 54.571
9 62 88.685
9 63 66.03
9 64 83.678
9 65 41.231
9 66 81.498
9 67 53.74
9 68 85.703
9 69 21.0
9 70 20.591
9 71 63.032
9 72 78.243
9 73 59.464
9 74 21.095
9 75 72.918
9 76 85.088
9 77 88.323
9 78 85.446
9 79 54.672
9 80 89.269
9 81 48.26
9 82 9.0
9 83 47.074
9 84 86.093
9 85 40.792
9 86 37.736
9 87 89.944
9 88 76.688
9 89 90.255
9 90 60.407
9 91 53.038
9 92 82.134
9 93 31.828
9 94 12.0
9 95 22.0
9 96 48.374
9 97 49.82
9 98 50.16
9 99 23.345
9 100 96.047
10 45 58 16
10 11 46.669
10 12 37.014
10 13 18.601
10 14 41.485
10 15 27.514
10 16 19.105
10 17 38.419
10 18 49.396
10 19 26.019
10 20 31.89
10 21 52.202
10 22 9.055
10 23 25.0
10 24 42.379
10 25 57.385
10 26 26.926
10 27 44.944
10 28 53.339
10 29 70.767
10 30 11.402
10 31 55.471
10 32 17.464
10 33 59.464
10 34 46.228
10 35 35.468
10 36 51.624
10 37 39.205
10 38 39.56
10 39 17.692
10 40 48.508
10 41 43.463
10 42 28.601
10 43 69.405
10 44 52.631
10 45 44.777
10 46 31.257
10 47 19.026
10 48 36.359
10 49 29.732
10 50 48.26
10 51 43.909
10 52 40.249
10 53 44.598
10 54 9.055
10 55 40.361
10 56 36.878
10 57 17.029
10 58 24.042
10 59 37.162
10 60 44.822
10 61 40.817
10 62 57.07
10 63 32.558
10 64 65.192
10 65 8.485
10 66 50.695
10 67 17.088
10 68 47.424
10 69 24.597
10 70 18.439
10 71 39.205
10 72 42.544
10 73 21.633
10 74 21.378
10 75 44.011
10 76 52.953
10 77 49.649
10 78 50.922
10 79 16.401
10 80 55.036
10 81 23.345
10 82 31.828
10 83 48.374
10 84 56.921
10 85 43.863
10 86 2.0
10 87 51.478
10 88 57.385
10 89 57.428
10 90 25.08
10 91 31.89
10 92 43.932
10 93 9.0
10 94 46.69
10 95 24.166
10 96 36.77
10 97 11.402
10 98 39.598
10 99 28.018
10 100 57.385
11 12 25 3
11 12 76.968
11 13 28.425
11 14 23.087
11 15 25.0
11 16 65.765
11 17 84.959
11 18 11.402
11 19 32.757
11 20 15.0
11 21 75.027
11 22 40.0
11 23 55.973
11 24 75.432
11 25 11.18
11 26 62.394
11 27 71.568
11 28 99.202
11 29 83.199
11 30 37.202
11 31 17.464
11 32 40.311
11 33 73.824
11 34 92.763
11 35 20.0
11 36 61.0
11 37 37.483
11 38 84.315
11 39 49.244
11 40 30.017
11 41 88.482
11 42 58.241
11 43 77.492
11 44 8.0
11 45 72.835
11 46 73.926
11 47 34.928
11 48 65.513
11 49 65.192
11 50 9.22
11 51 89.811
11 52 85.802
11 53 48.836
11 54 40.0
11 55 87.0
11 56 10.296
11 57 48.332
11 58 27.857
11 59 82.42
11 60 61.033
11 61 12.166
11 62 31.828
11 63 70.385
11 64 18.868
11 65 38.184
11 66 25.612
11 67 55.946
11 68 68.007
11 69 45.354
11 70 51.478
11 71 9.22
11 72 73.756
11 73 55.154
11 74 61.294
11 75 84.172
11 76 88.057
11 77 57.07
11 78 82.565
11 79 51.43
11 80 38.013
11 81 23.345
11 82 57.07
11 83 94.202
11 84 25.807
11 85 89.051
11 86 45.277
11 87 55.785
11 88 11.18
11 89 35.384
11 90 32.016
11 91 15.0
11 92 66.121
11 93 53.413
11 94 65.008
11 95 44.385
11 96 83.439
11 97 49.396
11 98 86.267
11 99 69.836
11 100 71.701
12 44 95 15
12 13 52.953
12 14 77.647
12 15 63.506
12 16 26.926
12 17 25.962
12 18 75.166
12 19 63.0
12 20 64.195
12 21 80.455
12 22 38.833
12 23 56.08
12 24 13.342
12 25 88.142
12 26 15.0
12 27 23.022
12 28 48.052
12 29 101.597
12 30 48.042
12 31 89.56
12 32 54.231
12 33 43.105
12 34 30.017
12 35 59.363
12 36 44.147
12 37 50.329
12 38 44.418
12 39 27.731
12 40 85.212
12 41 45.618
12 42 21.26
12 43 102.044
12 44 80.623
12 45 71.281
12 46 45.967
12 47 42.048
12 48 64.498
12 49 12.728
12 50 74.947
12 51 41.785
12 52 19.026
12 53 80.604
12 54 46.0
12 55 32.573
12 56 66.708
12 57 28.636
12 58 49.193
12 59 41.34
12 60 77.621
12 61 67.231
12 62 93.536
12 63 54.203
12 64 95.708
12 65 43.29
12 66 86.833
12 67 46.239
12 68 77.827
12 69 33.422
12 70 25.495
12 71 71.784
12 72 67.201
12 73 52.555
12 74 16.279
12 75 57.628
12 76 70.838
12 77 84.481
12 78 72.918
12 79 49.041
12 80 92.005
12 81 55.362
12 82 25.239
12 83 25.495
12 84 92.574
12 85 19.235
12 86 37.014
12 87 86.833
12 88 88.142
12 89 94.191
12 90 62.008
12 91 62.394
12 92 74.243
12 93 28.018
12 94 33.377
12 95 34.205
12 96 29.155
12 97 45.122
12 98 30.364
12 99 9.22
12 100 89.0
13 34 43 20
13 14 25.0
13 15 11.18
13 16 37.643
13 17 57.009
13 18 32.894
13 19 14.866
13 20 13.454
13 21 55.362
13 22 14.142
13 23 31.0
13 24 55.082
13 25 38.897
13 26 40.012
13 27 54.571
13 28 70.803
13 29 69.642
13 30 8.944
13 31 37.162
13 32 15.133
13 33 64.14
13 34 64.815
13 35 22.091
13 36 53.413
13 37 33.838
13 38 56.08
13 39 27.074
13 40 33.242
13 41 60.208
13 42 38.471
13 43 66.219
13 44 34.986
13 45 50.488
13 46 46.098
13 47 16.125
13 48 42.19
13 49 43.012
13 50 31.385
13 51 61.4
13 52 58.669
13 53 37.483
13 54 11.662
13 55 58.694
13 56 19.235
13 57 26.077
13 58 14.422
13 59 54.083
13 60 43.829
13 61 24.739
13 62 41.0
13 63 43.932
13 64 46.69
13 65 10.296
13 66 34.059
13 67 28.46
13 68 49.041
13 69 28.231
13 70 29.017
13 71 20.616
13 72 50.04
13 73 29.155
13 74 36.674
13 75 57.28
13 76 63.198
13 77 44.688
13 78 59.034
13 79 24.515
13 80 41.0
13 81 6.083
13 82 39.56
13 83 66.888
13 84 39.623
13 85 62.177
13 86 17.493
13 87 45.255
13 88 38.897
13 89 42.19
13 90 13.454
13 91 14.318
13 92 46.174
13 93 26.401
13 94 52.326
13 95 27.313
13 96 55.227
13 97 21.541
13 98 58.052
13 99 44.643
13 100 56.436
14 34 18 2
14 15 14.142
14 16 59.093
14 17 78.262
14 18 34.015
14 19 17.205
14 20 18.868
14 21 53.759
14 22 39.051
14 23 39.825
14 24 80.056
14 25 27.166
14 26 65.008
14 27 79.076
14 28 87.966
14 29 60.208
14 30 30.083
14 31 17.493
14 32 27.459
14 33 86.539
14 34 85.884
14 35 34.828
14 36 74.686
14 37 52.154
14 38 72.25
14 39 52.038
14 40 8.944
14 41 76.485
14 42 63.285
14 43 54.406
14 44 30.806
14 45 53.141
14 46 60.828
14 47 39.812
14 48 46.957
14 49 68.007
14 50 31.78
14 51 79.025
14 52 81.345
14 53 26.077
14 54 32.573
14 55 78.549
14 56 23.345
14 57 51.039
14 58 35.114
14 59 71.063
14 60 39.319
14 61 30.61
14 62 16.0
14 63 54.818
14 64 33.242
14 65 34.366
14 66 9.22
14 67 43.417
14 68 46.69
14 69 52.173
14 70 54.009
14 71 15.811
14 72 55.036
14 73 40.311
14 74 61.4
14 75 68.6
14 76 69.778
14 77 34.234
14 78 63.325
14 79 38.419
14 80 17.493
14 81 24.739
14 82 63.953
14 83 89.157
14 84 15.652
14 85 85.094
14 86 41.0
14 87 32.757
14 88 27.166
14 89 17.464
14 90 17.493
14 91 23.022
14 92 45.354
14 93 50.22
14 94 75.584
14 95 51.196
14 96 75.664
14 97 38.588
14 98 78.39
14 99 69.051
14 100 49.092
15 36 32 5
15 16 45.651
15 17 65.0
15 18 33.0
15 19 8.0
15 20 12.166
15 21 51.245
15 22 25.0
15 23 31.016
15 24 66.189
15 25 33.615
15 26 51.01
15 27 65.734
15 28 76.381
15 29 62.65
15 30 16.155
15 31 28.601
15 32 15.811
15 33 74.706
15 34 72.719
15 35 27.295
15 36 63.514
15 37 42.426
15 38 60.959
15 39 38.21
15 40 22.091
15 41 65.192
15 42 49.649
15 43 58.31
15 44 32.757
15 45 48.166
15 46 50.0
15 47 26.926
15 48 40.608
15 49 54.009
15 50 31.016
15 51 67.179
15 52 67.624
15 53 28.844
15 54 18.788
15 55 65.803
15 56 19.105
15 57 37.216
15 58 23.601
15 59 59.414
15 60 38.079
15 61 26.476
15 62 30.067
15 63 45.618
15 64 41.049
15 65 20.224
15 66 23.345
15 67 32.016
15 68 44.407
15 69 39.217
15 70 40.112
15 71 15.811
15 72 48.836
15 73 30.414
15 74 47.265
15 75 59.481
15 76 63.063
15 77 36.715
15 78 57.706
15 79 27.203
15 80 29.833
15 81 12.806
15 82 50.695
15 83 75.584
15 84 29.411
15 85 71.309
15 86 26.926
15 87 36.62
15 88 33.615
15 89 31.064
15 90 7.071
15 91 15.811
15 92 42.107
15 93 36.139
15 94 63.159
15 95 38.275
15 96 62.682
15 97 26.173
15 98 65.46
15 99 54.918
15 100 49.98
16 58 72 12
16 17 19.416
16 18 68.007
16 19 42.379
16 20 50.99
16 21 53.535
16 22 26.627
16 23 29.833
16 24 37.483
16 25 76.485
16 26 25.495
16 27 44.102
16 28 35.468
16 29 74.706
16 30 29.682
16 31 74.095
16 32 32.28
16 33 62.65
16 34 27.203
16 35 53.339
16 36 58.464
16 37 52.953
16 38 24.0
16 39 26.077
16 40 65.146
16 41 27.166
16 42 31.321
16 43 75.392
16 44 71.589
16 45 44.407
16 46 20.591
16 47 35.341
16 48 37.59
16 49 26.926
16 50 67.007
16 51 26.249
16 52 22.561
16 53 56.036
16 54 26.926
16 55 21.401
16 56 55.902
16 57 26.173
16 58 41.677
16 59 21.024
16 60 51.245
16 61 59.405
16 62 74.0
16 63 27.586
16 64 84.291
16 65 27.586
16 66 68.154
16 67 20.224
16 68 50.99
16 69 35.128
16 70 25.0
16 71 58.258
16 72 40.46
16 73 26.476
16 74 18.385
16 75 33.615
16 76 45.793
16 77 58.856
16 78 46.755
16 79 24.0
16 80 70.612
16 81 42.426
16 82 36.139
16 83 30.083
16 84 74.733
16 85 26.476
16 86 20.518
16 87 61.522
16 88 76.485
16 89 73.763
16 90 41.785
16 91 50.931
16 92 47.424
16 93 13.928
16 94 50.329
16 95 35.228
16 96 17.692
16 97 21.378
16 98 20.518
16 99 18.439
16 100 62.241
17 69 88 5
17 18 86.556
17 19 61.327
17 20 70.292
17 21 63.6
17 22 45.277
17 23 45.177
17 24 39.294
17 25 95.776
17 26 34.366
17 27 48.662
17 28 22.204
17 29 85.44
17 30 49.092
17 31 93.493
17 32 51.078
17 33 68.731
17 34 7.81
17 35 71.4
17 36 68.066
17 37 68.154
17 38 20.616
17 39 41.146
17 40 83.934
17 41 20.616
17 42 41.593
17 43 87.664
17 44 90.521
17 45 54.12
17 46 26.926
17 47 53.009
17 48 49.497
17 49 34.059
17 50 85.703
17 51 16.125
17 52 8.485
17 53 72.56
17 54 46.325
17 55 6.708
17 56 74.967
17 57 41.593
17 58 59.816
17 59 18.028
17 60 65.123
17 61 77.987
17 62 92.849
17 63 36.878
17 64 103.586
17 65 46.861
17 66 87.235
17 67 36.878
17 68 62.968
17 69 49.769
17 70 39.395
17 71 77.621
17 72 49.336
17 73 42.426
17 74 29.411
17 75 35.228
17 76 48.826
17 77 74.007
17 78 52.773
17 79 41.485
17 80 88.888
17 81 61.62
17 82 46.53
17 83 12.0
17 84 93.915
17 85 11.662
17 86 39.699
17 87 77.058
17 88 95.776
17 89 92.358
17 90 60.836
17 91 70.036
17 92 59.682
17 93 31.89
17 94 58.034
17 95 50.16
17 96 4.472
17 97 39.925
17 98 4.472
17 99 23.087
17 100 74.33
18 3 32 20
18 19 41.0
18 20 21.095
18 21 84.149
18 22 41.4
18 23 62.968
18 24 71.694
18 25 17.464
18 26 60.208
18 27 66.483
18 28 102.728
18 29 93.68
18 30 41.785
18 31 28.018
18 32 46.872
18 33 66.03
18 34 94.26
18 35 15.811
18 36 53.038
18 37 30.15
18 38 88.549
18 39 47.802
18 40 41.34
18 41 92.59
18 42 55.009
18 43 88.255
18 44 7.071
18 45 81.099
18 46 78.924
18 47 33.971
18 48 73.335
18 49 62.769
18 50 2.236
18 51 93.295
18 52 86.279
18 53 59.203
18 54 44.385
18 55 89.404
18 56 14.142
18 57 47.011
18 58 26.87
18 59 86.354
18 60 70.576
18 61 8.602
18 62 43.139
18 63 76.655
18 64 23.022
18 65 41.183
18 66 37.014
18 67 61.351
18 68 77.233
18 69 42.059
18 70 50.0
18 71 18.682
18 72 81.498
18 73 61.612
18 74 60.44
18 75 90.139
18 76 95.352
18 77 67.446
18 78 90.449
18 79 57.28
18 80 49.406
18 81 26.926
18 82 52.924
18 83 94.763
18 84 36.878
18 85 89.196
18 86 47.707
18 87 66.408
18 88 17.464
18 89 46.755
18 90 40.012
18 91 18.682
18 92 75.06
18 93 54.672
18 94 58.549
18 95 41.183
18 96 85.604
18 97 54.424
18 98 88.408
18 99 69.029
18 100 81.786
19 44 32 6
19 20 20.1
19 21 43.29
19 22 26.249
19 23 23.707
19 24 67.268
19 25 40.719
19 26 51.788
19 27 68.007
19 28 70.838
19 29 55.471
19 30 15.133
19 31 33.971
19 32 10.296
19 33 78.772
19 34 68.877
19 35 34.54
19 36 68.25
19 37 48.415
19 38 55.172
19 39 39.85
19 40 22.804
19 41 59.414
19 42 51.546
19 43 51.614
19 44 40.608
19 45 40.2
19 46 43.863
19 47 30.806
19 48 32.757
19 49 54.745
19 50 39.013
19 51 61.847
19 52 64.846
19 53 22.627
19 54 17.0
19 55 61.4
19 56 27.074
19 57 38.897
19 58 29.069
19 59 53.907
19 60 30.364
19 61 34.366
19 62 31.623
19 63 38.588
19 64 47.885
19 65 20.616
19 66 25.942
19 67 26.249
19 68 36.497
19 69 42.544
19 70 41.485
19 71 23.537
19 72 41.0
19 73 23.601
19 74 47.096
19 75 52.479
19 76 55.362
19 77 30.0
19 78 49.82
19 79 21.26
19 80 29.017
19 81 18.868
19 82 53.31
19 83 72.45
19 84 32.757
19 85 68.68
19 86 26.019
19 87 30.414
19 88 40.719
19 89 31.575
19 90 1.414
19 91 23.537
19 92 34.132
19 93 35.014
19 94 66.731
19 95 41.677
19 96 58.592
19 97 21.471
19 98 61.294
19 99 54.037
19 100 42.544
20 24 34 20
20 21 63.388
20 22 25.942
20 23 41.976
20 24 64.382
20 25 25.495
20 26 50.22
20 27 62.073
20 28 84.202
20 29 74.465
20 30 22.204
20 31 25.495
20 32 25.962
20 33 68.007
20 34 78.102
20 35 16.279
20 36 55.946
20 37 33.287
20 38 69.34
20 39 36.878
20 40 27.785
20 41 73.498
20 42 47.17
20 43 69.771
20 44 21.932
20 45 60.033
20 46 59.059
20 47 23.087
20 48 52.24
20 49 53.151
20 50 19.235
20 51 74.813
20 52 71.561
20 53 40.249
20 54 25.0
20 55 72.125
20 56 7.0
20 57 35.903
20 58 17.117
20 59 67.424
20 60 50.22
20 61 14.318
20 62 33.526
20 63 55.973
20 64 33.302
20 65 23.431
20 66 26.249
20 67 41.146
20 68 56.569
20 69 35.014
20 70 39.051
20 71 7.616
20 72 60.407
20 73 40.804
20 74 48.104
20 75 69.642
20 76 74.33
20 77 48.332
20 78 69.354
20 79 36.77
20 80 36.359
20 81 8.944
20 82 47.011
20 83 79.881
20 84 30.15
20 85 74.947
20 86 30.61
20 87 47.885
20 88 25.495
20 89 35.847
20 90 19.026
20 91 4.243
20 92 54.231
20 93 39.115
20 94 57.489
20 95 34.015
20 96 68.622
20 97 34.482
20 98 71.449
20 99 56.462
20 100 61.984
21 87 27 19
21 22 59.169
21 23 27.203
21 24 90.427
21 25 80.895
21 26 76.42
21 27 95.483
21 28 58.138
21 29 21.84
21 30 49.244
21 31 70.342
21 32 40.497
21 33 111.521
21 34 68.25
21 35 77.13
21 36 103.73
21 37 88.238
21 38 45.277
21 39 69.814
21 40 51.865
21 41 48.042
21 42 79.981
21 43 25.02
21 44 83.024
21 45 9.487
21 46 36.688
21 47 67.978
21 48 16.279
21 49 78.645
21 50 82.098
21 51 53.151
21 52 71.169
21 53 29.155
21 54 48.301
21 55 59.228
21 56 70.349
21 57 69.203
21 58 69.289
21 59 46.69
21 60 14.56
21 61 77.647
21 62 58.6
21 63 26.926
21 64 86.885
21 65 54.12
21 66 57.871
21 67 36.069
21 68 7.071
21 69 76.551
21 70 70.292
21 71 66.0
21 72 14.318
21 73 30.61
21 74 69.426
21 75 32.062
21 76 23.259
21 77 23.022
21 78 15.232
21 79 35.805
21 80 50.12
21 81 60.877
21 82 83.738
21 83 75.186
21 84 64.257
21 85 74.947
21 86 53.824
21 87 26.401
21 88 80.895
21 89 55.471
21 90 44.407
21 91 66.753
21 92 9.22
21 93 58.0
21 94 98.717
21 95 76.007
21 96 59.203
21 97 40.804
21 98 60.638
21 99 71.847
21 100 12.649
22 36 57 3
22 23 32.202
22 24 41.304
22 25 51.039
22 26 26.019
22 27 41.785
22 28 61.717
22 29 76.485
22 30 11.662
22 31 50.922
22 32 20.616
22 33 53.907
22 34 53.038
22 35 26.833
22 36 44.822
22 37 30.414
22 38 48.384
22 39 13.601
22 40 47.043
22 41 52.202
22 42 25.298
22 43 74.33
22 44 45.255
22 45 52.393
22 46 40.311
22 47 10.0
22 48 43.863
22 49 29.017
22 50 40.46
22 51 52.326
22 52 45.804
22 53 47.508
22 54 11.314
22 55 48.01
22 56 29.833
22 57 12.649
22 58 15.232
22 59 45.88
22 60 50.249
22 61 32.802
22 62 55.036
22 63 41.304
22 64 58.822
22 65 5.831
22 66 48.166
22 67 25.495
22 68 53.824
22 69 17.692
22 70 15.297
22 71 33.541
22 72 50.596
22 73 29.155
22 74 22.561
22 75 53.038
22 76 61.66
22 77 53.6
22 78 59.203
22 79 23.77
22 80 54.452
22 81 17.0
22 82 27.295
22 83 54.203
22 84 53.759
22 85 49.092
22 86 7.071
22 87 54.918
22 88 51.039
22 89 56.036
22 90 25.0
22 91 25.0
22 92 50.478
22 93 13.454
22 94 41.4
22 95 17.029
22 96 44.204
22 97 18.974
22 98 47.011
22 99 30.676
22 100 63.032
23 65 43 3
23 24 64.661
23 25 64.405
23 26 50.0
23 27 68.884
23 28 49.396
23 29 46.4
23 30 23.345
23 31 57.201
23 32 16.125
23 33 84.386
23 34 51.788
23 35 53.038
23 36 76.551
23 37 61.984
23 38 33.615
23 39 42.638
23 40 42.638
23 41 37.736
23 42 53.038
23 43 46.065
23 44 63.6
23 45 20.248
23 46 21.954
23 47 41.437
23 48 11.705
23 49 52.431
23 50 61.188
23 51 41.146
23 52 51.039
23 53 27.459
23 54 21.84
23 55 43.174
23 56 48.836
23 57 42.012
23 58 43.738
23 59 33.106
23 60 21.541
23 61 55.326
23 62 51.4
23 63 15.0
23 64 71.589
23 65 27.514
23 66 47.381
23 67 9.849
23 68 22.672
23 69 49.396
23 70 43.186
23 71 46.819
23 72 19.105
23 73 3.606
23 74 43.267
23 75 28.844
23 76 32.388
23 77 29.155
23 78 28.071
23 79 8.602
23 80 45.651
23 81 37.014
23 82 56.639
23 83 57.14
23 84 54.452
23 85 55.036
23 86 26.627
23 87 32.016
23 88 64.405
23 89 49.93
23 90 24.166
23 91 44.407
23 92 19.105
23 93 31.241
23 94 71.589
23 95 48.877
23 96 41.437
23 97 13.601
23 98 43.738
23 99 47.011
23 100 33.287
24 31 98 6
24 25 86.4
24 26 15.524
24 27 10.198
24 28 61.392
24 29 110.941
24 30 52.173
24 31 89.805
24 32 59.775
24 33 30.0
24 34 43.186
24 35 56.303
24 36 32.696
24 37 43.829
24 38 57.245
24 39 28.018
24 40 88.278
24 41 58.694
24 42 17.263
24 43 110.639
24 44 77.833
24 45 81.566
24 46 57.628
24 47 41.304
24 48 74.202
24 49 12.649
24 50 71.868
24 51 55.027
24 52 32.249
24 53 86.977
24 54 50.695
24 55 45.88
24 56 65.513
24 57 29.017
24 58 47.854
24 59 54.12
24 60 85.959
24 61 64.514
24 62 96.047
24 63 65.054
24 64 93.606
24 65 46.69
24 66 89.006
24 67 54.918
24 68 87.092
24 69 30.083
24 70 26.077
24 71 71.701
24 72 77.833
24 73 61.057
24 74 21.471
24 75 69.893
24 76 82.801
24 77 91.788
24 78 84.22
24 79 56.824
24 80 95.755
24 81 56.08
24 82 18.788
24 83 38.053
24 84 94.085
24 85 32.0
24 86 41.761
24 87 93.776
24 88 86.4
24 89 97.252
24 90 66.098
24 91 61.814
24 92 83.487
24 93 34.015
24 94 21.541
24 95 31.048
24 96 42.379
24 97 52.326
24 98 43.681
24 99 19.209
24 100 97.944
25 7 15 4
25 26 73.539
25 27 82.201
25 28 109.343
25 29 86.47
25 30 47.424
25 31 13.416
25 32 49.396
25 33 83.217
25 34 103.586
25 35 30.414
25 36 70.257
25 37 47.011
25 38 94.202
25 39 60.415
25 40 31.401
25 41 98.407
25 42 69.26
25 43 80.062
25 44 10.44
25 45 79.812
25 46 83.487
25 47 46.098
25 48 73.055
25 49 76.322
25 50 16.125
25 51 100.005
25 52 96.835
25 53 53.009
25 54 50.249
25 55 97.591
25 56 21.471
25 57 59.506
25 58 39.0
25 59 92.455
25 60 66.483
25 61 22.204
25 62 29.967
25 63 79.177
25 64 7.81
25 65 48.918
25 66 25.71
25 67 65.46
25 68 73.824
25 69 56.321
25 70 62.65
25 71 18.439
25 72 81.271
25 73 64.008
25 74 72.471
25 75 93.059
25 76 95.859
25 77 61.008
25 78 89.844
25 79 60.745
25 80 37.947
25 81 34.205
25 82 67.912
25 83 105.209
25 84 22.825
25 85 100.125
25 86 56.08
25 87 59.135
25 88 0.0
25 89 34.015
25 90 40.249
25 91 26.077
25 92 72.367
25 93 64.405
25 94 75.107
25 95 55.362
25 96 94.112
25 97 59.203
25 98 96.938
25 99 81.006
25 100 76.0
26 35 83 5
26 27 19.105
26 28 56.036
26 29 96.4
26 30 36.674
26 31 75.71
26 32 44.272
26 33 37.162
26 34 40.522
26 35 44.418
26 36 34.059
26 37 35.805
26 38 48.27
26 39 13.342
26 40 73.062
26 41 50.636
26 42 7.28
26 43 95.718
26 44 65.765
26 45 67.897
26 46 46.065
26 47 27.514
26 48 60.141
26 49 3.0
26 50 60.033
26 51 48.094
26 52 30.083
26 53 71.512
26 54 35.171
26 55 40.05
26 56 52.202
26 57 14.318
26 58 34.54
26 59 45.122
26 60 71.021
26 61 52.355
26 62 81.006
26 63 52.202
26 64 81.025
26 65 31.257
26 66 74.061
26 67 40.46
26 68 72.622
26 69 18.439
26 70 11.18
26 71 57.723
26 72 64.537
26 73 46.4
26 74 7.211
26 75 59.093
26 76 71.197
26 77 76.485
26 78 71.61
26 79 41.881
26 80 80.399
26 81 41.593
26 82 12.166
26 83 38.013
26 84 79.404
26 85 31.765
26 86 26.249
26 87 78.39
26 88 73.539
26 89 82.055
26 90 50.636
26 91 48.083
26 92 69.029
26 93 18.868
26 94 25.0
26 95 19.209
26 96 36.014
26 97 37.216
26 98 38.118
26 99 11.402
26 100 83.235
27 21 96 2
27 28 70.859
27 29 115.256
27 30 53.31
27 31 87.023
27 32 61.717
27 33 20.1
27 34 53.038
27 35 51.788
27 36 22.825
27 37 37.162
27 38 65.552
27 39 28.231
27 40 87.664
27 41 67.357
27 42 16.553
27 43 114.285
27 44 73.007
27 45 87.0
27 46 64.661
27 47 39.319
27 48 79.209
27 49 17.205
27 50 66.94
27 51 64.031
27 52 42.048
27 53 89.0
27 54 52.326
27 55 55.109
27 56 62.129
27 57 29.155
27 58 45.011
27 59 62.394
27 60 89.627
27 61 60.017
27 62 94.895
27 63 71.218
27 64 89.051
27 65 47.539
27 66 87.693
27 67 59.464
27 68 91.548
27 69 27.074
27 70 26.833
27 71 69.0
27 72 83.63
27 73 65.299
27 74 26.249
27 75 77.414
27 76 89.889
27 77 94.515
27 78 90.604
27 79 60.605
27 80 95.567
27 81 54.452
27 82 15.133
27 83 48.166
27 84 92.195
27 85 42.048
27 86 43.909
27 87 96.177
27 88 82.201
27 89 96.509
27 90 66.731
27 91 59.0
27 92 87.966
27 93 37.643
27 94 11.662
27 95 28.071
27 96 51.42
27 97 55.803
27 98 52.953
27 99 26.926
27 100 102.005
28 91 85 10
28 29 79.025
28 30 62.008
28 31 104.69
28 32 60.828
28 33 90.934
28 34 19.235
28 35 88.549
28 36 90.0
28 37 88.057
28 38 15.811
28 39 60.877
28 40 91.837
28 41 11.662
28 42 63.127
28 43 83.15
28 44 105.683
28 45 49.497
28 46 27.459
28 47 70.774
28 48 48.384
28 49 56.009
28 50 101.548
28 51 9.434
28 52 29.411
28 53 75.644
28 54 59.203
28 55 16.0
28 56 89.872
28 57 61.131
28 58 76.922
28 59 16.971
28 60 64.56
28 61 94.154
28 62 100.688
28 63 35.847
28 64 117.034
28 65 61.587
28 66 96.213
28 67 44.598
28 68 60.017
28 69 69.857
28 70 59.439
28 71 90.907
28 72 44.553
28 73 48.01
28 74 50.359
28 75 26.077
28 76 37.483
28 77 74.632
28 78 44.045
28 79 49.578
28 80 95.016
28 81 76.276
28 82 68.118
28 83 26.627
28 84 103.233
28 85 30.871
28 86 55.073
28 87 78.109
28 88 109.343
28 89 99.323
28 90 70.767
28 91 84.876
28 92 57.489
28 93 49.396
28 94 80.156
28 95 70.093
28 96 20.025
28 97 50.249
28 98 18.028
28 99 45.011
28 100 70.456
29 93 6 10
29 30 65.437
29 31 74.061
29 32 56.223
29 33 130.108
29 34 90.028
29 35 89.9
29 36 121.264
29 37 103.465
29 38 66.91
29 39 88.414
29 40 55.145
29 41 69.462
29 42 99.247
29 43 8.062
29 44 91.005
29 45 31.321
29 46 58.523
29 47 84.202
29 48 37.121
29 49 98.813
29 50 91.482
29 51 74.673
29 52 92.973
29 53 34.482
29 54 65.192
29 55 81.025
29 56 80.994
29 57 87.693
29 58 84.06
29 59 68.447
29 60 26.249
29 61 88.6
29 62 59.135
29 63 48.703
29 64 91.049
29 65 70.937
29 66 61.074
29 67 56.036
29 68 23.854
29 69 94.175
29 70 89.196
29 71 75.0
29 72 36.139
29 73 50.0
29 74 89.627
29 75 53.151
29 76 42.19
29 77 26.249
29 78 35.0
29 79 54.672
29 80 50.09
29 81 74.303
29 82 102.591
29 83 97.015
29 84 66.03
29 85 96.768
29 86 72.139
29 87 27.459
29 88 86.47
29 89 55.227
29 90 56.824
29 91 78.39
29 92 27.459
29 93 77.621
29 94 117.388
29 95 93.509
29 96 81.043
29 97 59.548
29 98 82.462
29 99 92.785
29 100 13.454
30 42 47 20
30 31 44.418
30 32 9.22
30 33 65.437
30 34 56.859
30 35 30.067
30 36 55.902
30 37 39.0
30 38 47.17
30 39 25.08
30 40 37.216
30 41 51.313
30 42 36.77
30 43 62.936
30 44 43.909
30 45 43.417
30 46 37.162
30 47 18.868
30 48 34.928
30 49 39.623
30 50 40.311
30 51 52.631
30 52 51.478
30 53 35.847
30 54 2.828
30 55 50.329
30 56 28.178
30 57 24.166
30 58 20.396
30 59 45.222
30 60 39.205
30 61 33.526
30 62 45.706
30 63 35.355
30 64 55.172
30 65 5.831
30 66 39.294
30 67 19.647
30 68 43.417
30 69 29.069
30 70 26.571
30 71 29.0
30 72 42.426
30 73 21.024
30 74 32.016
30 75 48.508
30 76 55.009
30 77 42.012
30 78 51.352
30 79 16.031
30 80 44.011
30 81 14.866
30 82 38.949
30 83 59.481
30 84 45.541
30 85 55.154
30 86 11.045
30 87 43.267
30 88 47.424
30 89 46.174
30 90 14.036
30 91 23.259
30 92 40.249
30 93 20.224
30 94 53.009
30 95 28.32
30 96 47.011
30 97 12.649
30 98 49.82
30 99 39.205
30 100 52.01
31 19 9 7
31 32 43.863
31 33 90.802
31 34 101.242
31 35 36.674
31 36 78.102
31 37 54.571
31 38 89.095
31 39 62.37
31 40 19.026
31 41 93.338
31 42 72.56
31 43 67.365
31 44 21.932
31 45 70.385
31 46 77.833
31 47 48.508
31 48 64.413
31 49 78.645
31 50 26.077
31 51 95.588
31 52 95.713
31 53 41.593
31 54 47.17
31 55 94.403
31 56 25.08
31 57 61.392
31 58 42.107
31 59 87.727
31 60 55.785
31 61 29.411
31 62 16.553
31 63 72.201
31 64 17.0
31 65 47.424
31 66 13.0
31 67 60.108
31 68 63.325
31 69 60.133
31 70 64.537
31 71 18.111
31 72 72.45
31 73 57.489
31 74 73.376
31 75 86.023
31 76 87.207
31 77 49.254
31 78 80.623
31 79 55.154
31 80 24.739
31 81 34.205
31 82 72.111
31 83 103.832
31 84 9.434
31 85 99.282
31 86 54.562
31 87 47.043
31 88 13.416
31 89 20.616
31 90 33.941
31 91 28.071
31 92 62.298
31 93 63.561
31 94 81.394
31 95 59.135
31 96 91.263
31 97 54.672
31 98 94.048
31 99 81.597
31 100 64.281
32 49 41 1
32 33 74.518
32 34 58.6
32 35 37.216
32 36 65.115
32 37 47.854
32 38 45.277
32 39 33.615
32 40 32.894
32 41 49.518
32 42 45.177
32 43 53.759
32 44 47.76
32 45 35.355
32 46 34.205
32 47 28.018
32 48 27.074
32 49 47.127
32 50 45.122
32 51 51.74
32 52 54.818
32 53 27.313
32 54 9.434
32 55 51.108
32 56 32.757
32 57 32.757
32 58 28.792
32 59 43.863
32 60 30.0
32 61 39.205
32 62 41.785
32 63 30.083
32 64 56.859
32 65 14.866
32 66 36.235
32 67 16.279
32 68 34.438
32 69 38.21
32 70 34.886
32 71 31.305
32 72 35.0
32 73 14.866
32 74 38.833
32 75 43.863
32 76 48.508
32 77 33.015
32 78 44.0
32 79 11.402
32 80 38.471
32 81 21.024
32 82 47.707
32 83 62.298
32 84 43.046
32 85 58.694
32 86 18.028
32 87 34.482
32 88 49.396
32 89 41.485
32 90 10.0
32 91 28.284
32 92 31.385
32 93 26.306
32 94 62.008
32 95 37.483
32 96 48.301
32 97 11.18
32 98 51.0
32 99 45.1
32 100 42.802
33 1 98 20
33 34 73.11
33 35 54.129
33 36 13.0
33 37 36.346
33 38 85.071
33 39 41.773
33 40 95.462
33 41 87.092
33 42 31.906
33 43 128.222
33 44 73.062
33 45 103.6
33 46 83.193
33 47 48.021
33 48 95.425
33 49 36.056
33 50 67.119
33 51 83.952
33 52 62.129
33 53 101.02
33 54 65.192
33 55 75.133
33 56 65.97
33 57 42.45
33 58 51.478
33 59 81.908
33 60 103.966
33 61 61.66
33 62 101.514
33 63 88.837
33 64 89.006
33 65 59.666
33 66 94.244
33 67 75.604
33 68 106.888
33 69 36.401
33 70 41.231
33 71 73.763
33 72 100.688
33 73 80.92
33 74 44.283
33 75 96.255
33 76 108.24
33 77 107.448
33 78 108.227
33 79 75.822
33 80 103.87
33 81 62.169
33 82 27.803
33 83 68.029
33 84 97.529
33 85 62.0
33 86 58.0
33 87 108.6
33 88 83.217
33 89 103.817
33 90 77.389
33 91 64.195
33 92 103.392
33 93 53.824
33 94 12.806
33 95 37.202
33 96 71.386
33 97 70.838
33 98 72.993
33 99 46.573
33 100 116.675
34 74 94 18
34 35 79.025
34 36 73.553
34 37 75.153
34 38 23.409
34 39 48.374
34 40 91.389
34 41 21.954
34 42 47.802
34 43 92.779
34 44 98.29
34 45 58.856
34 46 32.062
34 47 60.605
34 48 55.036
34 49 39.812
34 50 93.434
34 51 16.643
34 52 11.0
34 53 79.246
34 54 54.083
34 55 9.055
34 56 82.759
34 57 48.877
34 58 67.476
34 59 21.587
34 60 71.007
34 61 85.703
34 62 100.319
34 63 42.107
34 64 111.396
34 65 54.672
34 66 94.81
34 67 43.966
34 68 68.264
34 69 56.798
34 70 46.53
34 71 85.428
34 72 53.935
34 73 49.244
34 74 36.249
34 75 38.079
34 76 51.43
34 77 80.225
34 78 56.303
34 79 48.703
34 80 96.135
34 81 69.426
34 82 52.631
34 83 7.81
34 84 101.533
34 85 11.705
34 86 47.508
34 87 83.385
34 88 103.586
34 89 99.725
34 90 68.425
34 91 77.833
34 92 65.123
34 93 39.623
34 94 63.127
34 95 57.245
34 96 10.44
34 97 47.424
34 98 8.062
34 99 29.12
34 100 79.511
35 12 45 19
35 36 41.485
35 37 18.028
35 38 75.027
35 39 32.016
35 40 43.6
35 41 78.924
35 42 39.395
35 43 85.586
35 44 21.541
35 45 72.56
35 46 66.219
35 47 18.439
35 48 64.281
35 49 47.011
35 50 15.652
35 51 79.158
35 52 70.725
35 53 56.08
35 54 32.249
35 55 74.626
35 56 12.083
35 57 31.241
35 58 11.662
35 59 72.615
35 60 64.846
35 61 8.246
35 62 48.301
35 63 65.376
35 64 37.363
35 65 27.893
35 66 41.183
35 67 49.497
35 68 70.605
35 69 26.401
35 70 34.205
35 71 20.125
35 72 72.111
35 73 51.01
35 74 44.688
35 75 78.262
35 76 85.053
35 77 64.008
35 78 81.099
35 79 46.098
35 80 52.202
35 81 16.279
35 82 37.643
35 83 79.209
35 84 43.658
35 85 73.553
35 86 33.615
35 87 63.812
35 88 30.414
35 89 51.108
35 90 33.242
35 91 12.042
35 92 67.912
35 93 39.661
35 94 45.011
35 95 25.495
35 96 70.725
35 97 42.426
35 98 73.498
35 99 53.263
35 100 77.078
36 1 85 14
36 37 23.537
36 38 82.037
36 39 34.438
36 40 83.63
36 41 84.593
36 42 27.295
36 43 118.802
36 44 60.075
36 45 96.385
36 46 78.447
36 47 37.537
36 48 87.983
36 49 34.015
36 50 54.148
36 51 82.152
36 52 62.65
36 53 90.785
36 54 56.08
36 55 74.0
36 56 53.451
36 57 34.886
36 58 39.962
36 59 78.918
36 60 95.016
36 61 48.836
36 62 89.32
36 63 82.855
36 64 76.007
36 65 50.329
36 66 82.079
36 67 68.476
36 68 98.6
36 69 27.203
36 70 34.54
36 71 61.351
36 72 93.941
36 73 73.246
36 74 40.447
36 75 91.761
36 76 102.883
36 77 97.622
36 78 101.98
36 79 67.956
36 80 92.13
36 81 50.774
36 82 22.361
36 83 69.635
36 84 85.071
36 85 63.348
36 86 49.93
36 87 98.494
36 88 70.257
36 89 91.788
36 90 66.843
36 91 52.0
36 92 95.21
36 93 47.539
36 94 11.18
36 95 27.803
36 96 70.007
36 97 62.968
36 98 72.007
36 99 45.011
36 100 107.815
37 6 62 15
37 38 76.655
37 39 27.203
37 40 61.057
37 41 80.062
37 42 29.069
37 43 100.0
37 44 37.054
37 45 82.219
37 46 70.0
37 47 20.616
37 48 73.682
37 49 37.643
37 50 31.016
37 51 79.076
37 52 65.368
37 53 70.937
37 54 40.162
37 55 72.732
37 56 30.083
37 57 26.926
37 58 19.416
37 59 73.824
37 60 77.524
37 61 25.318
37 62 66.212
37 63 71.701
37 64 53.151
37 65 34.482
37 66 59.034
37 67 55.902
37 68 82.292
37 69 18.385
37 70 28.792
37 71 38.079
37 72 80.777
37 73 59.203
37 74 38.91
37 75 83.054
37 76 92.071
37 77 78.409
37 78 89.499
37 79 53.852
37 80 69.642
37 81 29.732
37 82 25.495
37 83 73.573
37 84 61.685
37 85 67.417
37 86 37.216
37 87 78.746
37 88 47.011
37 89 68.884
37 90 47.011
37 91 29.155
37 92 79.202
37 93 39.319
37 94 28.443
37 95 18.028
37 96 68.622
37 97 49.244
37 98 71.169
37 99 46.648
37 100 90.211
38 82 72 5
38 39 50.04
38 40 76.026
38 41 4.243
38 42 54.745
38 43 70.114
38 44 91.066
38 45 36.056
38 46 11.662
38 47 57.974
38 48 33.541
38 49 49.041
38 50 87.235
38 51 8.062
38 52 29.069
38 53 60.166
38 54 44.418
38 55 14.765
38 56 75.293
38 57 50.09
38 58 63.569
38 59 3.162
38 60 49.82
38 61 80.056
38 62 84.876
38 63 20.616
38 64 101.828
38 65 47.424
38 66 80.43
38 67 29.0
38 68 46.043
38 69 59.076
38 70 49.0
38 71 75.802
38 72 31.064
38 73 32.202
38 74 41.593
38 75 14.765
38 76 28.302
38 77 59.666
38 78 32.894
38 79 33.941
38 80 79.259
38 81 61.774
38 82 59.682
38 83 30.871
38 84 87.459
38 85 32.202
38 86 41.437
38 87 63.063
38 88 94.202
38 89 83.528
38 90 55.154
38 91 70.328
38 92 43.186
38 93 37.336
38 94 73.246
38 95 59.135
38 96 16.279
38 97 35.0
38 98 16.643
38 99 38.626
38 100 57.009
39 32 70 16
39 40 60.299
39 41 53.235
39 42 11.705
39 43 86.833
39 44 53.0
39 45 62.129
39 46 44.721
39 47 14.318
39 48 53.824
39 49 16.279
39 50 47.434
39 51 51.971
39 52 39.205
39 53 60.828
39 54 24.187
39 55 45.541
39 56 39.0
39 57 1.0
39 58 21.471
39 59 47.096
39 60 62.37
39 61 39.661
39 62 68.029
39 63 48.466
39 64 67.978
39 65 19.313
39 66 61.0
39 67 34.132
39 68 65.115
39 69 9.055
39 70 2.236
39 71 44.385
39 72 59.54
39 73 39.205
39 74 12.728
39 75 58.052
39 76 68.622
39 77 66.573
39 78 67.543
39 79 34.059
39 80 67.897
39 81 28.284
39 82 14.213
39 83 47.634
39 84 66.189
39 85 41.773
39 86 16.279
39 87 68.096
39 88 60.415
39 89 69.26
39 90 38.601
39 91 34.785
39 92 61.62
39 93 13.342
39 94 29.0
39 95 9.22
39 96 41.437
39 97 29.069
39 98 44.011
39 99 21.26
39 100 75.007
40 38 10 11
40 41 80.212
40 42 71.701
40 43 48.662
40 44 37.162
40 45 52.839
40 46 64.405
40 47 48.508
40 48 47.802
40 49 76.059
40 50 39.115
40 51 83.217
40 52 87.641
40 53 22.804
40 54 39.459
40 55 83.63
40 56 31.89
40 57 59.304
40 58 44.011
40 59 75.166
40 60 37.336
40 61 38.897
40 62 8.944
40 63 57.315
40 64 36.014
40 65 42.012
40 66 6.083
40 67 47.885
40 68 44.944
40 69 60.877
40 70 62.201
40 71 24.042
40 72 55.471
40 73 43.829
40 74 69.065
40 75 70.725
40 76 70.178
40 77 30.265
40 78 63.135
40 79 42.942
40 80 8.602
40 81 33.526
40 82 72.567
40 83 95.189
40 84 12.53
40 85 91.482
40 86 48.26
40 87 28.018
40 88 31.401
40 89 9.0
40 90 23.537
40 91 31.906
40 92 44.283
40 93 57.428
40 94 84.433
40 95 59.908
40 96 81.025
40 97 44.011
40 98 83.672
40 99 76.42
40 100 45.277
41 85 75 13
41 42 57.315
41 43 73.007
41 44 95.189
41 45 39.013
41 46 15.811
41 47 61.685
41 48 37.108
41 49 51.196
41 50 91.302
41 51 5.385
41 52 29.069
41 53 64.078
41 54 48.549
41 55 14.142
41 56 79.404
41 57 53.339
41 58 67.417
41 59 6.325
41 60 53.367
41 61 84.077
41 62 89.051
41 63 24.352
41 64 106.042
41 65 51.43
41 66 84.646
41 67 33.242
41 68 49.254
41 69 62.29
41 70 52.086
41 71 80.0
41 72 34.015
41 73 36.401
41 74 44.181
41 75 16.492
41 76 29.547
41 77 63.325
41 78 34.928
41 79 38.184
41 80 83.355
41 81 65.863
41 82 62.29
41 83 29.682
41 84 91.679
41 85 31.828
41 86 45.31
41 87 66.761
41 88 98.407
41 89 87.664
41 90 59.397
41 91 74.431
41 92 46.53
41 93 40.792
41 94 75.505
41 95 62.394
41 96 16.643
41 97 39.205
41 98 16.279
41 99 40.522
41 100 60.033
42 28 81 15
42 43 98.005
42 44 60.926
42 45 71.84
42 46 51.624
42 47 24.083
42 48 63.781
42 49 8.602
42 50 55.036
42 51 55.009
42 52 37.336
42 53 72.45
42 54 35.777
42 55 47.17
42 56 48.27
42 57 12.649
42 58 30.594
42 59 51.624
42 60 73.41
42 61 47.539
42 62 79.228
42 63 56.939
42 64 76.551
42 65 31.016
42 66 72.111
42 67 43.932
42 68 75.69
42 69 13.0
42 70 10.296
42 71 54.452
42 72 68.819
42 73 49.497
42 74 13.153
42 75 64.846
42 76 76.485
42 77 78.032
42 78 76.322
42 79 44.598
42 80 79.429
42 81 39.0
42 82 5.0
42 83 45.188
42 84 77.006
42 85 38.91
42 86 27.459
42 87 79.649
42 88 69.26
42 89 80.623
42 90 50.289
42 91 44.553
42 92 72.139
42 93 22.023
42 94 19.235
42 95 13.928
42 96 43.105
42 97 39.699
42 98 45.277
42 99 18.682
42 100 85.913
43 86 2 14
43 44 85.165
43 45 34.059
43 46 60.828
43 47 81.394
43 48 38.328
43 49 98.27
43 50 86.035
43 51 78.058
43 52 94.831
43 53 29.53
43 54 63.032
43 55 83.726
43 56 76.059
43 57 86.052
43 58 80.604
43 59 71.344
43 60 24.698
43 61 83.672
43 62 52.0
43 63 50.804
43 64 84.291
43 65 68.622
43 66 54.452
43 67 55.902
43 68 24.739
43 69 91.967
43 70 87.801
43 71 69.642
43 72 39.051
43 73 49.649
43 74 89.185
43 75 57.079
43 76 47.297
43 77 21.633
43 78 39.623
43 79 53.852
43 80 43.012
43 81 70.456
43 82 101.045
43 83 99.464
43 84 59.034
43 85 98.717
43 86 70.605
43 87 21.932
43 88 80.062
43 89 48.01
43 90 53.009
43 91 73.824
43 92 28.16
43 93 76.851
43 94 115.624
43 95 91.241
43 96 83.361
43 97 58.523
43 98 85.0
43 99 93.038
43 100 13.342
44 4 25 8
44 45 80.753
44 46 80.951
44 47 38.833
44 48 73.348
44 49 68.425
44 50 6.083
44 51 96.26
44 52 90.785
44 53 56.719
44 54 46.648
44 55 92.957
44 56 15.811
44 57 52.154
44 58 31.623
44 59 89.045
44 60 69.029
44 61 13.416
44 62 37.802
44 63 77.833
44 64 16.125
44 65 44.204
44 66 32.249
44 67 63.071
44 68 76.007
44 69 47.927
44 70 55.227
44 71 17.117
44 72 81.584
44 73 62.626
44 74 65.46
44 75 91.548
44 76 95.802
44 77 64.938
44 78 90.427
44 79 58.694
44 80 44.777
44 81 29.411
44 82 59.135
44 83 99.247
44 84 31.145
44 85 93.862
44 86 51.088
44 87 63.561
44 88 10.44
44 89 41.617
44 90 39.812
44 91 20.809
44 92 74.108
44 93 58.694
44 94 65.376
44 95 47.011
44 96 89.275
44 97 56.356
44 98 92.098
44 99 74.061
44 100 79.63
45 84 36 13
45 46 27.203
45 47 61.685
45 48 8.544
45 49 70.007
45 50 79.158
45 51 44.011
45 52 61.685
45 53 31.241
45 54 42.059
45 55 49.82
45 56 67.03
45 57 61.587
45 58 63.789
45 59 37.336
45 60 17.029
45 61 74.007
45 62 60.465
45 63 17.464
45 64 86.331
45 65 47.76
45 66 58.592
45 67 28.018
45 68 10.77
45 69 69.354
45 70 62.426
45 71 63.64
45 72 5.0
45 73 23.259
45 74 60.811
45 75 23.537
45 76 17.692
45 77 27.203
45 78 10.296
45 79 28.636
45 80 52.631
45 81 56.321
45 82 75.802
45 83 65.734
45 84 65.368
45 85 65.46
45 86 46.53
45 87 30.806
45 88 79.812
45 89 57.801
45 90 41.11
45 91 63.008
45 92 9.22
45 93 49.82
45 94 90.802
45 95 68.884
45 96 49.729
45 97 33.541
45 98 51.196
45 99 62.801
45 100 21.024
46 76 62 18
46 47 50.249
46 48 23.0
46 49 47.508
46 50 77.473
46 51 19.313
46 52 34.54
46 53 48.703
46 54 34.54
46 55 23.022
46 56 65.307
46 57 44.553
46 58 55.109
46 59 11.402
46 60 39.115
46 61 70.576
46 62 73.239
46 63 10.05
46 64 91.022
46 65 38.328
46 66 68.884
46 67 18.028
46 68 36.222
46 69 53.46
46 70 44.147
46 71 65.192
46 72 22.472
46 73 20.616
46 74 38.91
46 75 13.342
46 76 25.239
46 77 48.662
46 78 27.019
46 79 22.804
46 80 67.602
46 81 52.0
46 82 56.303
46 83 38.639
46 84 75.928
46 85 38.275
46 86 33.242
46 87 51.971
46 88 83.487
46 89 71.868
46 90 43.932
46 91 60.415
46 92 33.061
46 93 31.401
46 94 70.774
46 95 53.339
46 96 22.561
46 97 24.597
46 98 24.187
46 99 38.419
46 100 47.518
47 26 57 8
47 48 53.141
47 49 30.364
47 50 33.422
47 51 61.465
47 52 52.326
47 53 53.263
47 54 19.698
47 55 56.436
47 56 24.698
47 57 13.416
47 58 7.211
47 59 55.362
47 60 58.009
47 61 25.612
47 62 55.579
47 63 51.245
47 64 53.666
47 65 13.928
47 66 48.374
47 67 35.355
47 68 62.266
47 69 12.369
47 70 16.553
47 71 30.414
47 72 60.166
47 73 38.601
47 74 26.627
47 75 63.032
47 76 71.568
47 77 60.108
47 78 68.884
47 79 33.242
47 80 56.613
47 81 15.133
47 82 24.187
47 83 60.811
47 84 53.009
47 85 55.227
47 86 17.029
47 87 60.959
47 88 46.098
47 89 57.271
47 90 29.411
47 91 20.616
47 92 59.059
47 93 21.471
47 94 36.249
47 95 11.402
47 96 52.479
47 97 28.636
47 98 55.227
47 99 35.228
47 100 70.803
48 76 39 18
48 49 62.37
48 50 71.449
48 51 41.593
48 52 56.515
48 53 28.018
48 54 33.526
48 55 46.011
48 56 59.211
48 57 53.254
48 58 55.317
48 59 34.132
48 60 16.279
48 61 66.03
48 62 55.973
48 63 13.038
48 64 79.85
48 65 39.217
48 66 53.254
48 67 19.849
48 68 13.601
48 69 60.902
48 70 54.203
48 71 56.294
48 72 8.246
48 73 14.765
48 74 53.151
48 75 23.854
48 76 22.847
48 77 26.249
48 78 17.117
48 79 20.125
48 80 48.836
48 81 48.094
48 82 67.624
48 83 61.4
48 84 60.216
48 85 60.415
48 86 38.079
48 87 29.732
48 88 73.055
48 89 53.74
48 90 33.541
48 91 55.036
48 92 10.198
48 93 41.773
48 94 82.62
48 95 60.415
48 96 45.277
48 97 25.06
48 98 47.096
48 99 55.758
48 100 25.0
49 35 86 14
49 50 62.65
49 51 48.374
49 52 29.12
49 53 74.33
49 54 38.079
49 55 40.012
49 56 55.027
49 57 17.263
49 58 37.336
49 59 45.88
49 60 73.573
49 61 55.009
49 62 84.006
49 63 54.037
49 64 83.774
49 65 34.234
49 66 77.058
49 67 42.802
49 68 75.0
49 69 20.809
49 70 14.142
49 71 60.638
49 72 66.528
49 73 48.826
49 74 9.22
49 75 60.374
49 76 72.719
49 77 79.202
49 78 73.41
49 79 44.418
49 80 83.385
49 81 44.553
49 82 13.0
49 83 36.77
49 84 82.389
49 85 30.463
49 86 29.12
49 87 81.154
49 88 76.322
49 89 85.053
49 90 53.6
49 91 50.961
49 92 71.4
49 93 21.471
49 94 24.331
49 95 21.633
49 96 36.056
49 97 39.825
49 98 38.0
49 99 11.0
49 100 85.703
50 5 31 2
50 51 92.114
50 52 85.633
50 53 57.009
50 54 42.953
50 55 88.408
50 56 12.369
50 57 46.615
50 58 26.249
50 59 85.088
50 60 68.469
50 61 7.81
50 62 41.012
50 63 75.0
50 64 22.204
50 65 39.962
50 66 34.828
50 67 59.808
50 68 75.166
50 69 42.048
50 70 49.649
50 71 16.492
50 72 79.63
50 73 59.908
50 74 60.0
50 75 88.544
50 76 93.557
50 77 65.253
50 78 88.566
50 79 55.66
50 80 47.202
50 81 25.495
50 82 53.141
50 83 94.112
50 84 34.828
50 85 88.617
50 86 46.615
50 87 64.195
50 88 16.125
50 89 44.598
50 90 38.053
50 91 17.088
50 92 73.027
50 93 53.814
50 94 59.304
50 95 41.146
50 96 84.646
50 97 52.924
50 98 87.459
50 99 68.6
50 100 79.624
51 83 80 11
51 52 24.413
51 53 68.007
51 54 49.82
51 55 9.434
51 56 80.449
51 57 52.173
51 58 67.543
51 59 8.062
51 60 57.871
51 61 84.723
51 62 92.114
51 63 28.636
51 64 107.713
51 65 52.154
51 66 87.419
51 67 35.609
51 68 54.083
51 69 61.0
51 70 50.636
51 71 81.566
51 72 39.013
51 73 39.446
51 74 42.012
51 75 21.84
51 76 34.928
51 77 67.683
51 78 40.262
51 79 40.608
51 80 86.77
51 81 66.851
51 82 60.008
51 83 24.413
51 84 94.403
51 85 26.907
51 86 45.651
51 87 71.063
51 88 100.005
51 89 90.918
51 90 61.717
51 91 75.452
51 92 51.245
51 93 40.162
51 94 72.691
51 95 61.188
51 96 12.649
51 97 41.012
51 98 11.662
51 99 37.483
51 100 65.0
52 63 94 9
52 53 78.058
52 54 48.847
52 55 15.0
52 56 75.604
52 57 39.825
52 58 59.414
52 59 26.401
52 60 71.701
52 61 77.833
52 62 96.462
52 63 44.272
52 64 104.623
52 65 48.374
52 66 90.477
52 67 42.048
52 68 70.093
52 69 47.17
52 70 37.202
52 71 79.076
52 72 57.009
52 73 48.0
52 74 26.627
52 75 43.6
52 76 57.201
52 77 80.156
52 78 60.902
52 79 46.271
52 80 93.172
52 81 62.682
52 82 42.059
52 83 8.485
52 84 96.933
52 85 4.0
52 86 41.183
52 87 83.054
52 88 96.835
52 89 96.302
52 90 64.195
52 91 70.803
52 92 66.708
52 93 32.45
52 94 52.154
52 95 47.707
52 96 12.806
52 97 43.932
52 98 12.806
52 99 18.788
52 100 81.492
53 60 16 12
53 54 36.674
53 55 70.612
53 56 46.615
53 57 59.942
53 58 51.662
53 59 60.083
53 60 14.765
53 61 54.231
53 62 29.53
53 63 39.812
53 64 58.421
53 65 41.677
53 66 28.862
53 67 36.014
53 68 22.361
53 69 64.637
53 70 62.169
53 71 40.522
53 72 34.655
53 73 30.15
53 74 65.803
53 75 51.865
53 76 48.918
53 77 8.246
53 78 41.4
53 79 32.062
53 80 21.401
53 81 41.231
53 82 74.793
53 83 84.481
53 84 35.114
53 85 82.055
53 86 45.31
53 87 7.81
53 88 53.009
53 89 26.627
53 90 24.042
53 91 44.294
53 92 22.204
53 93 53.16
53 94 88.752
53 95 63.82
53 96 68.884
53 97 35.511
53 98 71.197
53 99 71.386
53 100 23.022
54 44 49 11
54 55 47.508
54 56 30.887
54 57 23.324
54 58 22.091
54 59 42.438
54 60 38.949
54 61 36.056
54 62 48.052
54 63 33.136
54 64 58.0
54 65 5.831
54 66 41.761
54 67 17.263
54 68 42.72
54 69 29.0
54 70 25.495
54 71 31.828
54 72 40.792
54 73 19.235
54 74 30.15
54 75 46.098
54 76 53.009
54 77 42.438
54 78 49.649
54 79 14.036
54 80 46.011
54 81 17.464
54 82 38.275
54 83 56.798
54 84 48.104
54 85 52.555
54 86 9.055
54 87 43.909
54 88 50.249
54 89 48.374
54 90 16.031
54 91 25.942
54 92 39.446
54 93 18.028
54 94 52.631
54 95 28.32
54 96 44.204
54 97 10.198
54 98 47.011
54 99 37.054
54 100 51.74
55 75 85 11
55 56 77.233
55 57 45.88
55 58 62.968
55 59 12.649
55 60 62.032
55 61 80.802
55 62 92.574
55 63 33.061
55 64 105.38
55 65 48.836
55 66 87.321
55 67 35.847
55 68 59.211
55 69 54.406
55 70 43.966
55 71 79.246
55 72 44.911
55 73 40.804
55 74 34.525
55 75 29.53
55 76 43.046
55 77 71.344
55 78 47.539
55 79 40.719
55 80 88.023
55 81 63.702
55 82 52.154
55 83 16.155
55 84 94.154
55 85 17.692
55 86 41.869
55 87 74.545
55 88 97.591
55 89 91.788
55 90 61.057
55 91 72.25
55 92 56.08
55 93 34.986
55 94 64.195
55 95 54.708
55 96 4.123
55 97 39.962
55 98 2.236
55 99 29.017
55 100 70.456
56 17 34 4
56 57 38.079
56 58 17.72
56 59 73.246
56 60 57.07
56 61 7.616
56 62 36.235
56 63 62.642
56 64 29.155
56 65 28.425
56 66 29.155
56 67 47.539
56 68 63.506
56 69 35.511
56 70 41.231
56 71 8.062
56 72 67.365
56 73 47.539
56 74 51.0
56 75 76.217
56 76 81.216
56 77 54.781
56 78 76.322
56 79 43.324
56 80 40.46
56 81 13.601
56 82 47.381
56 83 84.024
56 84 31.623
56 85 78.816
56 86 35.384
56 87 54.129
56 88 21.471
56 89 39.115
56 90 26.019
56 91 5.0
56 92 61.205
56 93 43.278
56 94 56.321
56 95 34.525
56 96 73.593
56 97 40.719
56 98 76.42
56 99 59.54
56 100 68.68
57 32 69 11
57 58 20.591
57 59 47.17
57 60 61.62
57 61 38.833
57 62 67.03
57 63 48.104
57 64 67.082
57 65 18.385
57 66 60.0
57 67 33.615
57 68 64.444
57 69 9.0
57 70 3.162
57 71 43.417
57 72 59.059
57 73 38.601
57 74 13.454
57 75 57.871
57 76 68.308
57 77 65.734
57 78 67.119
57 79 33.422
57 80 66.91
57 81 27.295
57 82 15.0
57 83 48.27
57 84 65.192
57 85 42.45
57 86 15.556
57 87 67.231
57 88 59.506
57 89 68.264
57 90 37.643
57 91 33.838
57 92 60.959
57 93 13.153
57 94 29.698
57 95 9.055
57 96 41.785
57 97 28.425
57 98 44.385
57 99 22.023
57 100 74.277
58 22 51 11
58 59 61.098
58 60 58.181
58 61 18.439
58 62 50.448
58 63 55.009
58 64 46.519
58 65 17.029
58 66 43.174
58 67 39.013
58 68 63.159
58 69 18.028
58 70 23.707
58 71 24.021
58 72 62.801
58 73 41.304
58 74 33.838
58 75 67.476
58 76 75.06
58 77 59.034
58 78 71.701
58 79 36.125
58 80 52.393
58 81 10.817
58 82 30.017
58 83 67.897
58 84 47.265
58 85 62.37
58 86 22.136
58 87 59.464
58 88 39.0
58 89 52.498
58 90 27.659
58 91 14.036
58 92 60.166
58 93 28.018
58 94 40.522
58 95 17.029
58 96 59.076
58 97 32.0
58 98 61.855
58 99 42.438
58 100 70.831
59 79 73 17
59 60 50.359
59 61 77.827
59 62 84.06
59 63 21.095
59 64 100.125
59 65 45.177
59 66 79.404
59 67 27.659
59 68 47.011
59 69 56.143
59 70 46.011
59 71 74.027
59 72 32.388
59 73 31.385
59 74 38.471
59 75 17.205
59 76 30.806
59 77 60.017
59 78 34.928
59 79 32.65
59 80 78.715
59 81 59.682
59 82 56.569
59 83 28.792
59 84 86.4
59 85 29.682
59 86 39.0
59 87 63.348
59 88 92.455
59 89 82.855
59 90 53.814
59 91 68.264
59 92 44.011
59 93 34.525
59 94 70.093
59 95 56.223
59 96 13.601
59 97 33.302
59 98 14.318
59 99 35.468
59 100 58.138
60 73 23 16
60 61 64.537
60 62 44.294
60 63 29.275
60 64 72.367
60 65 44.688
60 66 43.324
60 67 31.385
60 68 7.616
60 69 67.941
60 70 63.253
60 71 52.154
60 72 21.095
60 73 25.08
60 74 64.498
60 75 39.395
60 76 34.655
60 77 10.296
60 78 26.907
60 79 29.155
60 80 36.056
60 81 48.847
60 82 76.577
60 83 77.104
60 84 49.769
60 85 75.664
60 86 46.098
60 87 13.892
60 88 66.483
60 89 41.34
60 90 31.623
60 91 53.852
60 92 7.81
60 93 52.154
60 94 91.285
60 95 67.268
60 96 61.033
60 97 33.838
60 98 63.0
60 99 68.542
60 100 12.806
61 10 37 11
61 62 42.438
61 63 68.659
61 64 29.12
61 65 32.65
61 66 35.609
61 67 53.16
61 68 70.859
61 69 34.54
61 70 41.881
61 71 14.866
61 72 74.108
61 73 53.759
61 74 52.202
61 75 82.006
61 76 87.693
61 77 62.394
61 78 83.096
61 79 49.244
61 80 47.381
61 81 18.682
61 82 45.88
61 83 86.313
61 84 37.121
61 85 80.808
61 86 39.115
61 87 61.741
61 88 22.204
61 89 45.607
61 90 33.242
61 91 11.0
61 92 68.469
61 93 46.098
61 94 53.009
61 95 33.615
61 96 77.006
61 97 46.174
61 98 79.812
61 99 60.803
61 100 76.243
62 34 2 8
62 63 65.947
62 64 32.757
62 65 50.249
62 66 7.28
62 67 56.824
62 68 51.884
62 69 67.897
62 70 70.007
62 71 28.178
62 72 63.411
62 73 52.697
62 74 77.318
62 75 79.209
62 76 78.006
62 77 36.056
62 78 70.725
62 79 51.884
62 80 9.055
62 81 40.447
62 82 79.762
62 83 104.062
62 84 7.28
62 85 100.285
62 86 56.719
62 87 33.242
62 88 29.967
62 89 4.123
62 90 32.28
62 91 37.336
62 92 51.624
62 93 65.924
62 94 90.956
62 95 66.91
62 96 89.961
62 97 52.924
62 98 92.612
62 99 84.853
62 100 50.695
63 77 52 13
63 64 86.452
63 65 38.0
63 66 62.241
63 67 16.0
63 68 26.173
63 69 56.613
63 70 48.332
63 71 61.327
63 72 13.038
63 73 15.232
63 74 45.0
63 75 13.892
63 76 20.396
63 77 39.051
63 78 19.416
63 79 19.416
63 80 59.641
63 81 50.01
63 82 61.294
63 83 48.662
63 84 69.311
63 85 48.083
63 86 34.525
63 87 42.45
63 88 79.177
63 89 64.203
63 90 38.949
63 91 57.974
63 92 23.022
63 93 35.341
63 94 76.158
63 95 56.321
63 96 32.558
63 97 23.022
63 98 34.234
63 99 46.011
63 100 37.483
64 2 9 16
64 65 56.727
64 66 30.0
64 67 73.007
64 68 79.831
64 69 63.569
64 70 70.214
64 71 26.173
64 72 88.023
64 73 71.344
64 74 80.131
64 75 100.344
64 76 102.694
64 77 66.189
64 78 96.462
64 79 68.242
64 80 41.437
64 81 42.012
64 82 75.0
64 83 113.004
64 84 25.495
64 85 107.898
64 86 63.891
64 87 64.031
64 88 7.81
64 89 36.878
64 90 47.508
64 91 33.838
64 92 78.588
64 93 72.201
64 94 81.498
64 95 62.626
64 96 101.912
64 97 66.843
64 98 104.738
64 99 88.685
64 100 81.222
65 39 52 18
65 66 43.566
65 67 22.0
65 68 48.549
65 69 23.345
65 70 20.881
65 71 30.806
65 72 46.325
65 73 24.739
65 74 27.074
65 75 50.488
65 76 58.138
65 77 47.802
65 78 55.109
65 79 19.416
65 80 49.163
65 81 14.866
65 82 33.121
65 83 56.604
65 84 49.477
65 85 51.884
65 86 7.211
65 87 49.092
65 88 48.918
65 89 51.01
65 90 19.416
65 91 23.431
65 92 45.277
65 93 16.155
65 94 47.202
65 95 22.627
65 96 45.255
65 97 15.033
65 98 48.083
65 99 34.713
65 100 57.489
66 32 9 20
66 67 51.865
66 68 50.922
66 69 60.671
66 70 63.008
66 71 21.095
66 72 61.057
66 73 48.27
66 74 70.576
66 75 75.822
66 76 75.802
66 77 36.346
66 78 68.884
66 79 46.872
66 80 12.53
66 81 33.242
66 82 72.56
66 83 98.234
66 84 7.071
66 85 94.244
66 86 50.22
66 87 34.059
66 88 25.71
66 89 10.0
66 90 26.401
66 91 30.083
66 92 50.16
66 93 59.439
66 94 83.678
66 95 59.682
66 96 84.534
66 97 47.413
66 98 87.235
66 99 78.262
66 100 51.352
67 61 52 3
67 68 32.202
67 69 41.629
67 70 34.409
67 71 47.17
67 72 25.495
67 73 6.325
67 74 33.601
67 75 28.862
67 76 36.222
67 77 38.639
67 78 33.838
67 79 5.0
67 80 52.202
67 81 34.482
67 82 47.802
67 83 48.662
67 84 58.822
67 85 46.043
67 86 18.974
67 87 41.304
67 88 65.46
67 89 55.946
67 90 26.173
67 91 42.72
67 92 28.601
67 93 21.932
67 94 62.801
67 95 41.231
67 96 33.526
67 97 7.071
67 98 36.056
67 99 37.162
67 100 43.046
68 80 26 2
68 69 71.4
68 70 65.765
68 71 59.008
68 72 15.524
68 73 26.249
68 74 65.803
68 75 34.205
68 76 27.803
68 77 16.971
68 78 19.849
68 79 31.113
68 80 43.566
68 81 54.406
68 82 79.209
68 83 74.813
68 84 57.385
68 85 73.98
68 86 48.918
68 87 20.518
68 88 73.824
68 89 48.877
68 90 37.656
68 91 60.017
68 92 3.606
68 93 53.907
68 94 94.112
68 95 70.803
68 96 58.694
68 97 36.069
68 98 60.407
68 99 68.964
68 100 11.402
69 23 69 12
69 70 10.44
69 71 42.048
69 72 67.119
69 73 46.141
69 74 20.591
69 75 66.753
69 76 76.922
69 77 71.063
69 78 75.392
69 79 40.817
69 80 68.964
69 81 27.459
69 82 12.0
69 83 55.471
69 84 65.123
69 85 49.406
69 86 22.825
69 87 72.201
69 88 56.321
69 89 69.635
69 90 41.183
69 91 32.062
69 92 68.007
69 93 22.091
69 94 24.187
69 95 1.0
69 96 50.289
69 97 35.847
69 98 52.811
69 99 28.601
69 100 80.722
70 33 72 9
70 71 46.573
70 72 59.682
70 73 39.699
70 74 10.63
70 75 57.489
70 76 68.352
70 77 67.742
70 78 67.535
70 79 34.655
70 80 69.721
70 81 30.414
70 82 13.454
70 83 45.607
70 84 68.264
70 85 39.699
70 86 17.205
70 87 69.354
70 88 62.65
70 89 71.176
70 90 40.262
70 91 37.0
70 92 62.241
70 93 13.0
70 94 28.425
70 95 10.77
70 96 39.85
70 97 29.698
70 98 42.379
70 99 19.105
70 100 75.822
71 21 27 8
71 72 64.537
71 73 46.098
71 74 55.714
71 75 75.153
71 76 78.848
71 77 48.765
71 78 73.348
71 79 42.544
71 80 32.558
71 81 16.553
71 82 54.037
71 83 87.367
71 84 23.77
71 85 82.492
71 86 38.013
71 87 47.76
71 88 18.439
71 89 31.064
71 90 22.804
71 91 10.0
71 92 57.035
71 93 46.648
71 94 63.789
71 95 41.049
71 96 75.822
71 97 40.804
71 98 78.645
71 99 64.078
71 100 63.151
72 84 41 8
72 73 21.587
72 74 57.385
72 75 18.682
72 76 14.765
72 77 31.385
72 78 9.0
72 79 26.926
72 80 55.902
72 81 56.009
72 82 72.945
72 83 60.877
72 84 67.956
72 85 60.745
72 86 44.385
72 87 34.986
72 88 81.271
72 89 60.959
72 90 41.773
72 91 63.127
72 92 13.416
72 93 46.872
72 94 87.92
72 95 66.708
72 96 44.922
72 97 31.623
72 98 46.325
72 99 58.898
72 100 26.019
73 63 46 8
73 74 39.661
73 75 29.069
73 76 34.059
73 77 32.388
73 78 30.414
73 79 5.385
73 80 47.424
73 81 35.228
73 82 53.151
73 83 54.332
73 84 55.317
73 85 52.0
73 86 23.324
73 87 35.128
73 88 64.008
73 89 51.478
73 90 23.854
73 91 42.953
73 92 22.672
73 93 27.659
73 94 68.118
73 95 45.651
73 96 38.833
73 97 10.296
73 98 41.231
73 99 43.463
73 100 36.892
74 41 79 5
74 75 52.0
74 76 64.008
74 77 70.385
74 78 64.405
74 79 35.355
74 80 76.026
74 81 39.217
74 82 18.111
74 83 35.0
74 84 76.295
74 85 29.069
74 86 21.095
74 87 72.45
74 88 72.471
74 89 78.058
74 90 46.043
74 91 46.519
74 92 62.201
74 93 12.649
74 94 31.953
74 95 21.095
74 96 30.414
74 97 30.871
74 98 32.757
74 99 8.602
74 100 76.551
75 89 59 10
75 76 13.601
75 77 49.659
75 78 18.439
75 79 32.894
75 80 72.471
75 81 63.325
75 82 69.57
75 83 45.618
75 84 82.879
75 85 46.872
75 86 46.011
75 87 53.226
75 88 93.059
75 89 77.233
75 90 52.839
75 91 71.47
75 92 31.953
75 93 44.721
75 94 83.934
75 95 66.611
75 96 30.806
75 97 35.903
75 98 31.385
75 99 50.774
75 100 44.407
76 97 48 12
76 77 44.688
76 78 8.062
76 79 39.0
76 80 70.292
76 81 69.26
76 82 81.025
76 83 59.059
76 84 82.68
76 85 60.465
76 86 54.918
76 87 48.27
76 88 95.859
76 89 75.432
76 90 56.045
76 91 76.792
76 92 26.87
76 93 55.362
76 94 95.708
76 95 76.655
76 96 44.407
76 97 43.105
76 98 44.944
76 99 63.6
76 100 35.847
77 68 14 14
77 78 36.797
77 79 35.44
77 80 27.313
77 81 48.826
77 82 80.709
77 83 86.006
77 84 42.202
77 85 84.149
77 86 50.606
77 87 3.606
77 88 61.008
77 89 32.696
77 90 31.401
77 91 52.326
77 92 18.028
77 93 57.775
77 94 95.0
77 95 70.292
77 96 70.064
77 97 39.56
77 98 72.173
77 99 75.286
77 100 15.033
78 93 41 6
78 79 35.693
78 80 62.801
78 81 65.008
78 82 80.623
78 83 63.695
78 84 75.664
78 85 64.413
78 86 52.811
78 87 40.361
78 88 89.844
78 89 68.007
78 90 50.636
78 91 72.111
78 92 19.209
78 93 54.589
78 94 95.525
78 95 75.027
78 96 48.301
78 97 40.262
78 98 49.244
78 99 65.069
78 100 27.857
79 58 48 10
79 80 47.434
79 81 30.594
79 82 48.104
79 83 53.151
79 84 53.824
79 85 50.249
79 86 18.028
79 87 37.855
79 88 60.745
79 89 51.078
79 90 21.213
79 91 38.601
79 92 27.586
79 93 23.022
79 94 63.032
79 95 40.311
79 96 38.275
79 97 5.0
79 98 40.853
79 99 39.85
79 100 41.4
80 43 3 6
80 81 41.785
80 82 80.523
80 83 100.424
80 84 16.031
80 85 97.082
80 86 55.0
80 87 24.352
80 88 37.947
80 89 5.385
80 90 30.0
80 91 40.497
80 92 43.6
80 93 64.031
80 94 92.698
80 95 68.007
80 96 85.703
80 97 49.244
80 98 88.255
80 99 83.054
80 100 41.761
81 28 42 11
81 82 39.319
81 83 71.028
81 84 38.013
81 85 66.038
81 86 21.932
81 87 49.041
81 88 34.205
81 89 42.202
81 90 17.493
81 91 8.602
81 92 51.662
81 93 30.232
81 94 50.922
81 95 26.476
81 96 60.108
81 97 27.514
81 98 62.936
81 99 47.539
81 100 61.27
82 23 81 18
82 83 49.769
82 84 77.104
82 85 43.463
82 86 30.48
82 87 82.152
82 88 67.912
82 89 81.394
82 90 52.0
82 91 44.045
82 92 75.69
82 93 26.077
82 94 15.0
82 95 13.0
82 96 48.094
82 97 43.139
82 98 50.249
82 99 23.537
82 100 89.196
83 69 100 18
83 84 104.785
83 85 6.325
83 86 49.396
83 87 89.051
83 88 105.209
83 89 103.74
83 90 71.868
83 91 79.202
83 92 71.568
83 93 40.804
83 94 58.856
83 95 56.036
83 96 16.125
83 97 51.245
83 98 14.56
83 99 26.926
83 100 86.145
84 27 4 10
84 85 100.658
84 86 56.321
84 87 39.623
84 88 22.825
84 89 11.402
84 90 33.121
84 91 33.541
84 92 56.798
84 93 65.521
84 94 87.476
84 95 64.125
84 96 91.302
84 97 54.203
84 98 94.021
84 99 84.172
84 100 57.07
85 63 98 15
85 86 44.721
85 87 87.052
85 88 100.125
85 89 100.17
85 90 68.007
85 91 74.061
85 92 70.612
85 93 35.847
85 94 52.612
85 95 50.0
85 96 16.125
85 97 47.854
85 98 15.62
85 99 20.809
85 100 85.376
86 43 58 7
86 87 52.326
86 88 56.08
86 89 57.219
86 90 25.0
86 91 30.414
86 92 45.453
86 93 9.22
86 94 45.255
86 95 22.361
86 96 38.21
86 97 13.038
86 98 41.037
86 99 28.16
86 100 58.728
87 66 11 5
87 88 59.135
87 89 29.732
87 90 31.828
87 91 51.971
87 92 21.633
87 93 59.808
87 94 96.26
87 95 71.4
87 96 73.171
87 97 41.761
87 98 75.326
87 99 77.621
87 100 17.464
88 7 15 12
88 89 34.015
88 90 40.249
88 91 26.077
88 92 72.367
88 93 64.405
88 94 75.107
88 95 55.362
88 96 94.112
88 97 59.203
88 98 96.938
88 99 81.006
88 100 76.0
89 38 1 9
89 90 32.388
89 91 39.812
89 92 48.826
89 93 66.37
89 94 93.005
89 95 68.659
89 96 89.32
89 97 52.498
89 98 91.924
89 99 85.376
89 100 47.127
90 43 33 16
90 91 22.361
90 92 35.228
90 93 34.059
90 94 65.368
90 95 40.311
90 96 58.181
90 97 21.095
90 98 60.902
90 99 53.085
90 100 43.863
91 21 37 17
91 92 57.559
91 93 38.419
91 94 53.935
91 95 31.064
91 96 68.622
91 97 35.847
91 98 71.449
91 99 55.009
91 100 65.788
92 78 29 15
92 93 50.329
92 94 90.609
92 95 67.424
92 96 55.444
92 97 32.558
92 98 57.219
92 99 65.368
92 100 14.866
93 45 67 10
93 94 41.049
93 95 22.023
93 96 31.064
93 97 18.358
93 98 33.838
93 99 19.026
93 100 64.405
94 11 90 10
94 95 25.06
94 96 60.299
94 97 58.052
94 98 62.129
94 99 35.228
94 100 103.966
95 23 68 15
95 96 50.596
95 97 35.355
95 98 53.141
95 99 29.206
95 100 80.056
96 71 84 1
96 97 37.121
96 98 2.828
96 99 25.08
96 100 70.036
97 54 51 9
97 98 39.825
97 99 35.903
97 100 46.228
98 73 86 16
98 99 27.0
98 100 71.701
99 46 86 5
99 100 80.062
100 83 15 9
