35 3 10
1 26 33 2
1 2 29.017
1 3 67.676
1 4 41.11
1 5 46.487
1 6 76.158
1 7 56.719
1 8 63.506
1 9 30.806
1 10 63.198
1 11 62.65
1 12 8.544
1 13 8.0
1 14 17.464
1 15 33.302
1 16 46.84
1 17 63.695
1 18 39.395
1 19 61.522
1 20 40.817
1 21 31.016
1 22 37.162
1 23 60.836
1 24 18.868
1 25 66.03
1 26 34.0
1 27 50.488
1 28 24.042
1 29 13.601
1 30 19.026
1 31 16.401
1 32 71.197
1 33 60.407
1 34 49.649
1 35 54.129
2 25 62 17
2 3 82.62
2 4 17.205
2 5 62.936
2 6 67.602
2 7 68.505
2 8 81.32
2 9 38.013
2 10 72.471
2 11 40.46
2 12 21.378
2 13 21.024
2 14 13.0
2 15 21.378
2 16 20.0
2 17 39.051
2 18 18.385
2 19 65.46
2 20 20.881
2 21 2.828
2 22 14.866
2 23 37.483
2 24 17.029
2 25 46.325
2 26 17.029
2 27 21.84
2 28 43.267
2 29 42.107
2 30 36.056
2 31 43.417
2 32 48.836
2 33 32.016
2 34 21.932
2 35 29.732
3 90 11 7
3 4 79.511
3 5 21.19
3 6 60.033
3 7 15.264
3 8 9.22
3 9 44.688
3 10 17.029
3 11 84.172
3 12 67.978
3 13 70.682
3 14 71.561
3 15 98.005
3 16 102.069
3 17 90.338
3 18 75.286
3 19 30.15
3 20 102.343
3 21 82.329
3 22 96.835
3 23 85.866
3 24 66.03
3 25 80.324
3 26 70.767
3 27 101.119
3 28 43.658
3 29 68.593
3 30 49.659
3 31 54.745
3 32 88.865
3 33 99.865
3 34 90.427
3 35 112.294
4 39 72 5
4 5 62.266
4 6 53.009
4 7 64.444
4 8 80.156
4 9 36.235
4 10 66.603
4 11 23.345
4 12 32.573
4 13 33.615
4 14 23.77
4 15 37.696
4 16 26.683
4 17 22.825
4 18 4.243
4 19 57.14
4 20 34.234
4 21 14.422
4 22 28.443
4 23 20.616
4 24 23.195
4 25 29.155
4 26 9.487
4 27 22.825
4 28 47.074
4 29 54.708
4 30 40.447
4 31 52.086
4 32 31.828
4 33 21.84
4 34 11.18
4 35 37.363
5 70 18 12
5 6 57.385
5 7 13.416
5 8 18.385
5 9 26.077
5 10 21.471
5 11 71.386
5 12 47.011
5 13 49.649
5 14 51.225
5 15 77.175
5 16 82.759
5 17 76.655
5 18 58.181
5 19 28.601
5 20 82.006
5 21 62.968
5 22 76.694
5 23 72.277
5 24 46.011
5 25 69.26
5 26 53.0
5 27 82.62
5 28 22.472
5 29 48.042
5 30 28.653
5 31 34.059
5 32 77.524
5 33 83.63
5 34 73.43
5 35 92.655
6 92 71 13
6 7 48.052
6 8 66.611
6 9 47.508
6 10 43.105
6 11 39.812
6 12 69.778
6 13 72.498
6 14 65.46
6 15 88.955
6 16 79.31
6 17 46.957
6 18 50.04
6 19 30.414
6 20 87.052
6 21 65.376
6 22 81.099
6 23 43.463
6 24 60.166
6 25 32.249
6 26 50.636
6 27 73.98
6 28 62.241
6 29 86.608
6 30 61.074
6 31 75.743
6 32 39.205
6 33 62.968
6 34 59.034
6 35 89.677
7 82 24 16
7 8 19.026
7 9 30.529
7 10 8.062
7 11 69.08
7 12 55.66
7 13 58.523
7 14 58.138
7 15 85.088
7 16 87.618
7 17 75.153
7 18 60.208
7 19 17.72
7 20 88.685
7 21 68.007
7 22 83.006
7 23 70.682
7 24 52.355
7 25 65.521
7 26 55.866
7 27 86.313
7 28 33.061
7 29 60.133
7 30 37.855
7 31 46.174
7 32 74.041
7 33 84.629
7 34 75.286
7 35 98.005
8 83 5 12
8 9 44.204
8 10 23.77
8 11 87.281
8 12 64.9
8 13 67.417
8 14 69.527
8 15 95.131
8 16 101.139
8 17 93.048
8 18 76.007
8 19 36.222
8 20 100.265
8 21 81.345
8 22 95.016
8 23 88.6
8 24 64.382
8 25 84.172
8 26 71.028
8 27 100.896
8 28 39.962
8 29 62.817
8 30 46.615
8 31 49.336
8 32 92.65
8 33 101.213
8 34 91.269
8 35 111.036
9 56 40 18
9 10 35.114
9 11 48.0
9 12 27.019
9 13 30.017
9 14 27.857
9 15 55.027
9 16 57.385
9 17 52.345
9 18 32.202
9 19 31.016
9 20 58.181
9 21 37.643
9 22 52.479
9 23 48.166
9 24 21.932
9 25 47.676
9 26 26.926
9 27 56.727
9 28 15.652
9 29 39.446
9 30 13.601
9 31 28.284
9 32 55.227
9 33 57.775
9 34 47.413
9 35 67.624
10 89 28 8
10 11 68.476
10 12 61.392
10 13 64.327
10 14 62.968
10 15 90.139
10 16 90.973
10 17 74.947
10 18 62.37
10 19 13.153
10 20 93.038
10 21 71.694
10 22 87.207
10 23 70.491
10 24 57.009
10 25 64.078
10 26 58.6
10 27 89.022
10 28 40.05
10 29 67.476
10 30 44.181
10 31 53.6
10 32 72.615
10 33 85.796
10 34 77.078
10 35 101.548
11 56 88 8
11 12 54.203
11 13 55.758
11 14 46.043
11 15 60.033
11 16 44.147
11 17 7.211
11 18 23.601
11 19 56.303
11 20 54.781
11 21 37.643
11 22 49.659
11 23 4.0
11 24 43.829
11 25 8.062
11 26 28.653
11 27 37.336
11 28 62.394
11 29 76.026
11 30 57.07
11 31 70.88
11 32 8.602
11 33 23.537
11 34 22.804
11 35 53.339
12 29 41 4
12 13 3.0
12 14 9.055
12 15 30.232
12 16 40.311
12 17 55.154
12 18 30.871
12 19 58.0
12 20 36.125
12 21 23.087
12 22 31.623
12 23 52.326
12 24 10.63
12 25 57.801
12 26 25.554
12 27 43.174
12 28 25.0
12 29 22.136
12 30 18.358
12 31 22.136
12 32 62.769
12 33 52.154
12 34 41.304
12 35 48.549
13 26 41 12
13 14 9.849
13 15 27.803
13 16 39.217
13 17 56.365
13 18 32.249
13 19 61.0
13 20 34.205
13 21 23.022
13 22 30.017
13 23 53.712
13 24 12.806
13 25 59.666
13 26 27.203
13 27 42.579
13 28 27.459
13 29 21.378
13 30 21.024
13 31 23.259
13 32 64.351
13 33 52.469
13 34 41.773
13 35 47.011
14 30 50 20
14 15 27.203
14 16 32.757
14 17 46.519
14 18 22.472
14 19 57.706
14 20 30.806
14 21 14.318
14 22 25.495
14 23 43.909
14 24 6.083
14 25 50.249
14 26 17.692
14 27 34.785
14 28 30.61
14 29 31.048
14 30 23.431
14 31 30.594
14 32 54.644
14 33 43.105
14 34 32.249
14 35 41.869
15 4 58 11
15 16 21.932
15 17 57.201
15 18 39.56
15 19 84.723
15 20 10.05
15 21 23.77
15 22 11.402
15 23 56.604
15 24 33.242
15 25 66.641
15 26 38.328
15 27 29.155
15 28 55.218
15 29 42.048
15 30 48.549
15 31 49.679
15 32 67.956
15 33 45.453
15 34 38.419
15 35 24.021
16 13 78 3
16 17 39.56
16 18 30.364
16 19 82.735
16 20 12.806
16 21 19.799
16 22 11.18
16 23 40.262
16 24 37.014
16 25 51.788
16 26 32.65
16 27 7.81
16 28 63.246
16 29 58.694
16 30 56.036
16 31 62.394
16 32 50.922
16 33 25.0
16 34 21.378
16 35 10.77
17 50 92 5
17 18 24.352
17 19 63.008
17 20 51.0
17 21 36.235
17 22 46.325
17 23 4.472
17 24 45.222
17 25 14.866
17 26 30.083
17 27 32.28
17 28 66.008
17 29 77.253
17 30 60.208
17 31 73.348
17 32 11.402
17 33 17.029
17 34 18.868
17 35 48.052
18 42 69 12
18 19 53.0
18 20 37.014
18 21 15.811
18 22 31.064
18 23 21.471
18 24 20.881
18 25 28.425
18 26 6.0
18 27 26.926
18 28 43.566
18 29 52.924
18 30 37.121
18 31 49.366
18 32 32.202
18 33 25.632
18 34 15.264
18 35 41.11
19 87 41 20
19 20 86.331
19 21 64.257
19 22 80.324
19 23 58.6
19 24 51.624
19 25 51.43
19 26 50.09
19 27 79.925
19 28 40.853
19 29 68.308
19 30 42.953
19 31 55.154
19 32 59.933
19 33 74.967
19 34 67.007
19 35 93.472
20 5 68 4
20 21 22.361
20 22 6.083
20 23 51.078
20 24 36.359
20 25 61.984
20 26 37.336
20 27 20.518
20 28 60.828
20 29 50.922
20 30 53.814
20 31 57.14
20 32 62.169
20 33 37.537
20 34 32.202
20 35 14.142
21 27 64 6
21 22 16.279
21 23 34.655
21 24 17.493
21 25 43.566
21 26 15.033
21 27 20.616
21 28 43.909
21 29 44.283
21 30 36.715
21 31 44.911
21 32 46.011
21 33 29.614
21 34 19.313
21 35 30.0
22 11 67 13
22 23 46.065
22 24 30.806
22 25 56.648
22 26 31.257
22 27 17.889
22 28 55.902
22 29 48.27
22 30 48.795
22 31 53.235
22 32 57.306
22 33 34.059
22 34 27.459
22 35 17.0
23 52 88 19
23 24 42.154
23 25 12.042
23 26 26.926
23 27 33.377
23 28 62.073
23 29 74.324
23 30 56.436
23 31 69.857
23 32 11.402
23 33 19.647
23 34 18.974
23 35 49.366
24 36 49 7
24 25 47.202
24 26 15.232
24 27 38.013
24 28 26.42
24 29 32.202
24 30 19.235
24 31 29.0
24 32 52.355
24 33 44.102
24 34 33.061
24 35 46.669
25 64 87 3
25 26 32.558
25 27 45.177
25 28 62.817
25 29 79.076
25 30 58.189
25 31 72.615
25 32 8.544
25 33 31.575
25 34 30.414
25 35 61.205
26 42 63 2
26 27 30.48
26 28 37.656
26 29 47.424
26 30 31.145
26 31 43.417
26 32 37.216
26 33 31.321
26 34 20.616
26 35 43.382
27 19 83 13
27 28 64.413
27 29 63.071
27 30 57.245
27 31 65.253
27 32 43.681
27 33 17.205
27 34 15.033
27 35 16.031
28 49 26 7
28 29 27.659
28 30 7.211
28 31 14.318
28 32 70.036
28 33 68.884
28 34 57.974
28 35 72.471
29 22 20 4
29 30 25.942
29 31 14.0
29 32 84.534
29 33 73.824
29 34 63.151
29 35 64.846
30 45 32 9
30 31 15.0
30 32 65.0
30 33 62.169
30 34 51.196
30 35 65.299
31 36 20 3
31 32 79.057
31 33 73.062
31 34 62.032
31 35 70.235
32 61 95 8
32 33 28.071
32 34 29.967
32 35 59.439
33 33 93 20
33 34 11.045
33 35 31.953
34 34 82 4
34 35 31.0
35 3 82 4
