55 4
1 9 8 8
1 2 95.21
1 3 90.338
1 4 67.602
1 5 25.495
1 6 81.056
1 7 28.16
1 8 38.897
1 9 83.187
1 10 61.612
1 11 17.263
1 12 93.776
1 13 43.012
1 14 26.926
1 15 36.125
1 16 80.604
1 17 100.0
1 18 24.739
1 19 42.438
1 20 30.017
1 21 80.281
1 22 55.946
1 23 66.038
1 24 92.65
1 25 7.28
1 26 79.379
1 27 88.814
1 28 112.486
1 29 84.024
1 30 51.088
1 31 10.05
1 32 51.856
1 33 90.355
1 34 107.801
1 35 37.121
1 36 77.414
1 37 54.083
1 38 97.082
1 39 66.129
1 40 29.069
1 41 101.316
1 42 75.432
1 43 77.233
1 44 17.72
1 45 80.056
1 46 86.052
1 47 51.865
1 48 73.824
1 49 82.219
1 50 23.345
1 51 103.247
1 52 101.548
1 53 51.624
1 54 53.907
1 55 101.415
2 86 64 16
2 3 16.492
2 4 29.206
2 5 73.79
2 6 14.866
2 7 79.12
2 8 56.939
2 9 68.154
2 10 41.437
2 11 83.648
2 12 52.202
2 13 56.08
2 14 69.426
2 15 59.363
2 16 29.12
2 17 29.411
2 18 88.955
2 19 52.802
2 20 68.877
2 21 37.014
2 22 50.488
2 23 29.698
2 24 64.661
2 25 92.962
2 26 54.424
2 27 72.45
2 28 21.587
2 29 58.421
2 30 47.17
2 31 86.683
2 32 43.566
2 33 91.548
2 34 32.311
2 35 76.4
2 36 87.556
2 37 80.025
2 38 8.944
2 39 54.332
2 40 72.25
2 41 11.045
2 42 60.44
2 43 62.0
2 44 90.802
2 45 28.071
2 46 10.198
2 47 60.407
2 48 26.926
2 49 55.543
2 50 87.464
2 51 16.279
2 52 37.802
2 53 54.589
2 54 44.598
2 55 23.707
3 90 48 9
3 4 23.087
3 5 72.035
3 6 21.095
3 7 78.918
3 8 54.571
3 9 79.076
3 10 46.098
3 11 81.32
3 12 65.765
3 13 56.223
3 14 63.53
3 15 56.321
3 16 40.0
3 17 45.177
3 18 88.459
3 19 48.703
3 20 67.469
3 21 21.213
3 22 54.745
3 23 25.495
3 24 77.337
3 25 89.32
3 26 65.192
3 27 84.054
3 28 37.014
3 29 42.107
3 30 48.01
3 31 81.006
3 32 41.593
3 33 102.083
3 34 48.703
3 35 78.058
3 36 96.385
3 37 85.159
3 38 25.298
3 39 62.032
3 40 64.405
3 41 27.459
3 42 70.235
3 43 46.174
3 44 89.022
3 45 13.416
3 46 19.799
3 47 64.63
3 48 16.643
3 49 66.851
3 50 86.683
3 51 32.757
3 52 53.339
3 53 43.863
3 54 46.011
3 55 39.925
4 68 41 12
4 5 49.031
4 6 18.439
4 7 56.223
4 8 31.575
4 9 66.528
4 10 28.601
4 11 58.241
4 12 59.093
4 13 34.059
4 14 41.049
4 15 33.242
4 16 32.573
4 17 47.011
4 18 65.62
4 19 25.632
4 20 44.553
4 21 23.601
4 22 35.777
4 23 3.606
4 24 67.956
4 25 66.31
4 26 53.413
4 27 72.346
4 28 49.649
4 29 43.012
4 30 26.683
4 31 58.523
4 32 19.0
4 33 87.966
4 34 53.339
4 35 56.143
4 36 80.156
4 37 65.46
4 38 34.015
4 39 46.228
4 40 43.139
4 41 38.013
4 42 56.569
4 43 42.953
4 44 65.97
4 45 16.763
4 46 22.472
4 47 44.944
4 48 8.246
4 49 55.803
4 50 63.789
4 51 41.785
4 52 53.235
4 53 26.249
4 54 25.298
4 55 44.553
5 20 31 15
5 6 59.059
5 7 9.434
5 8 17.464
5 9 59.076
5 10 36.797
5 11 10.0
5 12 68.352
5 13 18.439
5 14 19.105
5 15 16.031
5 16 55.902
5 17 75.166
5 18 17.029
5 19 24.021
5 20 5.0
5 21 67.119
5 22 30.529
5 23 46.573
5 24 67.897
5 25 20.616
5 26 54.12
5 27 65.008
5 28 89.202
5 29 77.162
5 30 27.203
5 31 22.023
5 32 30.676
5 33 69.642
5 34 82.976
5 35 16.125
5 36 57.245
5 37 34.015
5 38 74.33
5 39 40.804
5 40 27.659
5 41 78.492
5 42 50.636
5 43 72.09
5 44 17.088
5 45 64.195
5 46 64.008
5 47 26.683
5 48 56.569
5 49 57.009
5 50 15.0
5 51 79.812
5 52 76.276
5 53 42.72
5 54 30.0
5 55 77.078
6 72 59 5
6 7 64.257
6 8 42.438
6 9 57.983
6 10 27.019
6 11 68.964
6 12 45.607
6 13 41.231
6 14 55.902
6 15 45.0
6 16 19.105
6 17 29.155
6 18 74.095
6 19 38.897
6 20 54.12
6 21 35.341
6 22 36.056
6 23 17.464
6 24 56.586
6 25 78.492
6 26 44.102
6 27 63.008
6 28 32.202
6 29 57.009
6 30 32.311
6 31 72.863
6 32 29.206
6 33 81.006
6 34 35.057
6 35 61.612
6 36 75.611
6 37 66.068
6 38 16.401
6 39 41.485
6 40 59.641
6 41 20.616
6 42 49.193
6 43 58.694
6 44 76.026
6 45 25.942
6 46 5.0
6 47 46.043
6 48 20.396
6 49 45.804
6 50 72.615
6 51 23.707
6 52 36.139
6 53 44.643
6 54 29.732
6 55 26.173
7 12 36 3
7 8 25.02
7 9 55.109
7 10 39.661
7 11 11.0
7 12 67.119
7 13 23.087
7 14 28.425
7 15 24.331
7 16 58.412
7 17 77.156
7 18 9.849
7 19 32.249
7 20 12.166
7 21 75.538
7 22 31.89
7 23 53.46
7 24 64.846
7 25 21.587
7 26 52.326
7 27 60.671
7 28 92.962
7 29 86.377
7 30 31.953
7 31 27.893
7 32 37.336
7 33 62.968
7 34 84.9
7 35 9.0
7 36 50.22
7 37 26.683
7 38 78.715
7 39 39.446
7 40 36.77
7 41 82.765
7 42 47.76
7 43 81.437
7 44 13.601
7 45 72.0
7 46 69.08
7 47 25.239
7 48 64.07
7 49 55.036
7 50 8.602
7 51 83.528
7 52 77.233
7 53 52.0
7 54 34.54
7 55 79.812
8 37 35 10
8 9 56.754
8 10 24.352
8 11 26.926
8 12 60.407
8 13 8.544
8 14 17.263
8 15 3.162
8 16 42.544
8 17 61.911
8 18 34.132
8 19 7.616
8 20 13.038
8 21 50.636
8 22 22.023
8 23 29.12
8 24 63.285
8 25 36.056
8 26 48.042
8 27 63.063
8 28 73.593
8 29 63.063
8 30 13.0
8 31 31.623
8 32 13.416
8 33 72.56
8 34 69.642
8 35 26.926
8 36 61.612
8 37 41.11
8 38 58.258
8 39 35.355
8 40 25.02
8 41 62.482
8 42 46.872
8 43 59.076
8 44 34.482
8 45 47.011
8 46 47.434
8 47 24.597
8 48 39.205
8 49 51.039
8 50 32.249
8 51 64.351
8 52 64.475
8 53 29.833
8 54 15.652
8 55 62.801
9 23 90 12
9 10 38.833
9 11 65.924
9 12 21.587
9 13 48.27
9 14 72.835
9 15 59.439
9 16 39.357
9 17 46.043
9 18 61.351
9 19 61.685
9 20 56.009
9 21 89.805
9 22 35.468
9 23 63.032
9 24 11.314
9 25 76.688
9 26 13.892
9 27 6.325
9 28 68.184
9 29 109.343
9 30 47.011
9 31 81.099
9 32 55.471
9 33 23.409
9 34 51.157
9 35 46.325
9 36 22.561
9 37 32.757
9 38 61.685
9 39 21.932
9 40 81.394
9 41 63.789
9 42 10.296
9 43 108.227
9 44 67.72
9 45 81.468
9 46 59.942
9 47 33.136
9 48 73.553
9 49 12.649
9 50 61.685
9 51 60.828
9 52 40.2
9 53 82.735
9 54 46.065
9 55 52.24
10 45 58 16
10 11 46.669
10 12 37.014
10 13 18.601
10 14 41.485
10 15 27.514
10 16 19.105
10 17 38.419
10 18 49.396
10 19 26.019
10 20 31.89
10 21 52.202
10 22 9.055
10 23 25.0
10 24 42.379
10 25 57.385
10 26 26.926
10 27 44.944
10 28 53.339
10 29 70.767
10 30 11.402
10 31 55.471
10 32 17.464
10 33 59.464
10 34 46.228
10 35 35.468
10 36 51.624
10 37 39.205
10 38 39.56
10 39 17.692
10 40 48.508
10 41 43.463
10 42 28.601
10 43 69.405
10 44 52.631
10 45 44.777
10 46 31.257
10 47 19.026
10 48 36.359
10 49 29.732
10 50 48.26
10 51 43.909
10 52 40.249
10 53 44.598
10 54 9.055
10 55 40.361
11 12 25 3
11 12 76.968
11 13 28.425
11 14 23.087
11 15 25.0
11 16 65.765
11 17 84.959
11 18 11.402
11 19 32.757
11 20 15.0
11 21 75.027
11 22 40.0
11 23 55.973
11 24 75.432
11 25 11.18
11 26 62.394
11 27 71.568
11 28 99.202
11 29 83.199
11 30 37.202
11 31 17.464
11 32 40.311
11 33 73.824
11 34 92.763
11 35 20.0
11 36 61.0
11 37 37.483
11 38 84.315
11 39 49.244
11 40 30.017
11 41 88.482
11 42 58.241
11 43 77.492
11 44 8.0
11 45 72.835
11 46 73.926
11 47 34.928
11 48 65.513
11 49 65.192
11 50 9.22
11 51 89.811
11 52 85.802
11 53 48.836
11 54 40.0
11 55 87.0
12 44 95 15
12 13 52.953
12 14 77.647
12 15 63.506
12 16 26.926
12 17 25.962
12 18 75.166
12 19 63.0
12 20 64.195
12 21 80.455
12 22 38.833
12 23 56.08
12 24 13.342
12 25 88.142
12 26 15.0
12 27 23.022
12 28 48.052
12 29 101.597
12 30 48.042
12 31 89.56
12 32 54.231
12 33 43.105
12 34 30.017
12 35 59.363
12 36 44.147
12 37 50.329
12 38 44.418
12 39 27.731
12 40 85.212
12 41 45.618
12 42 21.26
12 43 102.044
12 44 80.623
12 45 71.281
12 46 45.967
12 47 42.048
12 48 64.498
12 49 12.728
12 50 74.947
12 51 41.785
12 52 19.026
12 53 80.604
12 54 46.0
12 55 32.573
13 34 43 20
13 14 25.0
13 15 11.18
13 16 37.643
13 17 57.009
13 18 32.894
13 19 14.866
13 20 13.454
13 21 55.362
13 22 14.142
13 23 31.0
13 24 55.082
13 25 38.897
13 26 40.012
13 27 54.571
13 28 70.803
13 29 69.642
13 30 8.944
13 31 37.162
13 32 15.133
13 33 64.14
13 34 64.815
13 35 22.091
13 36 53.413
13 37 33.838
13 38 56.08
13 39 27.074
13 40 33.242
13 41 60.208
13 42 38.471
13 43 66.219
13 44 34.986
13 45 50.488
13 46 46.098
13 47 16.125
13 48 42.19
13 49 43.012
13 50 31.385
13 51 61.4
13 52 58.669
13 53 37.483
13 54 11.662
13 55 58.694
14 34 18 2
14 15 14.142
14 16 59.093
14 17 78.262
14 18 34.015
14 19 17.205
14 20 18.868
14 21 53.759
14 22 39.051
14 23 39.825
14 24 80.056
14 25 27.166
14 26 65.008
14 27 79.076
14 28 87.966
14 29 60.208
14 30 30.083
14 31 17.493
14 32 27.459
14 33 86.539
14 34 85.884
14 35 34.828
14 36 74.686
14 37 52.154
14 38 72.25
14 39 52.038
14 40 8.944
14 41 76.485
14 42 63.285
14 43 54.406
14 44 30.806
14 45 53.141
14 46 60.828
14 47 39.812
14 48 46.957
14 49 68.007
14 50 31.78
14 51 79.025
14 52 81.345
14 53 26.077
14 54 32.573
14 55 78.549
15 36 32 5
15 16 45.651
15 17 65.0
15 18 33.0
15 19 8.0
15 20 12.166
15 21 51.245
15 22 25.0
15 23 31.016
15 24 66.189
15 25 33.615
15 26 51.01
15 27 65.734
15 28 76.381
15 29 62.65
15 30 16.155
15 31 28.601
15 32 15.811
15 33 74.706
15 34 72.719
15 35 27.295
15 36 63.514
15 37 42.426
15 38 60.959
15 39 38.21
15 40 22.091
15 41 65.192
15 42 49.649
15 43 58.31
15 44 32.757
15 45 48.166
15 46 50.0
15 47 26.926
15 48 40.608
15 49 54.009
15 50 31.016
15 51 67.179
15 52 67.624
15 53 28.844
15 54 18.788
15 55 65.803
16 58 72 12
16 17 19.416
16 18 68.007
16 19 42.379
16 20 50.99
16 21 53.535
16 22 26.627
16 23 29.833
16 24 37.483
16 25 76.485
16 26 25.495
16 27 44.102
16 28 35.468
16 29 74.706
16 30 29.682
16 31 74.095
16 32 32.28
16 33 62.65
16 34 27.203
16 35 53.339
16 36 58.464
16 37 52.953
16 38 24.0
16 39 26.077
16 40 65.146
16 41 27.166
16 42 31.321
16 43 75.392
16 44 71.589
16 45 44.407
16 46 20.591
16 47 35.341
16 48 37.59
16 49 26.926
16 50 67.007
16 51 26.249
16 52 22.561
16 53 56.036
16 54 26.926
16 55 21.401
17 69 88 5
17 18 86.556
17 19 61.327
17 20 70.292
17 21 63.6
17 22 45.277
17 23 45.177
17 24 39.294
17 25 95.776
17 26 34.366
17 27 48.662
17 28 22.204
17 29 85.44
17 30 49.092
17 31 93.493
17 32 51.078
17 33 68.731
17 34 7.81
17 35 71.4
17 36 68.066
17 37 68.154
17 38 20.616
17 39 41.146
17 40 83.934
17 41 20.616
17 42 41.593
17 43 87.664
17 44 90.521
17 45 54.12
17 46 26.926
17 47 53.009
17 48 49.497
17 49 34.059
17 50 85.703
17 51 16.125
17 52 8.485
17 53 72.56
17 54 46.325
17 55 6.708
18 3 32 20
18 19 41.0
18 20 21.095
18 21 84.149
18 22 41.4
18 23 62.968
18 24 71.694
18 25 17.464
18 26 60.208
18 27 66.483
18 28 102.728
18 29 93.68
18 30 41.785
18 31 28.018
18 32 46.872
18 33 66.03
18 34 94.26
18 35 15.811
18 36 53.038
18 37 30.15
18 38 88.549
18 39 47.802
18 40 41.34
18 41 92.59
18 42 55.009
18 43 88.255
18 44 7.071
18 45 81.099
18 46 78.924
18 47 33.971
18 48 73.335
18 49 62.769
18 50 2.236
18 51 93.295
18 52 86.279
18 53 59.203
18 54 44.385
18 55 89.404
19 44 32 6
19 20 20.1
19 21 43.29
19 22 26.249
19 23 23.707
19 24 67.268
19 25 40.719
19 26 51.788
19 27 68.007
19 28 70.838
19 29 55.471
19 30 15.133
19 31 33.971
19 32 10.296
19 33 78.772
19 34 68.877
19 35 34.54
19 36 68.25
19 37 48.415
19 38 55.172
19 39 39.85
19 40 22.804
19 41 59.414
19 42 51.546
19 43 51.614
19 44 40.608
19 45 40.2
19 46 43.863
19 47 30.806
19 48 32.757
19 49 54.745
19 50 39.013
19 51 61.847
19 52 64.846
19 53 22.627
19 54 17.0
19 55 61.4
20 24 34 20
20 21 63.388
20 22 25.942
20 23 41.976
20 24 64.382
20 25 25.495
20 26 50.22
20 27 62.073
20 28 84.202
20 29 74.465
20 30 22.204
20 31 25.495
20 32 25.962
20 33 68.007
20 34 78.102
20 35 16.279
20 36 55.946
20 37 33.287
20 38 69.34
20 39 36.878
20 40 27.785
20 41 73.498
20 42 47.17
20 43 69.771
20 44 21.932
20 45 60.033
20 46 59.059
20 47 23.087
20 48 52.24
20 49 53.151
20 50 19.235
20 51 74.813
20 52 71.561
20 53 40.249
20 54 25.0
20 55 72.125
21 87 27 19
21 22 59.169
21 23 27.203
21 24 90.427
21 25 80.895
21 26 76.42
21 27 95.483
21 28 58.138
21 29 21.84
21 30 49.244
21 31 70.342
21 32 40.497
21 33 111.521
21 34 68.25
21 35 77.13
21 36 103.73
21 37 88.238
21 38 45.277
21 39 69.814
21 40 51.865
21 41 48.042
21 42 79.981
21 43 25.02
21 44 83.024
21 45 9.487
21 46 36.688
21 47 67.978
21 48 16.279
21 49 78.645
21 50 82.098
21 51 53.151
21 52 71.169
21 53 29.155
21 54 48.301
21 55 59.228
22 36 57 3
22 23 32.202
22 24 41.304
22 25 51.039
22 26 26.019
22 27 41.785
22 28 61.717
22 29 76.485
22 30 11.662
22 31 50.922
22 32 20.616
22 33 53.907
22 34 53.038
22 35 26.833
22 36 44.822
22 37 30.414
22 38 48.384
22 39 13.601
22 40 47.043
22 41 52.202
22 42 25.298
22 43 74.33
22 44 45.255
22 45 52.393
22 46 40.311
22 47 10.0
22 48 43.863
22 49 29.017
22 50 40.46
22 51 52.326
22 52 45.804
22 53 47.508
22 54 11.314
22 55 48.01
23 65 43 3
23 24 64.661
23 25 64.405
23 26 50.0
23 27 68.884
23 28 49.396
23 29 46.4
23 30 23.345
23 31 57.201
23 32 16.125
23 33 84.386
23 34 51.788
23 35 53.038
23 36 76.551
23 37 61.984
23 38 33.615
23 39 42.638
23 40 42.638
23 41 37.736
23 42 53.038
23 43 46.065
23 44 63.6
23 45 20.248
23 46 21.954
23 47 41.437
23 48 11.705
23 49 52.431
23 50 61.188
23 51 41.146
23 52 51.039
23 53 27.459
23 54 21.84
23 55 43.174
24 31 98 6
24 25 86.4
24 26 15.524
24 27 10.198
24 28 61.392
24 29 110.941
24 30 52.173
24 31 89.805
24 32 59.775
24 33 30.0
24 34 43.186
24 35 56.303
24 36 32.696
24 37 43.829
24 38 57.245
24 39 28.018
24 40 88.278
24 41 58.694
24 42 17.263
24 43 110.639
24 44 77.833
24 45 81.566
24 46 57.628
24 47 41.304
24 48 74.202
24 49 12.649
24 50 71.868
24 51 55.027
24 52 32.249
24 53 86.977
24 54 50.695
24 55 45.88
25 7 15 4
25 26 73.539
25 27 82.201
25 28 109.343
25 29 86.47
25 30 47.424
25 31 13.416
25 32 49.396
25 33 83.217
25 34 103.586
25 35 30.414
25 36 70.257
25 37 47.011
25 38 94.202
25 39 60.415
25 40 31.401
25 41 98.407
25 42 69.26
25 43 80.062
25 44 10.44
25 45 79.812
25 46 83.487
25 47 46.098
25 48 73.055
25 49 76.322
25 50 16.125
25 51 100.005
25 52 96.835
25 53 53.009
25 54 50.249
25 55 97.591
26 35 83 5
26 27 19.105
26 28 56.036
26 29 96.4
26 30 36.674
26 31 75.71
26 32 44.272
26 33 37.162
26 34 40.522
26 35 44.418
26 36 34.059
26 37 35.805
26 38 48.27
26 39 13.342
26 40 73.062
26 41 50.636
26 42 7.28
26 43 95.718
26 44 65.765
26 45 67.897
26 46 46.065
26 47 27.514
26 48 60.141
26 49 3.0
26 50 60.033
26 51 48.094
26 52 30.083
26 53 71.512
26 54 35.171
26 55 40.05
27 21 96 2
27 28 70.859
27 29 115.256
27 30 53.31
27 31 87.023
27 32 61.717
27 33 20.1
27 34 53.038
27 35 51.788
27 36 22.825
27 37 37.162
27 38 65.552
27 39 28.231
27 40 87.664
27 41 67.357
27 42 16.553
27 43 114.285
27 44 73.007
27 45 87.0
27 46 64.661
27 47 39.319
27 48 79.209
27 49 17.205
27 50 66.94
27 51 64.031
27 52 42.048
27 53 89.0
27 54 52.326
27 55 55.109
28 91 85 10
28 29 79.025
28 30 62.008
28 31 104.69
28 32 60.828
28 33 90.934
28 34 19.235
28 35 88.549
28 36 90.0
28 37 88.057
28 38 15.811
28 39 60.877
28 40 91.837
28 41 11.662
28 42 63.127
28 43 83.15
28 44 105.683
28 45 49.497
28 46 27.459
28 47 70.774
28 48 48.384
28 49 56.009
28 50 101.548
28 51 9.434
28 52 29.411
28 53 75.644
28 54 59.203
28 55 16.0
29 93 6 10
29 30 65.437
29 31 74.061
29 32 56.223
29 33 130.108
29 34 90.028
29 35 89.9
29 36 121.264
29 37 103.465
29 38 66.91
29 39 88.414
29 40 55.145
29 41 69.462
29 42 99.247
29 43 8.062
29 44 91.005
29 45 31.321
29 46 58.523
29 47 84.202
29 48 37.121
29 49 98.813
29 50 91.482
29 51 74.673
29 52 92.973
29 53 34.482
29 54 65.192
29 55 81.025
30 42 47 20
30 31 44.418
30 32 9.22
30 33 65.437
30 34 56.859
30 35 30.067
30 36 55.902
30 37 39.0
30 38 47.17
30 39 25.08
30 40 37.216
30 41 51.313
30 42 36.77
30 43 62.936
30 44 43.909
30 45 43.417
30 46 37.162
30 47 18.868
30 48 34.928
30 49 39.623
30 50 40.311
30 51 52.631
30 52 51.478
30 53 35.847
30 54 2.828
30 55 50.329
31 19 9 7
31 32 43.863
31 33 90.802
31 34 101.242
31 35 36.674
31 36 78.102
31 37 54.571
31 38 89.095
31 39 62.37
31 40 19.026
31 41 93.338
31 42 72.56
31 43 67.365
31 44 21.932
31 45 70.385
31 46 77.833
31 47 48.508
31 48 64.413
31 49 78.645
31 50 26.077
31 51 95.588
31 52 95.713
31 53 41.593
31 54 47.17
31 55 94.403
32 49 41 1
32 33 74.518
32 34 58.6
32 35 37.216
32 36 65.115
32 37 47.854
32 38 45.277
32 39 33.615
32 40 32.894
32 41 49.518
32 42 45.177
32 43 53.759
32 44 47.76
32 45 35.355
32 46 34.205
32 47 28.018
32 48 27.074
32 49 47.127
32 50 45.122
32 51 51.74
32 52 54.818
32 53 27.313
32 54 9.434
32 55 51.108
33 1 98 20
33 34 73.11
33 35 54.129
33 36 13.0
33 37 36.346
33 38 85.071
33 39 41.773
33 40 95.462
33 41 87.092
33 42 31.906
33 43 128.222
33 44 73.062
33 45 103.6
33 46 83.193
33 47 48.021
33 48 95.425
33 49 36.056
33 50 67.119
33 51 83.952
33 52 62.129
33 53 101.02
33 54 65.192
33 55 75.133
34 74 94 18
34 35 79.025
34 36 73.553
34 37 75.153
34 38 23.409
34 39 48.374
34 40 91.389
34 41 21.954
34 42 47.802
34 43 92.779
34 44 98.29
34 45 58.856
34 46 32.062
34 47 60.605
34 48 55.036
34 49 39.812
34 50 93.434
34 51 16.643
34 52 11.0
34 53 79.246
34 54 54.083
34 55 9.055
35 12 45 19
35 36 41.485
35 37 18.028
35 38 75.027
35 39 32.016
35 40 43.6
35 41 78.924
35 42 39.395
35 43 85.586
35 44 21.541
35 45 72.56
35 46 66.219
35 47 18.439
35 48 64.281
35 49 47.011
35 50 15.652
35 51 79.158
35 52 70.725
35 53 56.08
35 54 32.249
35 55 74.626
36 1 85 14
36 37 23.537
36 38 82.037
36 39 34.438
36 40 83.63
36 41 84.593
36 42 27.295
36 43 118.802
36 44 60.075
36 45 96.385
36 46 78.447
36 47 37.537
36 48 87.983
36 49 34.015
36 50 54.148
36 51 82.152
36 52 62.65
36 53 90.785
36 54 56.08
36 55 74.0
37 6 62 15
37 38 76.655
37 39 27.203
37 40 61.057
37 41 80.062
37 42 29.069
37 43 100.0
37 44 37.054
37 45 82.219
37 46 70.0
37 47 20.616
37 48 73.682
37 49 37.643
37 50 31.016
37 51 79.076
37 52 65.368
37 53 70.937
37 54 40.162
37 55 72.732
38 82 72 5
38 39 50.04
38 40 76.026
38 41 4.243
38 42 54.745
38 43 70.114
38 44 91.066
38 45 36.056
38 46 11.662
38 47 57.974
38 48 33.541
38 49 49.041
38 50 87.235
38 51 8.062
38 52 29.069
38 53 60.166
38 54 44.418
38 55 14.765
39 32 70 16
39 40 60.299
39 41 53.235
39 42 11.705
39 43 86.833
39 44 53.0
39 45 62.129
39 46 44.721
39 47 14.318
39 48 53.824
39 49 16.279
39 50 47.434
39 51 51.971
39 52 39.205
39 53 60.828
39 54 24.187
39 55 45.541
40 38 10 11
40 41 80.212
40 42 71.701
40 43 48.662
40 44 37.162
40 45 52.839
40 46 64.405
40 47 48.508
40 48 47.802
40 49 76.059
40 50 39.115
40 51 83.217
40 52 87.641
40 53 22.804
40 54 39.459
40 55 83.63
41 85 75 13
41 42 57.315
41 43 73.007
41 44 95.189
41 45 39.013
41 46 15.811
41 47 61.685
41 48 37.108
41 49 51.196
41 50 91.302
41 51 5.385
41 52 29.069
41 53 64.078
41 54 48.549
41 55 14.142
42 28 81 15
42 43 98.005
42 44 60.926
42 45 71.84
42 46 51.624
42 47 24.083
42 48 63.781
42 49 8.602
42 50 55.036
42 51 55.009
42 52 37.336
42 53 72.45
42 54 35.777
42 55 47.17
43 86 2 14
43 44 85.165
43 45 34.059
43 46 60.828
43 47 81.394
43 48 38.328
43 49 98.27
43 50 86.035
43 51 78.058
43 52 94.831
43 53 29.53
43 54 63.032
43 55 83.726
44 4 25 8
44 45 80.753
44 46 80.951
44 47 38.833
44 48 73.348
44 49 68.425
44 50 6.083
44 51 96.26
44 52 90.785
44 53 56.719
44 54 46.648
44 55 92.957
45 84 36 13
45 46 27.203
45 47 61.685
45 48 8.544
45 49 70.007
45 50 79.158
45 51 44.011
45 52 61.685
45 53 31.241
45 54 42.059
45 55 49.82
46 76 62 18
46 47 50.249
46 48 23.0
46 49 47.508
46 50 77.473
46 51 19.313
46 52 34.54
46 53 48.703
46 54 34.54
46 55 23.022
47 26 57 8
47 48 53.141
47 49 30.364
47 50 33.422
47 51 61.465
47 52 52.326
47 53 53.263
47 54 19.698
47 55 56.436
48 76 39 18
48 49 62.37
48 50 71.449
48 51 41.593
48 52 56.515
48 53 28.018
48 54 33.526
48 55 46.011
49 35 86 14
49 50 62.65
49 51 48.374
49 52 29.12
49 53 74.33
49 54 38.079
49 55 40.012
50 5 31 2
50 51 92.114
50 52 85.633
50 53 57.009
50 54 42.953
50 55 88.408
51 83 80 11
51 52 24.413
51 53 68.007
51 54 49.82
51 55 9.434
52 63 94 9
52 53 78.058
52 54 48.847
52 55 15.0
53 60 16 12
53 54 36.674
53 55 70.612
54 44 49 11
54 55 47.508
55 75 85 11
