20 2 10
1 26 33 2
1 2 29.017
1 3 67.676
1 4 41.11
1 5 46.487
1 6 76.158
1 7 56.719
1 8 63.506
1 9 30.806
1 10 63.198
1 11 62.65
1 12 8.544
1 13 8.0
1 14 17.464
1 15 33.302
1 16 46.84
1 17 63.695
1 18 39.395
1 19 61.522
1 20 40.817
2 25 62 17
2 3 82.62
2 4 17.205
2 5 62.936
2 6 67.602
2 7 68.505
2 8 81.32
2 9 38.013
2 10 72.471
2 11 40.46
2 12 21.378
2 13 21.024
2 14 13.0
2 15 21.378
2 16 20.0
2 17 39.051
2 18 18.385
2 19 65.46
2 20 20.881
3 90 11 7
3 4 79.511
3 5 21.19
3 6 60.033
3 7 15.264
3 8 9.22
3 9 44.688
3 10 17.029
3 11 84.172
3 12 67.978
3 13 70.682
3 14 71.561
3 15 98.005
3 16 102.069
3 17 90.338
3 18 75.286
3 19 30.15
3 20 102.343
4 39 72 5
4 5 62.266
4 6 53.009
4 7 64.444
4 8 80.156
4 9 36.235
4 10 66.603
4 11 23.345
4 12 32.573
4 13 33.615
4 14 23.77
4 15 37.696
4 16 26.683
4 17 22.825
4 18 4.243
4 19 57.14
4 20 34.234
5 70 18 12
5 6 57.385
5 7 13.416
5 8 18.385
5 9 26.077
5 10 21.471
5 11 71.386
5 12 47.011
5 13 49.649
5 14 51.225
5 15 77.175
5 16 82.759
5 17 76.655
5 18 58.181
5 19 28.601
5 20 82.006
6 92 71 13
6 7 48.052
6 8 66.611
6 9 47.508
6 10 43.105
6 11 39.812
6 12 69.778
6 13 72.498
6 14 65.46
6 15 88.955
6 16 79.31
6 17 46.957
6 18 50.04
6 19 30.414
6 20 87.052
7 82 24 16
7 8 19.026
7 9 30.529
7 10 8.062
7 11 69.08
7 12 55.66
7 13 58.523
7 14 58.138
7 15 85.088
7 16 87.618
7 17 75.153
7 18 60.208
7 19 17.72
7 20 88.685
8 83 5 12
8 9 44.204
8 10 23.77
8 11 87.281
8 12 64.9
8 13 67.417
8 14 69.527
8 15 95.131
8 16 101.139
8 17 93.048
8 18 76.007
8 19 36.222
8 20 100.265
9 56 40 18
9 10 35.114
9 11 48.0
9 12 27.019
9 13 30.017
9 14 27.857
9 15 55.027
9 16 57.385
9 17 52.345
9 18 32.202
9 19 31.016
9 20 58.181
10 89 28 8
10 11 68.476
10 12 61.392
10 13 64.327
10 14 62.968
10 15 90.139
10 16 90.973
10 17 74.947
10 18 62.37
10 19 13.153
10 20 93.038
11 56 88 8
11 12 54.203
11 13 55.758
11 14 46.043
11 15 60.033
11 16 44.147
11 17 7.211
11 18 23.601
11 19 56.303
11 20 54.781
12 29 41 4
12 13 3.0
12 14 9.055
12 15 30.232
12 16 40.311
12 17 55.154
12 18 30.871
12 19 58.0
12 20 36.125
13 26 41 12
13 14 9.849
13 15 27.803
13 16 39.217
13 17 56.365
13 18 32.249
13 19 61.0
13 20 34.205
14 30 50 20
14 15 27.203
14 16 32.757
14 17 46.519
14 18 22.472
14 19 57.706
14 20 30.806
15 4 58 11
15 16 21.932
15 17 57.201
15 18 39.56
15 19 84.723
15 20 10.05
16 13 78 3
16 17 39.56
16 18 30.364
16 19 82.735
16 20 12.806
17 50 92 5
17 18 24.352
17 19 63.008
17 20 51.0
18 42 69 12
18 19 53.0
18 20 37.014
19 87 41 20
19 20 86.331
20 5 68 4
