75 4 10
1 9 8 8
1 2 95.21
1 3 90.338
1 4 67.602
1 5 25.495
1 6 81.056
1 7 28.16
1 8 38.897
1 9 83.187
1 10 61.612
1 11 17.263
1 12 93.776
1 13 43.012
1 14 26.926
1 15 36.125
1 16 80.604
1 17 100.0
1 18 24.739
1 19 42.438
1 20 30.017
1 21 80.281
1 22 55.946
1 23 66.038
1 24 92.65
1 25 7.28
1 26 79.379
1 27 88.814
1 28 112.486
1 29 84.024
1 30 51.088
1 31 10.05
1 32 51.856
1 33 90.355
1 34 107.801
1 35 37.121
1 36 77.414
1 37 54.083
1 38 97.082
1 39 66.129
1 40 29.069
1 41 101.316
1 42 75.432
1 43 77.233
1 44 17.72
1 45 80.056
1 46 86.052
1 47 51.865
1 48 73.824
1 49 82.219
1 50 23.345
1 51 103.247
1 52 101.548
1 53 51.624
1 54 53.907
1 55 101.415
1 56 27.203
1 57 65.192
1 58 44.922
1 59 95.525
1 60 65.734
1 61 29.017
1 62 25.71
1 63 80.994
1 64 7.071
1 65 53.254
1 66 23.022
1 67 68.118
1 68 73.246
1 69 62.586
1 70 68.352
1 71 22.472
1 72 81.939
1 73 66.03
1 74 77.878
1 75 94.874
2 86 64 16
2 3 16.492
2 4 29.206
2 5 73.79
2 6 14.866
2 7 79.12
2 8 56.939
2 9 68.154
2 10 41.437
2 11 83.648
2 12 52.202
2 13 56.08
2 14 69.426
2 15 59.363
2 16 29.12
2 17 29.411
2 18 88.955
2 19 52.802
2 20 68.877
2 21 37.014
2 22 50.488
2 23 29.698
2 24 64.661
2 25 92.962
2 26 54.424
2 27 72.45
2 28 21.587
2 29 58.421
2 30 47.17
2 31 86.683
2 32 43.566
2 33 91.548
2 34 32.311
2 35 76.4
2 36 87.556
2 37 80.025
2 38 8.944
2 39 54.332
2 40 72.25
2 41 11.045
2 42 60.44
2 43 62.0
2 44 90.802
2 45 28.071
2 46 10.198
2 47 60.407
2 48 26.926
2 49 55.543
2 50 87.464
2 51 16.279
2 52 37.802
2 53 54.589
2 54 44.598
2 55 23.707
2 56 75.24
2 57 54.231
2 58 65.307
2 59 11.402
2 60 43.012
2 61 80.654
2 62 80.92
2 63 15.0
2 64 100.404
2 65 48.508
2 66 77.078
2 67 27.731
2 68 38.471
2 69 63.198
2 70 53.6
2 71 74.793
2 72 23.087
2 73 29.206
2 74 47.434
2 75 5.831
3 90 48 9
3 4 23.087
3 5 72.035
3 6 21.095
3 7 78.918
3 8 54.571
3 9 79.076
3 10 46.098
3 11 81.32
3 12 65.765
3 13 56.223
3 14 63.53
3 15 56.321
3 16 40.0
3 17 45.177
3 18 88.459
3 19 48.703
3 20 67.469
3 21 21.213
3 22 54.745
3 23 25.495
3 24 77.337
3 25 89.32
3 26 65.192
3 27 84.054
3 28 37.014
3 29 42.107
3 30 48.01
3 31 81.006
3 32 41.593
3 33 102.083
3 34 48.703
3 35 78.058
3 36 96.385
3 37 85.159
3 38 25.298
3 39 62.032
3 40 64.405
3 41 27.459
3 42 70.235
3 43 46.174
3 44 89.022
3 45 13.416
3 46 19.799
3 47 64.63
3 48 16.643
3 49 66.851
3 50 86.683
3 51 32.757
3 52 53.339
3 53 43.863
3 54 46.011
3 55 39.925
3 56 74.33
3 57 61.685
3 58 68.066
3 59 27.313
3 60 30.232
3 61 80.753
3 62 72.471
3 63 13.601
3 64 96.255
3 65 51.157
3 66 69.893
3 67 29.275
3 68 24.166
3 69 70.214
3 70 61.847
3 71 72.125
3 72 9.22
3 73 27.074
3 74 57.983
3 75 11.045
4 68 41 12
4 5 49.031
4 6 18.439
4 7 56.223
4 8 31.575
4 9 66.528
4 10 28.601
4 11 58.241
4 12 59.093
4 13 34.059
4 14 41.049
4 15 33.242
4 16 32.573
4 17 47.011
4 18 65.62
4 19 25.632
4 20 44.553
4 21 23.601
4 22 35.777
4 23 3.606
4 24 67.956
4 25 66.31
4 26 53.413
4 27 72.346
4 28 49.649
4 29 43.012
4 30 26.683
4 31 58.523
4 32 19.0
4 33 87.966
4 34 53.339
4 35 56.143
4 36 80.156
4 37 65.46
4 38 34.015
4 39 46.228
4 40 43.139
4 41 38.013
4 42 56.569
4 43 42.953
4 44 65.97
4 45 16.763
4 46 22.472
4 47 44.944
4 48 8.246
4 49 55.803
4 50 63.789
4 51 41.785
4 52 53.235
4 53 26.249
4 54 25.298
4 55 44.553
4 56 51.478
4 57 45.607
4 58 47.074
4 59 33.838
4 60 18.682
4 61 58.138
4 62 51.74
4 63 14.213
4 64 73.348
4 65 31.016
4 66 48.166
4 67 13.038
4 68 19.209
4 69 53.0
4 70 46.755
4 71 49.041
4 72 16.0
4 73 7.071
4 74 46.615
4 75 27.659
5 20 31 15
5 6 59.059
5 7 9.434
5 8 17.464
5 9 59.076
5 10 36.797
5 11 10.0
5 12 68.352
5 13 18.439
5 14 19.105
5 15 16.031
5 16 55.902
5 17 75.166
5 18 17.029
5 19 24.021
5 20 5.0
5 21 67.119
5 22 30.529
5 23 46.573
5 24 67.897
5 25 20.616
5 26 54.12
5 27 65.008
5 28 89.202
5 29 77.162
5 30 27.203
5 31 22.023
5 32 30.676
5 33 69.642
5 34 82.976
5 35 16.125
5 36 57.245
5 37 34.015
5 38 74.33
5 39 40.804
5 40 27.659
5 41 78.492
5 42 50.636
5 43 72.09
5 44 17.088
5 45 64.195
5 46 64.008
5 47 26.683
5 48 56.569
5 49 57.009
5 50 15.0
5 51 79.812
5 52 76.276
5 53 42.72
5 54 30.0
5 55 77.078
5 56 4.243
5 57 39.85
5 58 20.1
5 59 72.422
5 60 53.6
5 61 11.662
5 62 32.202
5 63 60.745
5 64 28.425
5 65 28.32
5 66 25.06
5 67 46.065
5 68 60.208
5 69 38.118
5 70 43.012
5 71 4.123
5 72 64.777
5 73 45.541
5 74 52.393
5 75 74.465
6 72 59 5
6 7 64.257
6 8 42.438
6 9 57.983
6 10 27.019
6 11 68.964
6 12 45.607
6 13 41.231
6 14 55.902
6 15 45.0
6 16 19.105
6 17 29.155
6 18 74.095
6 19 38.897
6 20 54.12
6 21 35.341
6 22 36.056
6 23 17.464
6 24 56.586
6 25 78.492
6 26 44.102
6 27 63.008
6 28 32.202
6 29 57.009
6 30 32.311
6 31 72.863
6 32 29.206
6 33 81.006
6 34 35.057
6 35 61.612
6 36 75.611
6 37 66.068
6 38 16.401
6 39 41.485
6 40 59.641
6 41 20.616
6 42 49.193
6 43 58.694
6 44 76.026
6 45 25.942
6 46 5.0
6 47 46.043
6 48 20.396
6 49 45.804
6 50 72.615
6 51 23.707
6 52 36.139
6 53 44.643
6 54 29.732
6 55 26.173
6 56 60.415
6 57 41.231
6 58 50.636
6 59 15.652
6 60 36.014
6 61 65.788
6 62 68.505
6 63 8.602
6 64 86.023
6 65 33.734
6 66 64.031
6 67 13.038
6 68 33.956
6 69 50.01
6 70 41.11
6 71 60.208
6 72 21.633
6 73 15.811
6 74 36.892
6 75 17.0
7 12 36 3
7 8 25.02
7 9 55.109
7 10 39.661
7 11 11.0
7 12 67.119
7 13 23.087
7 14 28.425
7 15 24.331
7 16 58.412
7 17 77.156
7 18 9.849
7 19 32.249
7 20 12.166
7 21 75.538
7 22 31.89
7 23 53.46
7 24 64.846
7 25 21.587
7 26 52.326
7 27 60.671
7 28 92.962
7 29 86.377
7 30 31.953
7 31 27.893
7 32 37.336
7 33 62.968
7 34 84.9
7 35 9.0
7 36 50.22
7 37 26.683
7 38 78.715
7 39 39.446
7 40 36.77
7 41 82.765
7 42 47.76
7 43 81.437
7 44 13.601
7 45 72.0
7 46 69.08
7 47 25.239
7 48 64.07
7 49 55.036
7 50 8.602
7 51 83.528
7 52 77.233
7 53 52.0
7 54 34.54
7 55 79.812
7 56 5.385
7 57 38.588
7 58 18.028
7 59 76.538
7 60 62.37
7 61 2.236
7 62 40.497
7 63 66.94
7 64 28.792
7 65 31.385
7 66 33.601
7 67 51.546
7 68 68.731
7 69 34.785
7 70 41.677
7 71 12.728
7 72 72.173
7 73 51.971
7 74 51.865
7 75 80.362
8 37 35 10
8 9 56.754
8 10 24.352
8 11 26.926
8 12 60.407
8 13 8.544
8 14 17.263
8 15 3.162
8 16 42.544
8 17 61.911
8 18 34.132
8 19 7.616
8 20 13.038
8 21 50.636
8 22 22.023
8 23 29.12
8 24 63.285
8 25 36.056
8 26 48.042
8 27 63.063
8 28 73.593
8 29 63.063
8 30 13.0
8 31 31.623
8 32 13.416
8 33 72.56
8 34 69.642
8 35 26.926
8 36 61.612
8 37 41.11
8 38 58.258
8 39 35.355
8 40 25.02
8 41 62.482
8 42 46.872
8 43 59.076
8 44 34.482
8 45 47.011
8 46 47.434
8 47 24.597
8 48 39.205
8 49 51.039
8 50 32.249
8 51 64.351
8 52 64.475
8 53 29.833
8 54 15.652
8 55 62.801
8 56 20.025
8 57 34.366
8 58 21.932
8 59 56.639
8 60 37.947
8 61 27.074
8 62 33.136
8 63 43.463
8 64 43.6
8 65 17.117
8 66 26.476
8 67 29.411
8 68 43.932
8 69 36.77
8 70 37.216
8 71 17.889
8 72 47.381
8 73 28.231
8 74 44.181
8 75 57.271
9 23 90 12
9 10 38.833
9 11 65.924
9 12 21.587
9 13 48.27
9 14 72.835
9 15 59.439
9 16 39.357
9 17 46.043
9 18 61.351
9 19 61.685
9 20 56.009
9 21 89.805
9 22 35.468
9 23 63.032
9 24 11.314
9 25 76.688
9 26 13.892
9 27 6.325
9 28 68.184
9 29 109.343
9 30 47.011
9 31 81.099
9 32 55.471
9 33 23.409
9 34 51.157
9 35 46.325
9 36 22.561
9 37 32.757
9 38 61.685
9 39 21.932
9 40 81.394
9 41 63.789
9 42 10.296
9 43 108.227
9 44 67.72
9 45 81.468
9 46 59.942
9 47 33.136
9 48 73.553
9 49 12.649
9 50 61.685
9 51 60.828
9 52 40.2
9 53 82.735
9 54 46.065
9 55 52.24
9 56 56.321
9 57 22.847
9 58 39.013
9 59 58.523
9 60 83.6
9 61 54.571
9 62 88.685
9 63 66.03
9 64 83.678
9 65 41.231
9 66 81.498
9 67 53.74
9 68 85.703
9 69 21.0
9 70 20.591
9 71 63.032
9 72 78.243
9 73 59.464
9 74 21.095
9 75 72.918
10 45 58 16
10 11 46.669
10 12 37.014
10 13 18.601
10 14 41.485
10 15 27.514
10 16 19.105
10 17 38.419
10 18 49.396
10 19 26.019
10 20 31.89
10 21 52.202
10 22 9.055
10 23 25.0
10 24 42.379
10 25 57.385
10 26 26.926
10 27 44.944
10 28 53.339
10 29 70.767
10 30 11.402
10 31 55.471
10 32 17.464
10 33 59.464
10 34 46.228
10 35 35.468
10 36 51.624
10 37 39.205
10 38 39.56
10 39 17.692
10 40 48.508
10 41 43.463
10 42 28.601
10 43 69.405
10 44 52.631
10 45 44.777
10 46 31.257
10 47 19.026
10 48 36.359
10 49 29.732
10 50 48.26
10 51 43.909
10 52 40.249
10 53 44.598
10 54 9.055
10 55 40.361
10 56 36.878
10 57 17.029
10 58 24.042
10 59 37.162
10 60 44.822
10 61 40.817
10 62 57.07
10 63 32.558
10 64 65.192
10 65 8.485
10 66 50.695
10 67 17.088
10 68 47.424
10 69 24.597
10 70 18.439
10 71 39.205
10 72 42.544
10 73 21.633
10 74 21.378
10 75 44.011
11 12 25 3
11 12 76.968
11 13 28.425
11 14 23.087
11 15 25.0
11 16 65.765
11 17 84.959
11 18 11.402
11 19 32.757
11 20 15.0
11 21 75.027
11 22 40.0
11 23 55.973
11 24 75.432
11 25 11.18
11 26 62.394
11 27 71.568
11 28 99.202
11 29 83.199
11 30 37.202
11 31 17.464
11 32 40.311
11 33 73.824
11 34 92.763
11 35 20.0
11 36 61.0
11 37 37.483
11 38 84.315
11 39 49.244
11 40 30.017
11 41 88.482
11 42 58.241
11 43 77.492
11 44 8.0
11 45 72.835
11 46 73.926
11 47 34.928
11 48 65.513
11 49 65.192
11 50 9.22
11 51 89.811
11 52 85.802
11 53 48.836
11 54 40.0
11 55 87.0
11 56 10.296
11 57 48.332
11 58 27.857
11 59 82.42
11 60 61.033
11 61 12.166
11 62 31.828
11 63 70.385
11 64 18.868
11 65 38.184
11 66 25.612
11 67 55.946
11 68 68.007
11 69 45.354
11 70 51.478
11 71 9.22
11 72 73.756
11 73 55.154
11 74 61.294
11 75 84.172
12 44 95 15
12 13 52.953
12 14 77.647
12 15 63.506
12 16 26.926
12 17 25.962
12 18 75.166
12 19 63.0
12 20 64.195
12 21 80.455
12 22 38.833
12 23 56.08
12 24 13.342
12 25 88.142
12 26 15.0
12 27 23.022
12 28 48.052
12 29 101.597
12 30 48.042
12 31 89.56
12 32 54.231
12 33 43.105
12 34 30.017
12 35 59.363
12 36 44.147
12 37 50.329
12 38 44.418
12 39 27.731
12 40 85.212
12 41 45.618
12 42 21.26
12 43 102.044
12 44 80.623
12 45 71.281
12 46 45.967
12 47 42.048
12 48 64.498
12 49 12.728
12 50 74.947
12 51 41.785
12 52 19.026
12 53 80.604
12 54 46.0
12 55 32.573
12 56 66.708
12 57 28.636
12 58 49.193
12 59 41.34
12 60 77.621
12 61 67.231
12 62 93.536
12 63 54.203
12 64 95.708
12 65 43.29
12 66 86.833
12 67 46.239
12 68 77.827
12 69 33.422
12 70 25.495
12 71 71.784
12 72 67.201
12 73 52.555
12 74 16.279
12 75 57.628
13 34 43 20
13 14 25.0
13 15 11.18
13 16 37.643
13 17 57.009
13 18 32.894
13 19 14.866
13 20 13.454
13 21 55.362
13 22 14.142
13 23 31.0
13 24 55.082
13 25 38.897
13 26 40.012
13 27 54.571
13 28 70.803
13 29 69.642
13 30 8.944
13 31 37.162
13 32 15.133
13 33 64.14
13 34 64.815
13 35 22.091
13 36 53.413
13 37 33.838
13 38 56.08
13 39 27.074
13 40 33.242
13 41 60.208
13 42 38.471
13 43 66.219
13 44 34.986
13 45 50.488
13 46 46.098
13 47 16.125
13 48 42.19
13 49 43.012
13 50 31.385
13 51 61.4
13 52 58.669
13 53 37.483
13 54 11.662
13 55 58.694
13 56 19.235
13 57 26.077
13 58 14.422
13 59 54.083
13 60 43.829
13 61 24.739
13 62 41.0
13 63 43.932
13 64 46.69
13 65 10.296
13 66 34.059
13 67 28.46
13 68 49.041
13 69 28.231
13 70 29.017
13 71 20.616
13 72 50.04
13 73 29.155
13 74 36.674
13 75 57.28
14 34 18 2
14 15 14.142
14 16 59.093
14 17 78.262
14 18 34.015
14 19 17.205
14 20 18.868
14 21 53.759
14 22 39.051
14 23 39.825
14 24 80.056
14 25 27.166
14 26 65.008
14 27 79.076
14 28 87.966
14 29 60.208
14 30 30.083
14 31 17.493
14 32 27.459
14 33 86.539
14 34 85.884
14 35 34.828
14 36 74.686
14 37 52.154
14 38 72.25
14 39 52.038
14 40 8.944
14 41 76.485
14 42 63.285
14 43 54.406
14 44 30.806
14 45 53.141
14 46 60.828
14 47 39.812
14 48 46.957
14 49 68.007
14 50 31.78
14 51 79.025
14 52 81.345
14 53 26.077
14 54 32.573
14 55 78.549
14 56 23.345
14 57 51.039
14 58 35.114
14 59 71.063
14 60 39.319
14 61 30.61
14 62 16.0
14 63 54.818
14 64 33.242
14 65 34.366
14 66 9.22
14 67 43.417
14 68 46.69
14 69 52.173
14 70 54.009
14 71 15.811
14 72 55.036
14 73 40.311
14 74 61.4
14 75 68.6
15 36 32 5
15 16 45.651
15 17 65.0
15 18 33.0
15 19 8.0
15 20 12.166
15 21 51.245
15 22 25.0
15 23 31.016
15 24 66.189
15 25 33.615
15 26 51.01
15 27 65.734
15 28 76.381
15 29 62.65
15 30 16.155
15 31 28.601
15 32 15.811
15 33 74.706
15 34 72.719
15 35 27.295
15 36 63.514
15 37 42.426
15 38 60.959
15 39 38.21
15 40 22.091
15 41 65.192
15 42 49.649
15 43 58.31
15 44 32.757
15 45 48.166
15 46 50.0
15 47 26.926
15 48 40.608
15 49 54.009
15 50 31.016
15 51 67.179
15 52 67.624
15 53 28.844
15 54 18.788
15 55 65.803
15 56 19.105
15 57 37.216
15 58 23.601
15 59 59.414
15 60 38.079
15 61 26.476
15 62 30.067
15 63 45.618
15 64 41.049
15 65 20.224
15 66 23.345
15 67 32.016
15 68 44.407
15 69 39.217
15 70 40.112
15 71 15.811
15 72 48.836
15 73 30.414
15 74 47.265
15 75 59.481
16 58 72 12
16 17 19.416
16 18 68.007
16 19 42.379
16 20 50.99
16 21 53.535
16 22 26.627
16 23 29.833
16 24 37.483
16 25 76.485
16 26 25.495
16 27 44.102
16 28 35.468
16 29 74.706
16 30 29.682
16 31 74.095
16 32 32.28
16 33 62.65
16 34 27.203
16 35 53.339
16 36 58.464
16 37 52.953
16 38 24.0
16 39 26.077
16 40 65.146
16 41 27.166
16 42 31.321
16 43 75.392
16 44 71.589
16 45 44.407
16 46 20.591
16 47 35.341
16 48 37.59
16 49 26.926
16 50 67.007
16 51 26.249
16 52 22.561
16 53 56.036
16 54 26.926
16 55 21.401
16 56 55.902
16 57 26.173
16 58 41.677
16 59 21.024
16 60 51.245
16 61 59.405
16 62 74.0
16 63 27.586
16 64 84.291
16 65 27.586
16 66 68.154
16 67 20.224
16 68 50.99
16 69 35.128
16 70 25.0
16 71 58.258
16 72 40.46
16 73 26.476
16 74 18.385
16 75 33.615
17 69 88 5
17 18 86.556
17 19 61.327
17 20 70.292
17 21 63.6
17 22 45.277
17 23 45.177
17 24 39.294
17 25 95.776
17 26 34.366
17 27 48.662
17 28 22.204
17 29 85.44
17 30 49.092
17 31 93.493
17 32 51.078
17 33 68.731
17 34 7.81
17 35 71.4
17 36 68.066
17 37 68.154
17 38 20.616
17 39 41.146
17 40 83.934
17 41 20.616
17 42 41.593
17 43 87.664
17 44 90.521
17 45 54.12
17 46 26.926
17 47 53.009
17 48 49.497
17 49 34.059
17 50 85.703
17 51 16.125
17 52 8.485
17 53 72.56
17 54 46.325
17 55 6.708
17 56 74.967
17 57 41.593
17 58 59.816
17 59 18.028
17 60 65.123
17 61 77.987
17 62 92.849
17 63 36.878
17 64 103.586
17 65 46.861
17 66 87.235
17 67 36.878
17 68 62.968
17 69 49.769
17 70 39.395
17 71 77.621
17 72 49.336
17 73 42.426
17 74 29.411
17 75 35.228
18 3 32 20
18 19 41.0
18 20 21.095
18 21 84.149
18 22 41.4
18 23 62.968
18 24 71.694
18 25 17.464
18 26 60.208
18 27 66.483
18 28 102.728
18 29 93.68
18 30 41.785
18 31 28.018
18 32 46.872
18 33 66.03
18 34 94.26
18 35 15.811
18 36 53.038
18 37 30.15
18 38 88.549
18 39 47.802
18 40 41.34
18 41 92.59
18 42 55.009
18 43 88.255
18 44 7.071
18 45 81.099
18 46 78.924
18 47 33.971
18 48 73.335
18 49 62.769
18 50 2.236
18 51 93.295
18 52 86.279
18 53 59.203
18 54 44.385
18 55 89.404
18 56 14.142
18 57 47.011
18 58 26.87
18 59 86.354
18 60 70.576
18 61 8.602
18 62 43.139
18 63 76.655
18 64 23.022
18 65 41.183
18 66 37.014
18 67 61.351
18 68 77.233
18 69 42.059
18 70 50.0
18 71 18.682
18 72 81.498
18 73 61.612
18 74 60.44
18 75 90.139
19 44 32 6
19 20 20.1
19 21 43.29
19 22 26.249
19 23 23.707
19 24 67.268
19 25 40.719
19 26 51.788
19 27 68.007
19 28 70.838
19 29 55.471
19 30 15.133
19 31 33.971
19 32 10.296
19 33 78.772
19 34 68.877
19 35 34.54
19 36 68.25
19 37 48.415
19 38 55.172
19 39 39.85
19 40 22.804
19 41 59.414
19 42 51.546
19 43 51.614
19 44 40.608
19 45 40.2
19 46 43.863
19 47 30.806
19 48 32.757
19 49 54.745
19 50 39.013
19 51 61.847
19 52 64.846
19 53 22.627
19 54 17.0
19 55 61.4
19 56 27.074
19 57 38.897
19 58 29.069
19 59 53.907
19 60 30.364
19 61 34.366
19 62 31.623
19 63 38.588
19 64 47.885
19 65 20.616
19 66 25.942
19 67 26.249
19 68 36.497
19 69 42.544
19 70 41.485
19 71 23.537
19 72 41.0
19 73 23.601
19 74 47.096
19 75 52.479
20 24 34 20
20 21 63.388
20 22 25.942
20 23 41.976
20 24 64.382
20 25 25.495
20 26 50.22
20 27 62.073
20 28 84.202
20 29 74.465
20 30 22.204
20 31 25.495
20 32 25.962
20 33 68.007
20 34 78.102
20 35 16.279
20 36 55.946
20 37 33.287
20 38 69.34
20 39 36.878
20 40 27.785
20 41 73.498
20 42 47.17
20 43 69.771
20 44 21.932
20 45 60.033
20 46 59.059
20 47 23.087
20 48 52.24
20 49 53.151
20 50 19.235
20 51 74.813
20 52 71.561
20 53 40.249
20 54 25.0
20 55 72.125
20 56 7.0
20 57 35.903
20 58 17.117
20 59 67.424
20 60 50.22
20 61 14.318
20 62 33.526
20 63 55.973
20 64 33.302
20 65 23.431
20 66 26.249
20 67 41.146
20 68 56.569
20 69 35.014
20 70 39.051
20 71 7.616
20 72 60.407
20 73 40.804
20 74 48.104
20 75 69.642
21 87 27 19
21 22 59.169
21 23 27.203
21 24 90.427
21 25 80.895
21 26 76.42
21 27 95.483
21 28 58.138
21 29 21.84
21 30 49.244
21 31 70.342
21 32 40.497
21 33 111.521
21 34 68.25
21 35 77.13
21 36 103.73
21 37 88.238
21 38 45.277
21 39 69.814
21 40 51.865
21 41 48.042
21 42 79.981
21 43 25.02
21 44 83.024
21 45 9.487
21 46 36.688
21 47 67.978
21 48 16.279
21 49 78.645
21 50 82.098
21 51 53.151
21 52 71.169
21 53 29.155
21 54 48.301
21 55 59.228
21 56 70.349
21 57 69.203
21 58 69.289
21 59 46.69
21 60 14.56
21 61 77.647
21 62 58.6
21 63 26.926
21 64 86.885
21 65 54.12
21 66 57.871
21 67 36.069
21 68 7.071
21 69 76.551
21 70 70.292
21 71 66.0
21 72 14.318
21 73 30.61
21 74 69.426
21 75 32.062
22 36 57 3
22 23 32.202
22 24 41.304
22 25 51.039
22 26 26.019
22 27 41.785
22 28 61.717
22 29 76.485
22 30 11.662
22 31 50.922
22 32 20.616
22 33 53.907
22 34 53.038
22 35 26.833
22 36 44.822
22 37 30.414
22 38 48.384
22 39 13.601
22 40 47.043
22 41 52.202
22 42 25.298
22 43 74.33
22 44 45.255
22 45 52.393
22 46 40.311
22 47 10.0
22 48 43.863
22 49 29.017
22 50 40.46
22 51 52.326
22 52 45.804
22 53 47.508
22 54 11.314
22 55 48.01
22 56 29.833
22 57 12.649
22 58 15.232
22 59 45.88
22 60 50.249
22 61 32.802
22 62 55.036
22 63 41.304
22 64 58.822
22 65 5.831
22 66 48.166
22 67 25.495
22 68 53.824
22 69 17.692
22 70 15.297
22 71 33.541
22 72 50.596
22 73 29.155
22 74 22.561
22 75 53.038
23 65 43 3
23 24 64.661
23 25 64.405
23 26 50.0
23 27 68.884
23 28 49.396
23 29 46.4
23 30 23.345
23 31 57.201
23 32 16.125
23 33 84.386
23 34 51.788
23 35 53.038
23 36 76.551
23 37 61.984
23 38 33.615
23 39 42.638
23 40 42.638
23 41 37.736
23 42 53.038
23 43 46.065
23 44 63.6
23 45 20.248
23 46 21.954
23 47 41.437
23 48 11.705
23 49 52.431
23 50 61.188
23 51 41.146
23 52 51.039
23 53 27.459
23 54 21.84
23 55 43.174
23 56 48.836
23 57 42.012
23 58 43.738
23 59 33.106
23 60 21.541
23 61 55.326
23 62 51.4
23 63 15.0
23 64 71.589
23 65 27.514
23 66 47.381
23 67 9.849
23 68 22.672
23 69 49.396
23 70 43.186
23 71 46.819
23 72 19.105
23 73 3.606
23 74 43.267
23 75 28.844
24 31 98 6
24 25 86.4
24 26 15.524
24 27 10.198
24 28 61.392
24 29 110.941
24 30 52.173
24 31 89.805
24 32 59.775
24 33 30.0
24 34 43.186
24 35 56.303
24 36 32.696
24 37 43.829
24 38 57.245
24 39 28.018
24 40 88.278
24 41 58.694
24 42 17.263
24 43 110.639
24 44 77.833
24 45 81.566
24 46 57.628
24 47 41.304
24 48 74.202
24 49 12.649
24 50 71.868
24 51 55.027
24 52 32.249
24 53 86.977
24 54 50.695
24 55 45.88
24 56 65.513
24 57 29.017
24 58 47.854
24 59 54.12
24 60 85.959
24 61 64.514
24 62 96.047
24 63 65.054
24 64 93.606
24 65 46.69
24 66 89.006
24 67 54.918
24 68 87.092
24 69 30.083
24 70 26.077
24 71 71.701
24 72 77.833
24 73 61.057
24 74 21.471
24 75 69.893
25 7 15 4
25 26 73.539
25 27 82.201
25 28 109.343
25 29 86.47
25 30 47.424
25 31 13.416
25 32 49.396
25 33 83.217
25 34 103.586
25 35 30.414
25 36 70.257
25 37 47.011
25 38 94.202
25 39 60.415
25 40 31.401
25 41 98.407
25 42 69.26
25 43 80.062
25 44 10.44
25 45 79.812
25 46 83.487
25 47 46.098
25 48 73.055
25 49 76.322
25 50 16.125
25 51 100.005
25 52 96.835
25 53 53.009
25 54 50.249
25 55 97.591
25 56 21.471
25 57 59.506
25 58 39.0
25 59 92.455
25 60 66.483
25 61 22.204
25 62 29.967
25 63 79.177
25 64 7.81
25 65 48.918
25 66 25.71
25 67 65.46
25 68 73.824
25 69 56.321
25 70 62.65
25 71 18.439
25 72 81.271
25 73 64.008
25 74 72.471
25 75 93.059
26 35 83 5
26 27 19.105
26 28 56.036
26 29 96.4
26 30 36.674
26 31 75.71
26 32 44.272
26 33 37.162
26 34 40.522
26 35 44.418
26 36 34.059
26 37 35.805
26 38 48.27
26 39 13.342
26 40 73.062
26 41 50.636
26 42 7.28
26 43 95.718
26 44 65.765
26 45 67.897
26 46 46.065
26 47 27.514
26 48 60.141
26 49 3.0
26 50 60.033
26 51 48.094
26 52 30.083
26 53 71.512
26 54 35.171
26 55 40.05
26 56 52.202
26 57 14.318
26 58 34.54
26 59 45.122
26 60 71.021
26 61 52.355
26 62 81.006
26 63 52.202
26 64 81.025
26 65 31.257
26 66 74.061
26 67 40.46
26 68 72.622
26 69 18.439
26 70 11.18
26 71 57.723
26 72 64.537
26 73 46.4
26 74 7.211
26 75 59.093
27 21 96 2
27 28 70.859
27 29 115.256
27 30 53.31
27 31 87.023
27 32 61.717
27 33 20.1
27 34 53.038
27 35 51.788
27 36 22.825
27 37 37.162
27 38 65.552
27 39 28.231
27 40 87.664
27 41 67.357
27 42 16.553
27 43 114.285
27 44 73.007
27 45 87.0
27 46 64.661
27 47 39.319
27 48 79.209
27 49 17.205
27 50 66.94
27 51 64.031
27 52 42.048
27 53 89.0
27 54 52.326
27 55 55.109
27 56 62.129
27 57 29.155
27 58 45.011
27 59 62.394
27 60 89.627
27 61 60.017
27 62 94.895
27 63 71.218
27 64 89.051
27 65 47.539
27 66 87.693
27 67 59.464
27 68 91.548
27 69 27.074
27 70 26.833
27 71 69.0
27 72 83.63
27 73 65.299
27 74 26.249
27 75 77.414
28 91 85 10
28 29 79.025
28 30 62.008
28 31 104.69
28 32 60.828
28 33 90.934
28 34 19.235
28 35 88.549
28 36 90.0
28 37 88.057
28 38 15.811
28 39 60.877
28 40 91.837
28 41 11.662
28 42 63.127
28 43 83.15
28 44 105.683
28 45 49.497
28 46 27.459
28 47 70.774
28 48 48.384
28 49 56.009
28 50 101.548
28 51 9.434
28 52 29.411
28 53 75.644
28 54 59.203
28 55 16.0
28 56 89.872
28 57 61.131
28 58 76.922
28 59 16.971
28 60 64.56
28 61 94.154
28 62 100.688
28 63 35.847
28 64 117.034
28 65 61.587
28 66 96.213
28 67 44.598
28 68 60.017
28 69 69.857
28 70 59.439
28 71 90.907
28 72 44.553
28 73 48.01
28 74 50.359
28 75 26.077
29 93 6 10
29 30 65.437
29 31 74.061
29 32 56.223
29 33 130.108
29 34 90.028
29 35 89.9
29 36 121.264
29 37 103.465
29 38 66.91
29 39 88.414
29 40 55.145
29 41 69.462
29 42 99.247
29 43 8.062
29 44 91.005
29 45 31.321
29 46 58.523
29 47 84.202
29 48 37.121
29 49 98.813
29 50 91.482
29 51 74.673
29 52 92.973
29 53 34.482
29 54 65.192
29 55 81.025
29 56 80.994
29 57 87.693
29 58 84.06
29 59 68.447
29 60 26.249
29 61 88.6
29 62 59.135
29 63 48.703
29 64 91.049
29 65 70.937
29 66 61.074
29 67 56.036
29 68 23.854
29 69 94.175
29 70 89.196
29 71 75.0
29 72 36.139
29 73 50.0
29 74 89.627
29 75 53.151
30 42 47 20
30 31 44.418
30 32 9.22
30 33 65.437
30 34 56.859
30 35 30.067
30 36 55.902
30 37 39.0
30 38 47.17
30 39 25.08
30 40 37.216
30 41 51.313
30 42 36.77
30 43 62.936
30 44 43.909
30 45 43.417
30 46 37.162
30 47 18.868
30 48 34.928
30 49 39.623
30 50 40.311
30 51 52.631
30 52 51.478
30 53 35.847
30 54 2.828
30 55 50.329
30 56 28.178
30 57 24.166
30 58 20.396
30 59 45.222
30 60 39.205
30 61 33.526
30 62 45.706
30 63 35.355
30 64 55.172
30 65 5.831
30 66 39.294
30 67 19.647
30 68 43.417
30 69 29.069
30 70 26.571
30 71 29.0
30 72 42.426
30 73 21.024
30 74 32.016
30 75 48.508
31 19 9 7
31 32 43.863
31 33 90.802
31 34 101.242
31 35 36.674
31 36 78.102
31 37 54.571
31 38 89.095
31 39 62.37
31 40 19.026
31 41 93.338
31 42 72.56
31 43 67.365
31 44 21.932
31 45 70.385
31 46 77.833
31 47 48.508
31 48 64.413
31 49 78.645
31 50 26.077
31 51 95.588
31 52 95.713
31 53 41.593
31 54 47.17
31 55 94.403
31 56 25.08
31 57 61.392
31 58 42.107
31 59 87.727
31 60 55.785
31 61 29.411
31 62 16.553
31 63 72.201
31 64 17.0
31 65 47.424
31 66 13.0
31 67 60.108
31 68 63.325
31 69 60.133
31 70 64.537
31 71 18.111
31 72 72.45
31 73 57.489
31 74 73.376
31 75 86.023
32 49 41 1
32 33 74.518
32 34 58.6
32 35 37.216
32 36 65.115
32 37 47.854
32 38 45.277
32 39 33.615
32 40 32.894
32 41 49.518
32 42 45.177
32 43 53.759
32 44 47.76
32 45 35.355
32 46 34.205
32 47 28.018
32 48 27.074
32 49 47.127
32 50 45.122
32 51 51.74
32 52 54.818
32 53 27.313
32 54 9.434
32 55 51.108
32 56 32.757
32 57 32.757
32 58 28.792
32 59 43.863
32 60 30.0
32 61 39.205
32 62 41.785
32 63 30.083
32 64 56.859
32 65 14.866
32 66 36.235
32 67 16.279
32 68 34.438
32 69 38.21
32 70 34.886
32 71 31.305
32 72 35.0
32 73 14.866
32 74 38.833
32 75 43.863
33 1 98 20
33 34 73.11
33 35 54.129
33 36 13.0
33 37 36.346
33 38 85.071
33 39 41.773
33 40 95.462
33 41 87.092
33 42 31.906
33 43 128.222
33 44 73.062
33 45 103.6
33 46 83.193
33 47 48.021
33 48 95.425
33 49 36.056
33 50 67.119
33 51 83.952
33 52 62.129
33 53 101.02
33 54 65.192
33 55 75.133
33 56 65.97
33 57 42.45
33 58 51.478
33 59 81.908
33 60 103.966
33 61 61.66
33 62 101.514
33 63 88.837
33 64 89.006
33 65 59.666
33 66 94.244
33 67 75.604
33 68 106.888
33 69 36.401
33 70 41.231
33 71 73.763
33 72 100.688
33 73 80.92
33 74 44.283
33 75 96.255
34 74 94 18
34 35 79.025
34 36 73.553
34 37 75.153
34 38 23.409
34 39 48.374
34 40 91.389
34 41 21.954
34 42 47.802
34 43 92.779
34 44 98.29
34 45 58.856
34 46 32.062
34 47 60.605
34 48 55.036
34 49 39.812
34 50 93.434
34 51 16.643
34 52 11.0
34 53 79.246
34 54 54.083
34 55 9.055
34 56 82.759
34 57 48.877
34 58 67.476
34 59 21.587
34 60 71.007
34 61 85.703
34 62 100.319
34 63 42.107
34 64 111.396
34 65 54.672
34 66 94.81
34 67 43.966
34 68 68.264
34 69 56.798
34 70 46.53
34 71 85.428
34 72 53.935
34 73 49.244
34 74 36.249
34 75 38.079
35 12 45 19
35 36 41.485
35 37 18.028
35 38 75.027
35 39 32.016
35 40 43.6
35 41 78.924
35 42 39.395
35 43 85.586
35 44 21.541
35 45 72.56
35 46 66.219
35 47 18.439
35 48 64.281
35 49 47.011
35 50 15.652
35 51 79.158
35 52 70.725
35 53 56.08
35 54 32.249
35 55 74.626
35 56 12.083
35 57 31.241
35 58 11.662
35 59 72.615
35 60 64.846
35 61 8.246
35 62 48.301
35 63 65.376
35 64 37.363
35 65 27.893
35 66 41.183
35 67 49.497
35 68 70.605
35 69 26.401
35 70 34.205
35 71 20.125
35 72 72.111
35 73 51.01
35 74 44.688
35 75 78.262
36 1 85 14
36 37 23.537
36 38 82.037
36 39 34.438
36 40 83.63
36 41 84.593
36 42 27.295
36 43 118.802
36 44 60.075
36 45 96.385
36 46 78.447
36 47 37.537
36 48 87.983
36 49 34.015
36 50 54.148
36 51 82.152
36 52 62.65
36 53 90.785
36 54 56.08
36 55 74.0
36 56 53.451
36 57 34.886
36 58 39.962
36 59 78.918
36 60 95.016
36 61 48.836
36 62 89.32
36 63 82.855
36 64 76.007
36 65 50.329
36 66 82.079
36 67 68.476
36 68 98.6
36 69 27.203
36 70 34.54
36 71 61.351
36 72 93.941
36 73 73.246
36 74 40.447
36 75 91.761
37 6 62 15
37 38 76.655
37 39 27.203
37 40 61.057
37 41 80.062
37 42 29.069
37 43 100.0
37 44 37.054
37 45 82.219
37 46 70.0
37 47 20.616
37 48 73.682
37 49 37.643
37 50 31.016
37 51 79.076
37 52 65.368
37 53 70.937
37 54 40.162
37 55 72.732
37 56 30.083
37 57 26.926
37 58 19.416
37 59 73.824
37 60 77.524
37 61 25.318
37 62 66.212
37 63 71.701
37 64 53.151
37 65 34.482
37 66 59.034
37 67 55.902
37 68 82.292
37 69 18.385
37 70 28.792
37 71 38.079
37 72 80.777
37 73 59.203
37 74 38.91
37 75 83.054
38 82 72 5
38 39 50.04
38 40 76.026
38 41 4.243
38 42 54.745
38 43 70.114
38 44 91.066
38 45 36.056
38 46 11.662
38 47 57.974
38 48 33.541
38 49 49.041
38 50 87.235
38 51 8.062
38 52 29.069
38 53 60.166
38 54 44.418
38 55 14.765
38 56 75.293
38 57 50.09
38 58 63.569
38 59 3.162
38 60 49.82
38 61 80.056
38 62 84.876
38 63 20.616
38 64 101.828
38 65 47.424
38 66 80.43
38 67 29.0
38 68 46.043
38 69 59.076
38 70 49.0
38 71 75.802
38 72 31.064
38 73 32.202
38 74 41.593
38 75 14.765
39 32 70 16
39 40 60.299
39 41 53.235
39 42 11.705
39 43 86.833
39 44 53.0
39 45 62.129
39 46 44.721
39 47 14.318
39 48 53.824
39 49 16.279
39 50 47.434
39 51 51.971
39 52 39.205
39 53 60.828
39 54 24.187
39 55 45.541
39 56 39.0
39 57 1.0
39 58 21.471
39 59 47.096
39 60 62.37
39 61 39.661
39 62 68.029
39 63 48.466
39 64 67.978
39 65 19.313
39 66 61.0
39 67 34.132
39 68 65.115
39 69 9.055
39 70 2.236
39 71 44.385
39 72 59.54
39 73 39.205
39 74 12.728
39 75 58.052
40 38 10 11
40 41 80.212
40 42 71.701
40 43 48.662
40 44 37.162
40 45 52.839
40 46 64.405
40 47 48.508
40 48 47.802
40 49 76.059
40 50 39.115
40 51 83.217
40 52 87.641
40 53 22.804
40 54 39.459
40 55 83.63
40 56 31.89
40 57 59.304
40 58 44.011
40 59 75.166
40 60 37.336
40 61 38.897
40 62 8.944
40 63 57.315
40 64 36.014
40 65 42.012
40 66 6.083
40 67 47.885
40 68 44.944
40 69 60.877
40 70 62.201
40 71 24.042
40 72 55.471
40 73 43.829
40 74 69.065
40 75 70.725
41 85 75 13
41 42 57.315
41 43 73.007
41 44 95.189
41 45 39.013
41 46 15.811
41 47 61.685
41 48 37.108
41 49 51.196
41 50 91.302
41 51 5.385
41 52 29.069
41 53 64.078
41 54 48.549
41 55 14.142
41 56 79.404
41 57 53.339
41 58 67.417
41 59 6.325
41 60 53.367
41 61 84.077
41 62 89.051
41 63 24.352
41 64 106.042
41 65 51.43
41 66 84.646
41 67 33.242
41 68 49.254
41 69 62.29
41 70 52.086
41 71 80.0
41 72 34.015
41 73 36.401
41 74 44.181
41 75 16.492
42 28 81 15
42 43 98.005
42 44 60.926
42 45 71.84
42 46 51.624
42 47 24.083
42 48 63.781
42 49 8.602
42 50 55.036
42 51 55.009
42 52 37.336
42 53 72.45
42 54 35.777
42 55 47.17
42 56 48.27
42 57 12.649
42 58 30.594
42 59 51.624
42 60 73.41
42 61 47.539
42 62 79.228
42 63 56.939
42 64 76.551
42 65 31.016
42 66 72.111
42 67 43.932
42 68 75.69
42 69 13.0
42 70 10.296
42 71 54.452
42 72 68.819
42 73 49.497
42 74 13.153
42 75 64.846
43 86 2 14
43 44 85.165
43 45 34.059
43 46 60.828
43 47 81.394
43 48 38.328
43 49 98.27
43 50 86.035
43 51 78.058
43 52 94.831
43 53 29.53
43 54 63.032
43 55 83.726
43 56 76.059
43 57 86.052
43 58 80.604
43 59 71.344
43 60 24.698
43 61 83.672
43 62 52.0
43 63 50.804
43 64 84.291
43 65 68.622
43 66 54.452
43 67 55.902
43 68 24.739
43 69 91.967
43 70 87.801
43 71 69.642
43 72 39.051
43 73 49.649
43 74 89.185
43 75 57.079
44 4 25 8
44 45 80.753
44 46 80.951
44 47 38.833
44 48 73.348
44 49 68.425
44 50 6.083
44 51 96.26
44 52 90.785
44 53 56.719
44 54 46.648
44 55 92.957
44 56 15.811
44 57 52.154
44 58 31.623
44 59 89.045
44 60 69.029
44 61 13.416
44 62 37.802
44 63 77.833
44 64 16.125
44 65 44.204
44 66 32.249
44 67 63.071
44 68 76.007
44 69 47.927
44 70 55.227
44 71 17.117
44 72 81.584
44 73 62.626
44 74 65.46
44 75 91.548
45 84 36 13
45 46 27.203
45 47 61.685
45 48 8.544
45 49 70.007
45 50 79.158
45 51 44.011
45 52 61.685
45 53 31.241
45 54 42.059
45 55 49.82
45 56 67.03
45 57 61.587
45 58 63.789
45 59 37.336
45 60 17.029
45 61 74.007
45 62 60.465
45 63 17.464
45 64 86.331
45 65 47.76
45 66 58.592
45 67 28.018
45 68 10.77
45 69 69.354
45 70 62.426
45 71 63.64
45 72 5.0
45 73 23.259
45 74 60.811
45 75 23.537
46 76 62 18
46 47 50.249
46 48 23.0
46 49 47.508
46 50 77.473
46 51 19.313
46 52 34.54
46 53 48.703
46 54 34.54
46 55 23.022
46 56 65.307
46 57 44.553
46 58 55.109
46 59 11.402
46 60 39.115
46 61 70.576
46 62 73.239
46 63 10.05
46 64 91.022
46 65 38.328
46 66 68.884
46 67 18.028
46 68 36.222
46 69 53.46
46 70 44.147
46 71 65.192
46 72 22.472
46 73 20.616
46 74 38.91
46 75 13.342
47 26 57 8
47 48 53.141
47 49 30.364
47 50 33.422
47 51 61.465
47 52 52.326
47 53 53.263
47 54 19.698
47 55 56.436
47 56 24.698
47 57 13.416
47 58 7.211
47 59 55.362
47 60 58.009
47 61 25.612
47 62 55.579
47 63 51.245
47 64 53.666
47 65 13.928
47 66 48.374
47 67 35.355
47 68 62.266
47 69 12.369
47 70 16.553
47 71 30.414
47 72 60.166
47 73 38.601
47 74 26.627
47 75 63.032
48 76 39 18
48 49 62.37
48 50 71.449
48 51 41.593
48 52 56.515
48 53 28.018
48 54 33.526
48 55 46.011
48 56 59.211
48 57 53.254
48 58 55.317
48 59 34.132
48 60 16.279
48 61 66.03
48 62 55.973
48 63 13.038
48 64 79.85
48 65 39.217
48 66 53.254
48 67 19.849
48 68 13.601
48 69 60.902
48 70 54.203
48 71 56.294
48 72 8.246
48 73 14.765
48 74 53.151
48 75 23.854
49 35 86 14
49 50 62.65
49 51 48.374
49 52 29.12
49 53 74.33
49 54 38.079
49 55 40.012
49 56 55.027
49 57 17.263
49 58 37.336
49 59 45.88
49 60 73.573
49 61 55.009
49 62 84.006
49 63 54.037
49 64 83.774
49 65 34.234
49 66 77.058
49 67 42.802
49 68 75.0
49 69 20.809
49 70 14.142
49 71 60.638
49 72 66.528
49 73 48.826
49 74 9.22
49 75 60.374
50 5 31 2
50 51 92.114
50 52 85.633
50 53 57.009
50 54 42.953
50 55 88.408
50 56 12.369
50 57 46.615
50 58 26.249
50 59 85.088
50 60 68.469
50 61 7.81
50 62 41.012
50 63 75.0
50 64 22.204
50 65 39.962
50 66 34.828
50 67 59.808
50 68 75.166
50 69 42.048
50 70 49.649
50 71 16.492
50 72 79.63
50 73 59.908
50 74 60.0
50 75 88.544
51 83 80 11
51 52 24.413
51 53 68.007
51 54 49.82
51 55 9.434
51 56 80.449
51 57 52.173
51 58 67.543
51 59 8.062
51 60 57.871
51 61 84.723
51 62 92.114
51 63 28.636
51 64 107.713
51 65 52.154
51 66 87.419
51 67 35.609
51 68 54.083
51 69 61.0
51 70 50.636
51 71 81.566
51 72 39.013
51 73 39.446
51 74 42.012
51 75 21.84
52 63 94 9
52 53 78.058
52 54 48.847
52 55 15.0
52 56 75.604
52 57 39.825
52 58 59.414
52 59 26.401
52 60 71.701
52 61 77.833
52 62 96.462
52 63 44.272
52 64 104.623
52 65 48.374
52 66 90.477
52 67 42.048
52 68 70.093
52 69 47.17
52 70 37.202
52 71 79.076
52 72 57.009
52 73 48.0
52 74 26.627
52 75 43.6
53 60 16 12
53 54 36.674
53 55 70.612
53 56 46.615
53 57 59.942
53 58 51.662
53 59 60.083
53 60 14.765
53 61 54.231
53 62 29.53
53 63 39.812
53 64 58.421
53 65 41.677
53 66 28.862
53 67 36.014
53 68 22.361
53 69 64.637
53 70 62.169
53 71 40.522
53 72 34.655
53 73 30.15
53 74 65.803
53 75 51.865
54 44 49 11
54 55 47.508
54 56 30.887
54 57 23.324
54 58 22.091
54 59 42.438
54 60 38.949
54 61 36.056
54 62 48.052
54 63 33.136
54 64 58.0
54 65 5.831
54 66 41.761
54 67 17.263
54 68 42.72
54 69 29.0
54 70 25.495
54 71 31.828
54 72 40.792
54 73 19.235
54 74 30.15
54 75 46.098
55 75 85 11
55 56 77.233
55 57 45.88
55 58 62.968
55 59 12.649
55 60 62.032
55 61 80.802
55 62 92.574
55 63 33.061
55 64 105.38
55 65 48.836
55 66 87.321
55 67 35.847
55 68 59.211
55 69 54.406
55 70 43.966
55 71 79.246
55 72 44.911
55 73 40.804
55 74 34.525
55 75 29.53
56 17 34 4
56 57 38.079
56 58 17.72
56 59 73.246
56 60 57.07
56 61 7.616
56 62 36.235
56 63 62.642
56 64 29.155
56 65 28.425
56 66 29.155
56 67 47.539
56 68 63.506
56 69 35.511
56 70 41.231
56 71 8.062
56 72 67.365
56 73 47.539
56 74 51.0
56 75 76.217
57 32 69 11
57 58 20.591
57 59 47.17
57 60 61.62
57 61 38.833
57 62 67.03
57 63 48.104
57 64 67.082
57 65 18.385
57 66 60.0
57 67 33.615
57 68 64.444
57 69 9.0
57 70 3.162
57 71 43.417
57 72 59.059
57 73 38.601
57 74 13.454
57 75 57.871
58 22 51 11
58 59 61.098
58 60 58.181
58 61 18.439
58 62 50.448
58 63 55.009
58 64 46.519
58 65 17.029
58 66 43.174
58 67 39.013
58 68 63.159
58 69 18.028
58 70 23.707
58 71 24.021
58 72 62.801
58 73 41.304
58 74 33.838
58 75 67.476
59 79 73 17
59 60 50.359
59 61 77.827
59 62 84.06
59 63 21.095
59 64 100.125
59 65 45.177
59 66 79.404
59 67 27.659
59 68 47.011
59 69 56.143
59 70 46.011
59 71 74.027
59 72 32.388
59 73 31.385
59 74 38.471
59 75 17.205
60 73 23 16
60 61 64.537
60 62 44.294
60 63 29.275
60 64 72.367
60 65 44.688
60 66 43.324
60 67 31.385
60 68 7.616
60 69 67.941
60 70 63.253
60 71 52.154
60 72 21.095
60 73 25.08
60 74 64.498
60 75 39.395
61 10 37 11
61 62 42.438
61 63 68.659
61 64 29.12
61 65 32.65
61 66 35.609
61 67 53.16
61 68 70.859
61 69 34.54
61 70 41.881
61 71 14.866
61 72 74.108
61 73 53.759
61 74 52.202
61 75 82.006
62 34 2 8
62 63 65.947
62 64 32.757
62 65 50.249
62 66 7.28
62 67 56.824
62 68 51.884
62 69 67.897
62 70 70.007
62 71 28.178
62 72 63.411
62 73 52.697
62 74 77.318
62 75 79.209
63 77 52 13
63 64 86.452
63 65 38.0
63 66 62.241
63 67 16.0
63 68 26.173
63 69 56.613
63 70 48.332
63 71 61.327
63 72 13.038
63 73 15.232
63 74 45.0
63 75 13.892
64 2 9 16
64 65 56.727
64 66 30.0
64 67 73.007
64 68 79.831
64 69 63.569
64 70 70.214
64 71 26.173
64 72 88.023
64 73 71.344
64 74 80.131
64 75 100.344
65 39 52 18
65 66 43.566
65 67 22.0
65 68 48.549
65 69 23.345
65 70 20.881
65 71 30.806
65 72 46.325
65 73 24.739
65 74 27.074
65 75 50.488
66 32 9 20
66 67 51.865
66 68 50.922
66 69 60.671
66 70 63.008
66 71 21.095
66 72 61.057
66 73 48.27
66 74 70.576
66 75 75.822
67 61 52 3
67 68 32.202
67 69 41.629
67 70 34.409
67 71 47.17
67 72 25.495
67 73 6.325
67 74 33.601
67 75 28.862
68 80 26 2
68 69 71.4
68 70 65.765
68 71 59.008
68 72 15.524
68 73 26.249
68 74 65.803
68 75 34.205
69 23 69 12
69 70 10.44
69 71 42.048
69 72 67.119
69 73 46.141
69 74 20.591
69 75 66.753
70 33 72 9
70 71 46.573
70 72 59.682
70 73 39.699
70 74 10.63
70 75 57.489
71 21 27 8
71 72 64.537
71 73 46.098
71 74 55.714
71 75 75.153
72 84 41 8
72 73 21.587
72 74 57.385
72 75 18.682
73 63 46 8
73 74 39.661
73 75 29.069
74 41 79 5
74 75 52.0
75 89 59 10
