90 4
1 17 71 8
1 2 69.893
1 3 47.885
1 4 74.303
1 5 53.852
1 6 65.276
1 7 31.321
1 8 43.012
1 9 22.804
1 10 54.626
1 11 93.349
1 12 87.006
1 13 69.354
1 14 74.793
1 15 24.187
1 16 68.118
1 17 20.248
1 18 63.063
1 19 35.057
1 20 52.0
1 21 47.17
1 22 81.345
1 23 41.437
1 24 67.03
1 25 26.907
1 26 21.095
1 27 55.973
1 28 55.082
1 29 12.806
1 30 78.339
1 31 82.759
1 32 65.215
1 33 26.0
1 34 35.468
1 35 40.608
1 36 27.514
1 37 76.531
1 38 46.098
1 39 36.359
1 40 86.128
1 41 12.0
1 42 84.172
1 43 15.62
1 44 32.062
1 45 58.592
1 46 68.25
1 47 52.953
1 48 22.361
1 49 17.692
1 50 53.038
1 51 31.016
1 52 102.201
1 53 52.802
1 54 46.819
1 55 61.847
1 56 47.297
1 57 31.78
1 58 80.529
1 59 65.863
1 60 53.141
1 61 28.018
1 62 53.085
1 63 88.119
1 64 82.801
1 65 25.495
1 66 57.079
1 67 38.897
1 68 81.222
1 69 24.698
1 70 13.601
1 71 68.029
1 72 89.872
1 73 73.756
1 74 48.0
1 75 76.538
1 76 80.399
1 77 38.013
1 78 39.395
1 79 64.661
1 80 36.892
1 81 77.369
1 82 77.104
1 83 32.388
1 84 80.523
1 85 11.18
1 86 63.008
1 87 26.173
1 88 24.021
1 89 28.284
1 90 68.659
2 56 13 5
2 3 22.627
2 4 7.616
2 5 16.279
2 6 58.138
2 7 67.602
2 8 57.14
2 9 54.708
2 10 80.753
2 11 28.862
2 12 30.414
2 13 37.643
2 14 33.422
2 15 89.554
2 16 68.447
2 17 89.694
2 18 88.645
2 19 47.011
2 20 39.051
2 21 33.015
2 22 17.029
2 23 52.038
2 24 66.212
2 25 43.417
2 26 62.642
2 27 77.279
2 28 45.222
2 29 70.007
2 30 85.428
2 31 21.024
2 32 5.099
2 33 50.448
2 34 57.697
2 35 51.01
2 36 43.863
2 37 61.4
2 38 55.444
2 39 77.414
2 40 92.179
2 41 60.308
2 42 62.225
2 43 73.164
2 44 48.549
2 45 33.615
2 46 52.773
2 47 49.729
2 48 56.613
2 49 52.479
2 50 57.723
2 51 69.721
2 52 43.105
2 53 26.173
2 54 42.297
2 55 24.083
2 56 30.463
2 57 71.701
2 58 37.736
2 59 6.083
2 60 22.472
2 61 94.021
2 62 42.297
2 63 42.544
2 64 28.16
2 65 44.822
2 66 63.6
2 67 34.205
2 68 76.551
2 69 94.578
2 70 82.801
2 71 11.705
2 72 35.693
2 73 19.723
2 74 40.262
2 75 87.846
2 76 64.661
2 77 80.399
2 78 42.107
2 79 28.844
2 80 33.015
2 81 37.802
2 82 66.03
2 83 42.802
2 84 87.207
2 85 78.294
2 86 24.187
2 87 78.588
2 88 91.236
2 89 55.109
2 90 78.186
3 40 29 10
3 4 26.42
3 5 6.403
3 6 55.317
3 7 51.478
3 8 45.618
3 9 36.014
3 10 69.462
3 11 49.649
3 12 47.297
3 13 42.059
3 14 42.297
3 15 68.964
3 16 64.351
3 17 67.978
3 18 78.294
3 19 25.962
3 20 33.302
3 21 24.042
3 22 37.121
3 23 40.249
3 24 62.225
3 25 22.561
3 26 44.045
3 27 67.082
3 28 40.361
3 29 47.381
3 30 80.808
3 31 39.925
3 32 18.601
3 33 28.018
3 34 37.108
3 35 38.91
3 36 21.26
3 37 62.434
3 38 45.277
3 39 61.522
3 40 88.459
3 41 37.802
3 42 66.212
3 43 53.151
3 44 26.926
3 45 32.65
3 46 43.829
3 47 43.186
3 48 38.013
3 49 31.016
3 50 50.0
3 51 53.339
3 52 61.984
3 53 21.471
3 54 33.422
3 55 19.698
3 56 12.649
3 57 55.326
3 58 48.166
3 59 18.028
3 60 9.434
3 61 73.376
3 62 28.231
3 63 55.009
3 64 43.738
3 65 22.472
3 66 56.4
3 67 12.083
3 68 75.286
3 69 72.56
3 70 60.465
3 71 20.616
3 72 51.788
3 73 33.541
3 74 23.77
3 75 82.006
3 76 66.37
3 77 64.498
3 78 29.069
3 79 32.985
3 80 11.402
3 81 46.53
3 82 66.03
3 83 20.591
3 84 82.879
3 85 57.009
3 86 28.443
3 87 60.133
3 88 70.228
3 89 38.328
3 90 72.007
4 53 6 20
4 5 20.616
4 6 65.742
4 7 74.243
4 8 64.382
4 9 60.638
4 10 88.119
4 11 31.0
4 12 35.114
4 13 45.0
4 14 40.311
4 15 94.921
4 16 76.059
4 17 94.366
4 18 96.104
4 19 48.415
4 20 46.573
4 21 40.2
4 22 20.881
4 23 59.211
4 24 73.824
4 25 48.466
4 26 68.659
4 27 84.723
4 28 52.811
4 29 73.246
4 30 93.038
4 31 25.298
4 32 12.166
4 33 53.075
4 34 58.523
4 35 58.138
4 36 47.434
4 37 68.819
4 38 62.801
4 39 84.149
4 40 99.765
4 41 64.07
4 42 69.354
4 43 78.746
4 44 50.329
4 45 41.231
4 46 49.041
4 47 57.28
4 48 62.586
4 49 57.271
4 50 65.253
4 51 76.322
4 52 46.174
4 53 33.541
4 54 49.649
4 55 21.587
4 56 31.401
4 57 78.313
4 58 44.204
4 59 8.544
4 60 23.431
4 61 99.368
4 62 40.804
4 63 48.374
4 64 33.541
4 65 48.877
4 66 71.169
4 67 36.878
4 68 84.06
4 69 98.98
4 70 86.822
4 71 8.544
4 72 40.497
4 73 26.249
4 74 39.812
4 75 95.462
4 76 72.007
4 77 87.144
4 78 49.0
4 79 36.359
4 80 37.577
4 81 44.598
4 82 73.498
4 83 45.277
4 84 94.81
4 85 83.259
4 86 31.765
4 87 84.723
4 88 96.385
4 89 61.522
4 90 85.796
5 45 25 15
5 6 54.489
5 7 55.036
5 8 47.434
5 9 40.447
5 10 71.47
5 11 43.382
5 12 41.593
5 13 38.91
5 14 38.079
5 15 74.33
5 16 64.031
5 17 73.824
5 18 80.056
5 19 31.953
5 20 32.802
5 21 24.187
5 22 30.871
5 23 42.059
5 24 61.847
5 25 27.857
5 26 48.508
5 27 68.71
5 28 39.825
5 29 53.74
5 30 80.802
5 31 33.838
5 32 12.207
5 33 34.409
5 34 43.012
5 35 40.804
5 36 27.586
5 37 60.605
5 38 46.615
5 39 65.069
5 40 88.238
5 41 44.045
5 42 63.632
5 43 58.241
5 44 33.106
5 45 30.61
5 46 46.065
5 47 43.267
5 48 42.426
5 49 36.674
5 50 50.606
5 51 57.009
5 52 56.045
5 53 19.799
5 54 34.0
5 55 19.105
5 56 17.0
5 57 59.008
5 58 43.738
5 59 12.083
5 60 10.77
5 61 78.772
5 62 31.78
5 63 50.249
5 64 38.21
5 65 28.601
5 66 56.939
5 67 18.358
5 68 74.25
5 69 78.549
5 70 66.611
5 71 16.0
5 72 46.271
5 73 28.071
5 74 28.071
5 75 82.377
5 76 64.405
5 77 68.066
5 78 31.048
5 79 29.547
5 80 17.0
5 81 42.45
5 82 64.537
5 83 26.926
5 84 82.801
5 85 62.65
5 86 24.698
5 87 64.63
5 88 75.769
5 89 42.0
5 90 72.402
6 82 65 16
6 7 38.079
6 8 22.561
6 9 43.0
6 10 31.765
6 11 59.034
6 12 47.17
6 13 23.087
6 14 31.0
6 15 68.877
6 16 10.44
6 17 76.217
6 18 36.139
6 19 73.007
6 20 22.023
6 21 31.401
6 22 53.759
6 23 24.0
6 24 8.246
6 25 49.041
6 26 44.721
6 27 26.833
6 28 15.0
6 29 75.027
6 30 27.313
6 31 51.245
6 32 54.203
6 33 68.007
6 34 82.541
6 35 25.02
6 36 59.464
6 37 11.402
6 38 19.235
6 39 42.202
6 40 34.132
6 41 65.276
6 42 19.698
6 43 55.362
6 44 71.868
6 45 24.698
6 46 99.02
6 47 13.601
6 48 43.046
6 49 53.46
6 50 12.649
6 51 39.812
6 52 57.567
6 53 34.713
6 54 23.259
6 55 73.593
6 56 67.201
6 57 40.706
6 58 32.558
6 59 60.208
6 60 64.382
6 61 72.471
6 62 82.662
6 63 37.336
6 64 44.011
6 65 56.613
6 66 12.042
6 67 61.4
6 68 20.0
6 69 82.541
6 70 77.279
6 71 67.119
6 72 45.891
6 73 42.953
6 74 77.389
6 75 30.083
6 76 15.133
6 77 44.045
6 78 30.676
6 79 29.732
6 80 51.478
6 81 29.275
6 82 12.166
6 83 65.391
6 84 29.069
6 85 65.253
6 86 34.015
6 87 51.884
6 88 72.498
6 89 37.054
6 90 21.095
7 47 80 8
7 8 16.401
7 9 17.0
7 10 23.854
7 11 82.735
7 12 73.246
7 13 50.329
7 14 57.801
7 15 30.887
7 16 38.328
7 17 38.328
7 18 32.802
7 19 54.406
7 20 34.132
7 21 35.44
7 22 72.801
7 23 18.601
7 24 37.656
7 25 31.385
7 26 11.402
7 27 24.698
7 28 33.242
7 29 43.463
7 30 47.074
7 31 72.498
7 32 62.514
7 33 46.098
7 34 60.108
7 35 18.868
7 36 40.817
7 37 49.396
7 38 20.0
7 39 10.05
7 40 54.818
7 41 36.62
7 42 57.775
7 43 18.028
7 44 52.01
7 45 42.19
7 46 87.321
7 47 29.069
7 48 15.264
7 49 28.425
7 50 25.495
7 51 2.236
7 52 87.201
7 53 42.72
7 54 28.653
7 55 70.612
7 56 58.189
7 57 4.123
7 58 62.37
7 59 66.068
7 60 60.208
7 61 34.67
7 62 70.235
7 63 69.311
7 64 69.116
7 65 37.216
7 66 27.659
7 67 49.396
7 68 51.088
7 69 44.643
7 70 41.012
7 71 71.028
7 72 74.404
7 73 62.65
7 74 64.413
7 75 45.222
7 76 52.811
7 77 13.038
7 78 25.71
7 79 49.739
7 80 41.231
7 81 58.796
7 82 48.765
7 83 48.021
7 84 49.244
7 85 28.071
7 86 50.567
7 87 14.213
7 88 34.438
7 89 13.153
7 90 37.483
8 60 70 6
8 9 21.587
8 10 24.042
8 11 68.352
8 12 58.138
8 13 34.409
8 14 42.19
8 15 47.17
8 16 25.495
8 17 53.852
8 18 32.696
8 19 56.4
8 20 19.647
8 21 24.187
8 22 59.439
8 23 5.385
8 24 24.187
8 25 31.401
8 26 22.204
8 27 21.471
8 28 17.205
8 29 53.46
8 30 38.588
8 31 58.523
8 32 52.24
8 33 49.739
8 34 64.498
8 35 6.708
8 36 42.202
8 37 33.956
8 38 3.606
8 39 23.324
8 40 46.648
8 41 44.385
8 42 42.059
8 43 32.894
8 44 54.644
8 45 27.514
8 46 86.556
8 47 12.728
8 48 21.213
8 49 33.242
8 50 10.05
8 51 18.439
8 52 71.561
8 53 31.016
8 54 15.033
8 55 65.307
8 56 55.218
8 57 19.799
8 58 46.4
8 59 56.886
8 60 55.009
8 61 51.039
8 62 69.426
8 63 53.151
8 64 54.129
8 65 38.833
8 66 14.56
8 67 47.508
8 68 38.639
8 69 60.166
8 70 54.745
8 71 62.817
8 72 58.83
8 73 48.765
8 74 63.702
8 75 38.419
8 76 37.656
8 77 25.942
8 78 16.553
8 79 35.114
8 80 37.802
8 81 42.802
8 82 34.132
8 83 49.041
8 84 40.817
8 85 42.72
8 86 36.878
8 87 30.61
8 88 50.606
8 89 15.297
8 90 28.844
9 39 65 20
9 10 39.598
9 11 74.202
9 12 66.468
9 13 47.011
9 14 53.009
9 15 35.511
9 16 47.074
9 17 38.288
9 18 48.795
9 19 37.643
9 20 29.53
9 21 26.173
9 22 62.968
9 23 19.0
9 24 45.706
9 25 14.56
9 26 8.062
9 27 39.205
9 28 32.28
9 29 32.062
9 30 59.506
9 31 63.6
9 32 49.649
9 33 29.732
9 34 44.204
9 35 18.028
9 36 23.854
9 37 54.083
9 38 24.187
9 39 26.571
9 40 67.543
9 41 22.804
9 42 61.522
9 43 18.868
9 44 35.384
9 45 36.62
9 46 70.328
9 47 30.265
9 48 2.0
9 49 12.207
9 50 31.257
9 51 18.385
9 52 81.394
9 53 32.802
9 54 24.166
9 55 54.452
9 56 41.485
9 57 20.248
9 58 58.523
9 59 52.173
9 60 44.181
9 61 39.962
9 62 53.235
9 63 66.038
9 64 62.225
9 65 20.248
9 66 36.139
9 67 32.573
9 68 60.208
9 69 44.204
9 70 35.847
9 71 56.321
9 72 68.768
9 73 54.037
9 74 47.413
9 75 58.669
9 76 58.034
9 77 29.411
9 78 17.205
9 79 43.278
9 80 25.08
9 81 55.227
9 82 55.036
9 83 31.064
9 84 61.741
9 85 26.249
9 86 42.45
9 87 24.187
9 88 37.802
9 89 6.325
9 90 49.659
10 67 93 2
10 11 88.645
10 12 77.369
10 13 52.631
10 14 60.877
10 15 47.043
10 16 25.456
10 17 57.079
10 18 9.22
10 19 77.156
10 20 42.048
10 21 48.052
10 22 81.222
10 23 29.411
10 24 26.249
10 25 52.802
10 26 35.228
10 27 5.0
10 28 37.121
10 29 67.082
10 30 26.173
10 31 79.63
10 32 75.954
10 33 69.311
10 34 83.63
10 35 30.676
10 36 63.127
10 37 40.46
10 38 25.318
10 39 19.235
10 40 33.015
10 41 60.465
10 42 48.836
10 43 39.85
10 44 74.967
10 45 49.041
10 46 109.041
10 47 32.062
10 48 38.21
10 49 51.662
10 50 24.187
10 51 23.707
10 52 88.955
10 53 54.589
10 54 38.471
10 55 89.157
10 56 78.39
10 57 22.847
10 58 63.569
10 59 80.808
10 60 78.791
10 61 49.366
10 62 91.837
10 63 68.942
10 64 73.756
10 65 59.548
10 66 20.248
10 67 70.178
10 68 34.886
10 69 63.008
10 70 62.586
10 71 86.833
10 72 76.844
10 73 70.257
10 74 86.023
10 75 23.022
10 76 42.426
10 77 19.0
10 78 40.497
10 79 56.223
10 80 60.902
10 81 60.083
10 82 37.483
10 83 70.292
10 84 28.071
10 85 49.244
10 86 59.008
10 87 31.257
10 88 51.039
10 89 34.059
10 90 18.385
11 84 6 13
11 12 12.166
11 13 36.222
11 14 28.071
11 15 109.622
11 16 69.007
11 17 111.946
11 18 94.641
11 19 75.24
11 20 48.847
11 21 48.26
11 22 12.53
11 23 64.475
11 24 67.0
11 25 66.528
11 26 81.271
11 27 84.172
11 28 51.923
11 29 95.802
11 30 84.481
11 31 10.63
11 32 31.385
11 33 77.524
11 34 86.163
11 35 63.977
11 36 69.893
11 37 56.719
11 38 65.46
11 39 91.389
11 40 89.443
11 41 85.428
11 42 53.451
11 43 93.005
11 44 76.485
11 45 40.853
11 46 80.025
11 47 57.009
11 48 75.802
11 49 75.69
11 50 64.537
11 51 84.971
11 52 15.524
11 53 41.4
11 54 54.129
11 55 52.24
11 56 59.135
11 57 86.764
11 58 27.295
11 59 34.928
11 60 51.245
11 61 114.039
11 62 71.021
11 63 26.401
11 64 15.033
11 65 70.0
11 66 68.731
11 67 61.717
11 68 72.367
11 69 117.456
11 70 106.832
11 71 39.115
11 72 15.652
11 73 20.248
11 74 69.123
11 75 88.204
11 76 58.464
11 77 94.154
11 78 57.983
11 79 33.242
11 80 58.009
11 81 30.067
11 82 61.814
11 83 70.235
11 84 85.709
11 85 100.005
11 86 32.249
11 87 95.88
11 88 112.004
11 89 72.402
11 90 80.0
12 86 18 3
12 13 24.739
12 14 16.492
12 15 101.415
12 16 57.009
12 17 104.69
12 18 83.024
12 19 73.246
12 20 39.115
12 21 40.311
12 22 14.318
12 23 54.708
12 24 55.036
12 25 60.745
12 26 73.0
12 27 72.78
12 28 41.231
12 29 90.918
12 30 72.339
12 31 9.849
12 32 31.0
12 33 74.095
12 34 84.404
12 35 54.378
12 36 65.795
12 37 44.553
12 38 55.036
12 39 81.413
12 40 77.279
12 41 80.262
12 42 41.437
12 43 84.959
12 44 74.041
12 45 31.064
12 46 83.187
12 47 46.239
12 48 67.897
12 49 69.635
12 50 53.451
12 51 75.472
12 52 15.264
12 53 34.205
12 54 44.654
12 55 54.452
12 56 58.421
12 57 77.175
12 58 15.133
12 59 36.222
12 60 51.088
12 61 105.759
12 62 72.0
12 63 15.0
12 64 4.243
12 65 65.299
12 66 57.271
12 67 59.203
12 68 60.208
12 69 110.454
12 70 100.603
12 71 41.976
12 72 5.385
12 73 13.928
12 74 69.181
12 75 76.105
12 76 46.325
12 77 84.077
12 78 49.578
12 79 23.601
12 80 53.712
12 81 18.0
12 82 49.649
12 83 67.357
12 84 73.553
12 85 92.655
12 86 24.083
12 87 86.839
12 88 104.062
12 89 63.891
12 90 68.029
13 80 42 18
13 14 8.246
13 15 80.056
13 16 33.377
13 17 84.876
13 18 58.421
13 19 65.276
13 20 17.493
13 21 23.345
13 22 30.806
13 23 31.828
13 24 31.257
13 25 45.891
13 26 52.202
13 27 48.052
13 28 17.205
13 29 75.961
13 30 49.729
13 31 28.16
13 32 34.655
13 33 63.071
13 34 76.105
13 35 31.828
13 36 54.083
13 37 23.854
13 38 31.064
13 39 57.689
13 40 55.714
13 41 65.253
13 42 25.0
13 43 64.203
13 44 65.069
13 45 11.18
13 46 84.971
13 47 21.954
13 48 48.021
13 49 53.451
13 50 28.792
13 51 52.498
13 52 37.216
13 53 21.213
13 54 23.022
13 55 57.14
13 56 54.708
13 57 54.037
13 58 12.042
13 59 41.037
13 60 49.659
13 61 84.22
13 62 70.228
13 63 19.209
13 64 21.213
13 65 52.345
13 66 32.558
13 67 51.624
13 68 39.357
13 69 90.973
13 70 82.735
13 71 48.104
13 72 24.597
13 73 20.248
13 74 65.803
13 75 52.953
13 76 27.019
13 77 60.208
13 78 29.967
13 79 9.434
13 80 43.046
13 81 8.485
13 82 28.653
13 83 58.078
13 84 51.245
13 85 72.945
13 86 14.422
13 87 64.382
13 88 83.096
13 89 43.012
13 90 44.181
14 82 34 17
14 15 86.977
14 16 41.11
14 17 91.214
14 18 66.611
14 19 67.03
14 20 24.042
14 21 27.731
14 22 23.77
14 23 39.205
14 24 39.051
14 25 49.98
14 26 58.796
14 27 56.294
14 28 25.06
14 29 80.411
14 30 57.07
14 31 20.616
14 32 31.385
14 33 65.924
14 34 78.102
14 35 39.051
14 36 57.07
14 37 30.083
14 38 38.949
14 39 65.513
14 40 62.642
14 41 69.642
14 42 29.206
14 43 70.838
14 44 67.186
14 45 16.401
14 46 83.57
14 47 29.967
14 48 54.203
14 49 58.181
14 50 37.0
14 51 60.0
14 52 29.411
14 53 23.537
14 54 29.698
14 55 55.036
14 56 54.745
14 57 61.612
14 58 6.083
14 59 37.736
14 60 48.765
14 61 91.22
14 62 69.857
14 63 13.601
14 64 13.038
14 65 55.785
14 66 40.792
14 67 53.0
14 68 45.88
14 69 97.201
14 70 88.323
14 71 44.654
14 72 16.643
14 73 14.213
14 74 65.924
14 75 60.531
14 76 32.65
14 77 68.096
14 78 35.805
14 79 10.44
14 80 45.398
14 81 4.472
14 82 35.114
14 83 60.208
14 84 58.464
14 85 79.202
14 86 14.0
14 87 71.701
14 88 89.872
14 89 49.578
14 90 52.038
15 20 95 20
15 16 68.007
15 17 11.18
15 18 53.235
15 19 59.211
15 20 62.936
15 21 61.4
15 22 98.478
15 23 48.415
15 24 67.676
15 25 46.487
15 26 28.425
15 27 50.359
15 28 63.411
15 29 34.54
15 30 73.171
15 31 99.045
15 32 84.581
15 33 50.09
15 34 59.203
15 35 48.27
15 36 50.359
15 37 80.112
15 38 50.774
15 39 28.443
15 40 80.006
15 41 36.125
15 42 88.566
15 43 16.643
15 44 56.223
15 45 70.725
15 46 92.396
15 47 59.641
15 48 33.838
15 49 38.079
15 50 56.356
15 51 29.069
15 52 116.043
15 53 68.242
15 54 57.28
15 55 84.853
15 56 70.456
15 57 28.231
15 58 92.022
15 59 86.377
15 60 75.505
15 61 4.472
15 62 77.233
15 63 99.247
15 64 97.185
15 65 47.676
15 66 57.94
15 67 61.66
15 68 80.05
15 69 16.279
15 70 21.26
15 71 89.56
15 72 103.276
15 73 89.404
15 74 72.062
15 75 70.007
15 76 83.385
15 77 28.071
15 78 51.856
15 79 77.897
15 80 57.567
15 81 88.527
15 82 79.12
15 83 56.036
15 84 75.107
15 85 13.038
15 86 77.621
15 87 17.088
15 88 4.0
15 89 37.537
15 90 64.63
16 85 75 8
16 17 76.485
16 18 27.731
16 19 80.131
16 20 31.241
16 21 40.311
16 22 64.133
16 23 28.792
16 24 2.236
16 25 55.462
16 26 47.043
16 27 20.518
16 28 24.207
16 29 78.918
16 30 17.0
16 31 61.522
16 32 64.413
16 33 74.324
16 34 89.051
16 35 30.083
16 36 66.189
16 37 15.264
16 38 23.087
16 39 39.925
16 40 24.207
16 41 69.857
16 42 23.431
16 43 56.321
16 44 78.715
16 45 34.886
16 46 107.713
16 47 21.26
16 48 46.69
16 49 58.523
16 50 16.155
16 51 39.623
16 52 66.491
16 53 44.407
16 54 31.241
16 55 83.096
16 56 75.822
16 57 40.025
16 58 42.107
16 59 70.328
16 60 73.593
16 61 71.169
16 62 91.049
16 63 46.098
16 64 54.037
16 65 63.071
16 66 11.045
16 67 69.405
16 68 13.153
16 69 82.765
16 70 79.101
16 71 77.175
16 72 55.326
16 73 53.367
16 74 85.604
16 75 19.647
16 76 16.971
16 77 41.146
16 78 37.736
16 79 40.162
16 80 59.405
16 81 39.013
16 82 12.042
16 83 72.56
16 84 18.868
16 85 66.37
16 86 44.385
16 87 50.961
16 88 71.84
16 89 40.792
16 90 11.045
17 10 90 9
17 18 63.789
17 19 54.231
17 20 67.424
17 21 64.382
17 22 100.265
17 23 54.12
17 24 75.928
17 25 46.325
17 26 32.757
17 27 60.008
17 28 68.964
17 29 27.166
17 30 83.0
17 31 101.316
17 32 84.906
17 33 45.541
17 34 52.345
17 35 53.712
17 36 47.76
17 37 87.596
17 38 57.385
17 39 38.0
17 40 90.089
17 41 31.78
17 42 95.859
17 43 21.024
17 44 51.245
17 45 74.813
17 46 86.209
17 47 65.742
17 48 37.014
17 49 37.216
17 50 63.569
17 51 36.878
17 52 119.67
17 53 70.725
17 54 61.855
17 55 82.006
17 56 67.446
17 57 36.497
17 58 96.607
17 59 85.884
17 60 73.389
17 61 12.042
17 62 72.111
17 63 104.043
17 64 100.449
17 65 45.695
17 66 65.97
17 67 59.135
17 68 88.955
17 69 6.325
17 70 11.705
17 71 88.238
17 72 107.056
17 73 91.967
17 74 67.365
17 75 80.1
17 76 91.093
17 77 38.118
17 78 55.444
17 79 81.566
17 80 56.824
17 81 93.231
17 82 87.092
17 83 52.393
17 84 85.006
17 85 12.042
17 86 80.623
17 87 26.019
17 88 7.81
17 89 41.881
17 90 74.108
18 73 100 18
18 19 86.371
18 20 49.649
18 21 56.321
18 22 88.0
18 23 38.079
18 24 29.155
18 25 62.008
18 26 44.204
18 27 11.402
18 28 44.102
18 29 75.664
18 30 22.361
18 31 86.093
18 32 83.952
18 33 78.492
18 34 92.763
18 35 39.395
18 36 72.346
18 37 42.942
18 38 33.526
18 39 26.926
18 40 27.659
18 41 69.405
18 42 50.774
18 43 47.927
18 44 84.172
18 45 56.143
18 46 118.224
18 47 39.205
18 48 47.381
18 49 60.828
18 50 31.145
18 51 32.45
18 52 93.68
18 53 62.586
18 54 46.573
18 55 97.99
18 56 87.464
18 57 31.385
18 58 68.659
18 59 89.022
18 60 87.664
18 61 55.009
18 62 101.02
18 63 73.376
18 64 79.63
18 65 68.768
18 66 26.019
18 67 79.322
18 68 33.971
18 69 69.462
18 70 70.214
18 71 95.21
18 72 82.0
18 73 77.0
18 74 95.21
18 75 18.028
18 76 44.102
18 77 25.962
18 78 49.244
18 79 63.008
18 80 69.971
18 81 65.307
18 82 39.115
18 83 79.511
18 84 23.77
18 85 56.921
18 86 66.189
18 87 38.601
18 88 57.219
18 89 43.278
18 90 17.804
19 15 36 17
19 20 52.202
19 21 43.174
19 22 62.769
19 23 51.865
19 24 78.294
19 25 25.0
19 26 43.566
19 27 76.381
19 28 58.523
19 29 28.16
19 30 94.868
19 31 65.788
19 32 43.863
19 33 9.22
19 34 11.18
19 35 50.478
19 36 14.213
19 37 82.219
19 38 57.689
19 39 63.285
19 40 102.903
19 41 23.087
19 42 87.556
19 43 47.127
19 44 3.0
19 45 54.589
19 46 33.838
19 47 59.506
19 48 39.205
19 49 26.077
19 50 64.14
19 51 55.471
19 52 87.932
19 53 44.102
19 54 49.769
19 55 30.232
19 56 17.029
19 57 57.14
19 58 73.062
19 59 41.34
19 60 25.0
19 61 63.071
19 62 18.028
19 63 80.225
19 64 69.635
19 65 17.692
19 66 70.178
19 67 14.142
19 68 92.574
19 69 57.07
19 70 43.932
19 71 40.361
19 72 77.666
19 73 59.439
19 74 13.153
19 75 94.81
19 76 86.331
19 77 65.863
19 78 42.485
19 79 57.009
19 80 22.361
19 81 71.0
19 82 84.865
19 83 7.616
19 84 97.082
19 85 46.174
19 86 53.038
19 87 57.009
19 88 59.008
19 89 43.139
19 90 85.212
20 65 51 6
20 21 9.434
20 22 39.812
20 23 15.652
20 24 29.069
20 25 30.0
20 26 34.828
20 27 38.328
20 28 7.071
20 29 59.228
20 30 48.01
20 31 38.897
20 32 34.482
20 33 48.374
20 34 62.37
20 35 15.264
20 36 39.459
20 37 30.083
20 38 17.117
20 39 42.544
20 40 55.444
20 41 48.662
20 42 35.511
20 43 46.861
20 44 51.42
20 45 8.062
20 46 77.006
20 47 10.77
20 48 30.529
20 49 36.674
20 50 18.682
20 51 36.359
20 52 53.263
20 53 13.416
20 54 5.657
20 55 51.856
20 56 45.222
20 57 38.079
20 58 29.206
20 59 39.925
20 60 42.426
20 61 67.179
20 62 60.745
20 63 36.62
20 64 34.986
20 65 37.121
20 66 24.698
20 67 39.812
20 68 42.012
20 69 73.498
20 70 65.307
20 71 46.519
20 72 40.46
20 73 29.12
20 74 55.57
20 75 49.739
20 76 34.176
20 77 45.31
20 78 12.649
20 79 15.652
20 80 30.083
20 81 25.807
20 82 33.121
20 83 44.643
20 84 50.0
20 85 55.471
20 86 17.263
20 87 47.802
20 88 65.856
20 89 25.612
20 90 39.825
21 57 46 7
21 22 37.577
21 23 19.026
21 24 38.184
21 25 22.561
21 26 33.015
21 27 44.922
21 28 16.401
21 29 52.811
21 30 56.851
21 31 37.736
21 32 28.071
21 33 40.012
21 34 53.6
21 35 18.0
21 36 31.016
21 37 39.395
21 38 22.804
21 39 44.911
21 40 64.444
21 41 42.059
21 42 44.385
21 43 44.822
21 44 42.579
21 45 12.166
21 46 67.624
21 47 19.209
21 48 27.659
21 49 30.463
21 50 26.42
21 51 37.643
21 52 55.317
21 53 7.28
21 54 9.849
21 55 43.012
21 56 35.805
21 57 39.56
21 58 33.615
21 59 32.757
21 60 33.302
21 61 65.803
21 62 51.313
21 63 41.231
21 64 36.069
21 65 29.069
21 66 32.757
21 67 30.463
21 68 51.4
21 69 70.178
21 70 60.745
21 71 38.897
21 72 42.802
21 73 28.018
21 74 46.141
21 75 58.249
21 76 43.463
21 77 47.854
21 78 9.849
21 79 17.493
21 80 20.881
21 81 30.676
21 82 42.544
21 83 35.693
21 84 58.898
21 85 52.345
21 86 16.279
21 87 47.854
21 88 63.891
21 89 24.187
21 90 48.26
22 73 12 12
22 23 55.082
22 24 61.984
22 25 54.452
22 26 70.328
22 27 77.058
22 28 44.102
22 29 83.409
22 30 80.523
22 31 4.472
22 32 18.974
22 33 65.0
22 34 73.736
22 35 54.406
22 36 57.428
22 37 53.852
22 38 56.886
22 39 81.908
22 40 86.331
22 41 73.11
22 42 52.479
22 43 81.835
22 44 63.977
22 45 32.249
22 46 69.462
22 47 49.163
22 48 64.661
22 49 63.655
22 50 57.079
22 51 75.027
22 52 26.077
22 53 30.414
22 54 44.643
22 55 41.012
22 56 46.84
22 57 76.896
22 58 25.807
22 59 23.087
22 60 39.051
22 61 102.927
22 62 59.304
22 63 28.425
22 64 13.454
22 65 57.628
22 66 62.008
22 67 49.193
22 68 69.642
22 69 105.646
22 70 94.752
22 71 28.16
22 72 19.698
22 73 11.0
22 74 57.07
22 75 83.744
22 76 56.365
22 77 84.77
22 78 47.424
22 79 25.02
22 80 45.607
22 81 27.295
22 82 58.873
22 83 57.706
22 84 82.006
22 85 88.408
22 86 22.561
22 87 85.428
22 88 100.688
22 89 61.717
22 90 74.813
23 58 65 1
23 24 27.203
23 25 26.926
23 26 21.541
23 27 26.833
23 28 15.0
23 29 51.039
23 30 43.012
23 31 54.424
23 32 47.096
23 33 45.618
23 34 60.374
23 35 1.414
23 36 37.736
23 37 35.128
23 38 5.831
23 39 26.926
23 40 51.039
23 41 41.437
23 42 42.755
23 43 33.121
23 44 50.249
23 45 23.707
23 46 81.468
23 47 11.705
23 48 19.105
23 49 29.833
23 50 12.649
23 51 20.809
23 52 68.6
23 53 26.019
23 54 10.44
23 55 59.933
23 56 50.0
23 57 22.472
23 58 43.863
23 59 51.624
23 60 49.649
23 61 52.498
23 62 64.382
23 63 50.931
23 64 50.606
23 65 34.482
23 66 18.358
23 67 42.45
23 68 41.761
23 69 60.374
23 70 53.852
23 71 57.489
23 72 55.803
23 73 44.598
23 74 58.694
23 75 43.186
23 76 39.051
23 77 29.732
23 78 11.18
23 79 31.305
23 80 32.65
23 81 40.311
23 82 36.056
23 83 44.407
23 84 45.222
23 85 42.544
23 86 32.573
23 87 32.558
23 88 51.614
23 89 13.153
23 90 33.422
24 84 73 3
24 25 53.712
24 26 46.0
24 27 21.26
24 28 22.023
24 29 77.647
24 30 19.235
24 31 59.414
24 32 62.177
24 33 72.615
24 34 87.321
24 35 28.46
24 36 64.405
24 37 14.213
24 38 21.587
24 39 39.812
24 40 26.401
24 41 68.447
24 42 22.627
24 43 55.579
24 44 76.922
24 45 32.65
24 46 105.646
24 47 19.209
24 48 45.398
24 49 57.009
24 50 14.56
24 51 39.051
24 52 64.761
24 53 42.202
24 54 29.206
24 55 80.92
24 56 73.756
24 57 39.56
24 58 40.2
24 59 68.096
24 60 71.449
24 61 70.937
24 62 89.022
24 63 44.385
24 64 52.01
24 65 61.327
24 66 10.05
24 67 67.424
24 68 14.56
24 69 82.225
24 70 78.23
24 71 74.947
24 72 53.46
24 73 51.196
24 74 83.6
24 75 21.84
24 76 16.401
24 77 41.183
24 78 35.847
24 79 37.947
24 80 57.428
24 81 37.054
24 82 11.662
24 83 70.711
24 84 21.095
24 85 65.62
24 86 42.154
24 87 50.596
24 88 71.47
24 89 39.459
24 90 13.0
25 35 51 8
25 26 22.204
25 27 51.662
25 28 35.355
25 29 30.463
25 30 69.893
25 31 55.973
25 32 38.588
25 33 18.974
25 34 33.615
25 35 25.554
25 36 10.817
25 37 59.034
25 38 32.757
25 39 41.11
25 40 77.936
25 41 19.698
25 42 65.276
25 43 30.594
25 44 23.324
25 45 34.713
25 46 56.303
25 47 35.44
25 48 16.492
25 49 9.22
25 50 39.357
25 51 32.894
25 52 76.007
25 53 26.833
25 54 26.306
25 55 40.112
25 56 26.926
25 57 34.785
25 58 55.973
25 59 39.925
25 60 30.0
25 61 50.922
25 62 39.115
25 63 63.569
25 64 56.604
25 65 7.616
25 66 45.277
25 67 18.028
25 68 68.154
25 69 51.4
25 70 40.311
25 71 43.174
25 72 64.008
25 73 47.202
25 74 33.287
25 75 69.814
25 76 63.151
25 77 43.966
25 78 18.439
25 79 39.56
25 80 11.18
25 81 53.16
25 82 61.131
25 83 17.692
25 84 72.111
25 85 34.886
25 86 37.121
25 87 38.013
25 88 47.927
25 89 18.868
25 90 60.216
26 38 73 15
26 27 35.777
26 28 36.235
26 29 32.573
26 30 57.567
26 31 70.725
26 32 57.567
26 33 35.0
26 34 48.795
26 35 21.024
26 36 30.463
26 37 56.089
26 38 25.495
26 39 19.723
26 40 65.46
26 41 25.239
26 42 64.031
26 43 12.042
26 44 41.049
26 45 42.45
26 46 76.922
26 47 33.242
26 48 6.083
26 49 17.493
26 50 32.249
26 51 12.042
26 52 87.693
26 53 39.962
26 54 29.206
26 55 62.29
26 56 49.031
26 57 13.601
26 58 64.031
26 59 60.208
26 60 52.086
26 61 32.802
26 62 60.008
26 63 71.4
26 64 68.768
26 65 26.926
26 66 36.014
26 67 40.025
26 68 60.133
26 69 38.949
26 70 32.558
26 71 64.382
26 72 74.953
26 73 61.033
26 74 54.231
26 75 56.08
26 76 59.841
26 77 22.361
26 78 23.431
26 79 49.518
26 80 33.015
26 81 60.605
26 82 56.321
26 83 37.577
26 84 59.775
26 85 21.024
26 86 49.204
26 87 16.125
26 88 31.113
26 89 9.22
26 90 47.802
27 70 89 2
27 28 33.0
27 29 68.154
27 30 23.022
27 31 75.326
27 32 72.567
27 33 68.884
27 34 83.409
27 35 28.178
27 36 62.225
27 37 35.468
27 38 22.136
27 39 22.023
27 40 30.414
27 41 60.902
27 42 43.863
27 43 41.773
27 44 74.33
27 45 45.011
27 46 107.615
27 47 28.018
27 48 38.013
27 49 51.4
27 50 20.0
27 51 25.0
27 52 84.155
27 53 51.196
27 54 35.171
27 55 86.764
27 56 76.551
27 57 24.515
27 58 58.822
27 59 77.621
27 60 76.479
27 61 52.953
27 62 90.427
27 63 64.078
27 64 69.231
27 65 58.694
27 66 15.524
27 67 68.6
27 68 30.463
27 69 66.068
27 70 64.777
27 71 83.815
27 72 72.125
27 73 66.068
27 74 84.646
27 75 20.616
27 76 37.483
27 77 22.361
27 78 38.013
27 79 52.038
27 80 59.076
27 81 55.362
27 82 32.558
27 83 69.311
27 84 25.08
27 85 51.478
27 86 55.036
27 87 34.0
27 88 54.332
27 89 33.302
27 90 14.318
28 70 56 13
28 29 63.388
28 30 41.049
28 31 42.579
28 32 40.853
28 33 54.129
28 34 68.411
28 35 15.264
28 36 45.354
28 37 23.77
28 38 13.892
28 39 40.497
28 40 48.415
28 41 53.085
28 42 30.017
28 43 48.021
28 44 57.567
28 45 12.042
28 46 84.024
28 47 5.099
28 48 32.894
28 49 41.049
28 50 13.0
28 51 35.384
28 52 54.378
28 53 20.248
28 54 9.055
28 55 58.898
28 56 52.202
28 57 36.878
28 58 29.206
28 59 46.519
28 60 49.497
28 61 67.476
28 62 67.676
28 63 36.069
28 64 37.336
28 65 42.755
28 66 18.439
28 67 46.53
28 68 35.0
28 69 75.18
28 70 68.007
28 71 53.235
28 72 41.677
28 73 33.136
28 74 62.434
28 75 42.942
28 76 27.893
28 77 43.046
28 78 17.029
28 79 19.105
28 80 36.674
28 81 25.612
28 82 26.401
28 83 50.922
28 84 43.012
28 85 57.245
28 86 22.091
28 87 47.381
28 88 66.611
28 89 27.313
28 90 33.106
29 7 63 7
29 30 90.139
29 31 85.446
29 32 65.795
29 33 20.591
29 34 25.179
29 35 50.01
29 36 26.173
29 37 86.006
29 38 56.223
29 39 49.092
29 40 98.031
29 41 10.77
29 42 93.193
29 43 28.425
29 44 25.298
29 45 64.846
29 46 59.076
29 47 62.032
29 48 32.249
29 49 22.561
29 50 63.285
29 51 43.382
29 52 106.174
29 53 57.271
29 54 54.589
29 55 57.697
29 56 43.417
29 57 44.294
29 58 86.377
29 59 65.192
29 60 50.478
29 61 37.643
29 62 45.541
29 63 93.984
29 64 86.833
29 65 25.807
29 66 67.897
29 67 36.401
29 68 92.071
29 69 29.155
29 70 16.031
29 71 66.03
29 72 94.366
29 73 77.175
29 74 41.231
29 75 88.6
29 76 90.0
29 77 50.804
29 78 46.69
29 79 70.007
29 80 37.802
29 81 83.487
29 82 87.092
29 83 28.302
29 84 92.347
29 85 22.472
29 86 67.543
29 87 38.949
29 88 33.242
29 89 38.21
29 90 80.362
30 93 90 9
30 31 77.666
30 32 81.413
30 33 88.323
30 34 103.078
30 35 44.407
30 36 80.709
30 37 28.0
30 38 37.202
30 39 45.0
30 40 8.062
30 41 82.079
30 42 33.734
30 43 64.63
30 44 93.193
30 45 51.884
30 46 123.762
30 47 37.643
30 48 58.694
30 49 71.554
30 50 31.145
30 51 47.676
30 52 80.225
30 53 61.294
30 54 47.424
30 55 99.81
30 56 91.924
30 57 47.381
30 58 57.219
30 59 87.321
30 60 90.139
30 61 75.538
30 62 106.888
30 63 60.033
30 64 69.721
30 65 77.389
30 66 24.839
30 67 85.041
30 68 13.928
30 69 89.022
30 70 87.693
30 71 94.154
30 72 70.029
30 73 69.921
30 74 101.316
30 75 5.0
30 76 27.295
30 77 45.1
30 78 53.151
30 79 57.009
30 80 75.073
30 81 54.452
30 82 23.022
30 83 87.419
30 84 2.236
30 85 74.431
30 86 61.327
30 87 57.009
30 88 77.162
30 89 53.226
30 90 9.849
31 77 14 7
31 32 22.361
31 33 67.535
31 34 76.844
31 35 53.852
31 36 59.682
31 37 50.596
31 38 55.785
31 39 81.345
31 40 83.241
31 41 75.0
31 42 48.765
31 43 82.42
31 44 66.851
31 45 31.048
31 46 73.682
31 47 47.676
31 48 65.215
31 49 65.115
31 50 55.444
31 51 74.733
31 52 22.361
31 53 30.806
31 54 44.011
31 55 45.1
31 56 50.22
31 57 76.557
31 58 21.954
31 59 27.0
31 60 42.579
31 61 103.47
31 62 63.127
31 63 24.083
31 64 9.22
31 65 59.641
31 66 60.075
31 67 52.0
31 68 66.408
31 69 106.832
31 70 96.26
31 71 32.388
31 72 15.232
31 73 9.849
31 74 60.671
31 75 81.049
31 76 52.924
31 77 84.155
31 78 47.508
31 79 23.537
31 80 47.707
31 81 23.77
31 82 55.66
31 83 60.415
31 84 79.076
31 85 89.376
31 86 21.932
31 87 85.475
31 88 101.4
31 89 61.911
31 90 72.339
32 55 18 18
32 33 46.615
32 34 54.781
32 35 46.043
32 36 39.623
32 37 58.138
32 38 50.636
32 39 72.339
32 40 88.323
32 41 55.902
32 42 59.548
32 43 68.154
32 44 45.177
32 45 29.53
32 46 52.887
32 47 45.222
32 48 51.546
32 49 47.707
32 50 53.16
32 51 64.63
32 52 44.721
32 53 21.378
32 54 37.483
32 55 24.042
32 56 27.893
32 57 66.611
32 58 36.249
32 59 6.403
32 60 20.224
32 61 89.051
32 62 41.0
32 63 41.761
32 64 28.16
32 65 40.361
32 66 59.135
32 67 30.529
32 68 73.007
32 69 89.872
32 70 78.243
32 71 13.454
32 72 36.056
32 73 18.682
32 74 38.328
32 75 83.672
32 76 61.555
32 77 75.326
32 78 37.054
32 79 25.495
32 80 28.425
32 81 35.847
32 82 62.626
32 83 39.115
32 84 83.241
32 85 73.43
32 86 20.616
32 87 73.498
32 88 86.313
32 89 50.01
32 90 73.926
33 17 45 6
33 34 14.765
33 35 44.283
33 36 9.0
33 37 77.878
33 38 51.43
33 39 54.644
33 40 96.385
33 41 14.0
33 42 83.863
33 43 37.947
33 44 6.325
33 45 52.01
33 46 43.012
33 47 54.406
33 48 31.113
33 49 17.692
33 50 58.181
33 51 47.011
33 52 89.157
33 53 42.426
33 54 45.122
33 55 37.162
33 56 22.825
33 57 48.6
33 58 72.007
33 59 45.277
33 60 30.0
33 61 54.009
33 62 27.166
33 63 79.429
33 64 70.228
33 65 11.402
33 66 63.953
33 67 16.279
33 68 87.092
33 69 48.765
33 70 35.735
33 71 45.607
33 72 78.109
33 73 60.166
33 74 22.0
33 75 87.92
33 76 82.0
33 77 57.14
33 78 37.363
33 79 55.579
33 80 20.616
33 81 69.584
33 82 80.081
33 83 7.81
33 84 90.554
33 85 37.054
33 86 52.173
33 87 47.927
33 88 50.01
33 89 35.609
33 90 78.549
34 4 38 14
34 35 59.034
34 36 23.087
34 37 92.179
34 38 66.189
34 39 68.118
34 40 111.14
34 41 24.698
34 42 97.862
34 43 49.739
34 44 11.045
34 45 65.276
34 46 34.0
34 47 68.949
34 48 45.453
34 49 32.016
34 50 72.918
34 51 60.828
34 52 99.04
34 53 55.009
34 54 59.481
34 55 38.897
34 56 27.295
34 57 62.29
34 58 84.149
34 59 51.884
34 60 35.355
34 61 62.586
34 62 22.361
34 63 91.351
34 64 80.808
34 65 26.0
34 66 78.715
34 67 25.318
34 68 101.769
34 69 54.0
34 70 41.049
34 71 50.22
34 72 88.843
34 73 70.612
34 74 19.849
34 75 102.626
34 76 96.302
34 77 70.434
34 78 51.865
34 79 68.007
34 80 33.061
34 81 82.024
34 82 94.557
34 83 18.028
34 84 105.309
34 85 46.487
34 86 64.125
34 87 60.208
34 88 58.249
34 89 50.22
34 90 93.295
35 57 64 14
35 36 36.359
35 37 36.056
35 38 7.211
35 39 27.514
35 40 52.431
35 41 40.311
35 42 43.566
35 43 32.757
35 44 48.877
35 45 23.324
35 46 80.056
35 47 12.369
35 48 18.248
35 49 28.636
35 50 13.928
35 51 21.095
35 52 68.411
35 53 25.08
35 54 9.849
35 55 58.6
35 56 48.6
35 57 22.825
35 58 43.841
35 59 50.488
35 60 48.301
35 61 52.402
35 62 62.968
35 63 50.99
35 64 50.249
35 65 33.121
35 66 19.723
35 67 41.037
35 68 43.012
35 69 59.942
35 70 53.16
35 71 56.294
35 72 55.606
35 73 44.011
35 74 57.28
35 75 44.598
35 76 40.012
35 77 30.364
35 78 9.849
35 79 30.887
35 80 31.241
35 81 40.311
35 82 37.121
35 83 43.012
35 84 46.615
35 85 42.048
35 86 31.953
35 87 32.65
35 88 51.4
35 89 12.369
35 90 34.828
36 26 45 9
36 37 69.123
36 38 43.566
36 39 50.09
36 40 88.752
36 41 16.643
36 42 74.967
36 43 36.125
36 44 12.53
36 45 43.012
36 46 46.53
36 47 45.88
36 48 25.554
36 49 13.342
36 50 50.12
36 51 42.059
36 52 80.957
36 53 33.541
36 54 36.401
36 55 34.525
36 56 20.1
36 57 43.829
36 58 63.151
36 59 39.205
36 60 25.632
36 61 54.589
36 62 29.547
36 63 70.612
36 64 61.847
36 65 3.606
36 66 56.08
36 67 11.402
36 68 78.791
36 69 51.894
36 70 39.446
36 71 40.706
36 72 69.642
36 73 51.894
36 74 23.77
36 75 80.604
36 76 73.246
36 77 52.802
36 78 28.792
36 79 46.69
36 80 12.083
36 81 60.671
36 82 71.47
36 83 7.211
36 84 82.928
36 85 37.656
36 86 43.417
36 87 45.122
36 88 50.99
36 89 29.069
36 90 71.028
37 93 62 9
37 38 30.594
37 39 53.0
37 40 32.757
37 41 76.059
37 42 8.602
37 43 66.761
37 44 81.32
37 45 30.0
37 46 106.231
37 47 24.021
37 48 54.231
37 49 64.125
37 50 24.042
37 51 51.078
37 52 52.345
37 53 41.049
37 54 32.757
37 55 79.511
37 56 74.793
37 57 51.894
37 58 29.428
37 59 64.444
37 60 71.028
37 61 83.63
37 62 90.427
37 63 32.062
37 64 42.202
37 65 66.491
37 66 22.472
37 67 69.857
37 68 15.811
37 69 93.92
37 70 88.645
37 71 71.505
37 72 42.048
37 73 43.829
37 74 85.422
37 75 32.14
37 76 4.123
37 77 54.644
37 78 40.608
37 79 32.65
37 80 60.166
37 81 26.926
37 82 5.099
37 83 74.632
37 84 29.069
37 85 76.655
37 86 37.537
37 87 63.071
37 88 83.774
37 89 48.26
37 90 25.632
38 63 68 7
38 39 26.627
38 40 45.222
38 41 46.872
38 42 38.601
38 43 36.401
38 44 56.08
38 45 24.739
38 46 87.046
38 47 9.22
38 48 24.021
38 49 35.44
38 50 7.071
38 51 22.023
38 52 68.264
38 53 29.275
38 54 13.153
38 55 64.885
38 56 55.444
38 57 23.345
38 58 43.012
38 59 55.543
38 60 54.708
38 61 54.644
38 62 70.007
38 63 49.679
38 64 51.078
38 65 40.311
38 66 12.53
38 67 48.083
38 68 36.139
38 69 63.695
38 70 58.052
38 71 61.685
38 72 55.57
38 73 46.098
38 74 64.351
38 75 37.483
38 76 34.366
38 77 29.155
38 78 16.401
38 79 32.28
38 80 38.21
38 81 39.408
38 82 31.016
38 83 50.22
38 84 39.408
38 85 46.174
38 86 34.366
38 87 34.205
38 88 54.203
38 89 18.028
38 90 27.659
39 48 90 18
39 40 52.154
39 41 43.841
39 42 61.587
39 43 21.024
39 44 60.745
39 45 50.567
39 46 96.602
39 47 35.805
39 48 24.698
39 49 37.216
39 50 30.414
39 51 8.246
39 52 94.874
39 53 52.173
39 54 37.336
39 55 80.604
39 56 68.007
39 57 6.325
39 58 69.635
39 59 76.026
39 60 70.214
39 61 31.321
39 62 79.624
39 63 76.217
39 64 77.369
39 65 46.519
39 66 30.529
39 67 59.135
39 68 51.662
39 69 44.045
39 70 43.417
39 71 81.056
39 72 82.152
39 73 71.512
39 74 73.824
39 75 42.19
39 76 55.946
39 77 3.0
39 78 35.355
39 79 58.181
39 80 51.196
39 81 66.03
39 82 51.43
39 83 57.245
39 84 47.011
39 85 30.083
39 86 59.464
39 87 12.042
39 88 32.388
39 89 23.195
39 90 36.222
40 100 94 10
40 41 90.078
40 42 37.0
40 43 72.18
40 44 101.242
40 45 58.83
40 46 131.59
40 47 45.277
40 48 66.708
40 49 79.605
40 50 39.051
40 51 55.317
40 52 84.006
40 53 68.6
40 54 55.154
40 55 107.299
40 56 99.725
40 57 54.918
40 58 62.169
40 59 94.34
40 60 97.745
40 61 82.152
40 62 114.769
40 63 64.195
40 64 74.953
40 65 85.44
40 66 32.802
40 67 92.957
40 68 17.117
40 69 96.021
40 70 95.189
40 71 101.242
40 72 74.545
40 73 75.961
40 74 109.225
40 75 10.0
40 76 31.145
40 77 52.01
40 78 61.074
40 79 63.506
40 80 82.976
40 81 59.666
40 82 27.659
40 83 95.441
40 84 5.831
40 85 81.884
40 86 68.0
40 87 64.195
40 88 84.006
40 89 61.27
40 90 17.889
41 17 59 13
41 42 83.024
41 43 25.06
41 44 20.1
41 45 54.12
41 46 56.515
41 47 52.038
41 48 23.409
41 49 12.042
41 50 53.935
41 51 37.014
41 52 95.525
41 53 46.519
41 54 44.181
41 55 50.289
41 56 35.735
41 57 38.288
41 58 75.611
41 59 55.803
41 60 42.048
41 61 40.012
41 62 41.11
41 63 83.217
41 64 76.158
41 65 15.556
41 66 58.941
41 67 27.731
41 68 82.976
41 69 35.468
41 70 22.825
41 71 57.306
41 72 83.648
41 73 66.573
41 74 36.0
41 75 80.957
41 76 80.1
41 77 46.011
41 78 36.222
41 79 59.237
41 80 27.586
41 81 72.732
41 82 77.414
41 83 20.616
41 84 84.309
41 85 23.087
41 86 56.798
41 87 35.511
41 88 36.014
41 89 29.12
41 90 72.236
42 100 57 8
42 43 74.947
42 44 86.885
42 45 33.615
42 46 109.659
42 47 31.257
42 48 61.814
42 49 71.007
42 50 32.311
42 51 59.506
42 52 47.011
42 53 44.777
42 54 39.051
42 55 82.098
42 56 78.791
42 57 60.374
42 58 26.833
42 59 65.947
42 60 74.303
42 61 92.13
42 62 94.43
42 63 27.459
42 64 39.812
42 65 72.56
42 66 31.064
42 67 74.632
42 68 20.1
42 69 102.181
42 70 96.54
42 71 73.0
42 72 38.079
42 73 43.417
42 74 89.694
42 75 38.328
42 76 6.708
42 77 63.246
42 78 47.043
42 79 34.409
42 80 65.253
42 81 25.239
42 82 11.662
42 83 80.05
42 84 34.366
42 85 84.77
42 86 39.408
42 87 71.554
42 88 92.195
42 89 55.902
42 90 33.121
43 29 81 3
43 44 44.272
43 45 54.489
43 46 80.957
43 47 44.721
43 48 17.205
43 49 23.0
43 50 42.72
43 51 17.029
43 52 99.705
43 53 51.614
43 54 41.231
43 55 70.064
43 56 56.009
43 57 17.263
43 58 76.059
43 59 70.214
43 60 60.299
43 61 21.095
43 62 64.761
43 63 83.409
43 64 80.722
43 65 33.015
43 66 45.541
43 67 47.0
43 68 69.116
43 69 27.313
43 70 23.087
43 71 73.756
43 72 86.977
43 73 72.801
43 74 59.228
43 75 62.37
43 76 70.342
43 77 22.472
43 78 35.384
43 79 61.522
43 80 41.773
43 81 72.622
43 82 66.491
43 83 42.579
43 84 66.753
43 85 10.05
43 86 61.074
43 87 10.63
43 88 19.105
43 89 21.26
43 90 55.227
44 15 39 9
44 45 54.231
44 46 36.688
44 47 58.31
44 48 36.878
44 49 23.601
44 50 62.65
44 51 53.009
44 52 88.865
44 53 44.0
44 54 48.703
44 55 32.757
44 56 19.105
44 57 54.644
44 58 73.246
44 59 43.012
44 60 26.907
44 61 60.075
44 62 21.024
44 63 80.505
44 64 70.342
44 65 15.811
44 66 68.6
44 67 14.866
44 68 91.285
44 69 54.129
44 70 41.0
44 71 42.426
44 72 78.339
44 73 60.166
44 74 16.125
44 75 93.005
44 76 85.44
44 77 63.285
44 78 41.231
44 79 57.035
44 80 22.023
44 81 71.063
44 82 83.815
44 83 7.0
44 84 95.415
44 85 43.186
44 86 53.235
44 87 54.231
44 88 56.009
44 89 41.037
44 90 83.487
45 69 44 19
45 46 76.322
45 47 17.0
45 48 37.802
45 49 42.379
45 50 25.02
45 51 44.418
45 52 45.343
45 53 11.18
45 54 13.601
45 55 49.578
45 56 45.188
45 57 46.141
45 58 21.954
45 59 35.511
45 60 41.049
45 61 75.007
45 62 60.836
45 63 29.53
45 64 26.926
45 65 41.195
45 66 30.414
45 67 41.231
45 68 43.932
45 69 80.802
45 70 72.069
45 71 42.438
45 72 32.558
45 73 21.378
45 74 56.08
45 75 54.231
45 76 33.838
45 77 53.31
45 78 19.416
45 79 7.616
45 80 32.249
45 81 18.788
45 82 33.971
45 83 47.265
45 84 53.712
45 85 62.801
45 86 10.05
45 87 55.803
45 88 73.553
45 89 33.242
45 90 44.598
46 4 4 15
46 47 86.452
46 48 72.069
46 49 59.506
46 50 92.634
46 51 88.589
46 52 95.189
46 53 65.192
46 54 76.485
46 55 28.862
46 56 31.89
46 57 90.355
46 58 88.865
46 59 47.074
46 60 35.355
46 61 96.026
46 62 17.205
46 63 94.641
46 64 80.808
46 65 50.12
46 66 98.995
46 67 39.051
46 68 119.017
46 69 88.0
46 70 75.027
46 71 41.304
46 72 88.459
46 73 71.568
46 74 23.022
46 75 124.483
46 76 110.136
46 77 99.282
46 78 70.725
46 79 75.584
46 80 48.836
46 81 88.023
46 82 109.859
46 83 39.357
46 84 125.897
46 85 79.429
46 86 70.682
46 87 90.824
46 88 91.788
46 89 75.166
46 90 114.56
47 69 61 9
47 48 30.594
47 49 40.112
47 50 8.062
47 51 31.145
47 52 59.169
47 53 24.166
47 54 10.0
47 55 62.201
47 56 54.562
47 57 32.527
47 58 33.838
47 59 50.695
47 60 52.498
47 61 63.6
47 62 69.814
47 63 40.46
47 64 42.379
47 65 43.012
47 66 13.928
47 67 48.26
47 68 33.121
47 69 72.014
47 70 65.521
47 71 57.271
47 72 46.53
47 73 38.21
47 74 64.405
47 75 39.115
47 76 28.071
47 77 38.275
47 78 17.088
47 79 24.187
47 80 38.275
47 81 30.232
47 82 25.71
47 83 51.894
47 84 39.699
47 85 54.231
47 86 27.019
47 87 43.278
47 88 62.968
47 89 24.739
47 90 29.155
48 39 67 11
48 49 13.454
48 50 31.064
48 51 16.553
48 52 82.759
48 53 34.409
48 54 25.06
48 55 56.436
48 56 43.417
48 57 18.385
48 58 59.641
48 59 54.129
48 60 46.174
48 61 38.275
48 62 55.009
48 63 67.119
48 64 63.655
48 65 21.954
48 66 35.693
48 67 34.482
48 68 59.841
48 69 43.012
48 70 35.114
48 71 58.31
48 72 70.093
48 73 55.606
48 74 49.193
48 75 57.706
48 76 58.138
48 77 27.514
48 78 18.439
48 79 44.598
48 80 27.074
48 81 56.303
48 82 55.0
48 83 32.757
48 84 60.926
48 85 25.0
48 86 43.932
48 87 22.204
48 88 36.235
48 89 6.0
48 90 48.847
49 29 58 1
49 50 42.45
49 51 29.411
49 52 84.876
49 53 35.511
49 54 32.14
49 55 47.096
49 56 33.015
49 57 31.064
49 58 64.078
49 59 48.754
49 60 37.483
49 61 42.45
49 62 42.72
49 63 71.694
49 64 65.46
49 65 10.05
49 66 47.76
49 67 24.0
49 68 71.568
49 69 42.202
49 70 31.145
49 71 51.546
49 72 72.719
49 73 56.223
49 74 37.0
49 75 70.831
49 76 68.184
49 77 39.825
49 78 24.187
49 79 47.854
49 80 19.698
49 81 61.098
49 82 65.62
49 83 20.248
49 84 73.79
49 85 26.0
49 86 45.793
49 87 31.78
49 88 39.217
49 89 18.358
49 90 61.717
50 70 69 12
50 51 27.295
50 52 65.742
50 53 31.953
50 54 16.643
50 55 69.34
50 56 60.828
50 57 28.302
50 58 40.249
50 59 58.523
50 60 59.405
50 61 60.033
50 62 75.743
50 63 46.325
50 64 49.729
50 65 46.957
50 66 6.403
50 67 53.907
50 68 29.12
50 69 69.893
50 70 64.777
50 71 65.0
50 72 53.31
50 73 46.098
50 74 70.178
50 75 32.016
50 76 27.659
50 77 32.558
50 78 22.023
50 79 32.062
50 80 43.932
50 81 36.674
50 82 24.083
50 83 56.604
50 84 33.302
50 85 52.631
50 86 35.057
50 87 39.446
50 88 59.933
50 89 25.08
50 90 22.023
51 46 82 17
51 52 89.404
51 53 44.922
51 54 30.887
51 55 72.367
51 56 59.775
51 57 2.0
51 58 64.537
51 59 68.118
51 60 61.984
51 61 32.757
51 62 71.554
51 63 71.449
51 64 71.344
51 65 38.471
51 66 29.12
51 67 50.922
51 68 52.24
51 69 43.174
51 70 40.112
51 71 73.007
51 72 76.609
51 73 64.885
51 74 65.742
51 75 45.607
51 76 54.424
51 77 11.18
51 78 27.893
51 79 51.971
51 80 42.953
51 81 60.959
51 82 50.289
51 83 49.244
51 84 49.82
51 85 27.0
51 86 52.802
51 87 12.207
51 88 32.696
51 89 15.033
51 90 38.21
52 99 10 10
52 53 49.406
52 54 58.898
52 55 67.007
52 56 72.567
52 57 91.022
52 58 25.495
52 59 49.163
52 60 64.938
52 61 120.341
52 62 85.376
52 63 20.396
52 64 19.416
52 65 80.529
52 66 68.71
52 67 74.0
52 68 67.007
52 69 125.495
52 70 115.802
52 71 54.009
52 72 12.806
52 73 29.069
52 74 83.024
52 75 84.481
52 76 53.038
52 77 97.417
52 78 64.351
52 79 38.184
52 80 68.877
52 81 29.069
52 82 57.219
52 83 82.28
52 84 81.099
52 85 107.629
52 86 39.205
52 87 101.045
52 88 118.802
52 89 78.518
52 90 77.466
53 59 39 8
53 54 16.125
53 55 38.897
53 56 34.015
53 57 46.84
53 58 29.614
53 59 26.571
53 60 30.0
53 61 72.67
53 62 49.659
53 63 37.108
53 64 30.0
53 65 32.28
53 66 38.079
53 67 30.414
53 68 54.452
53 69 76.381
53 70 66.4
53 71 33.106
53 72 37.216
53 73 21.26
53 74 44.944
53 75 63.135
53 76 44.944
53 77 55.109
53 78 17.088
53 79 13.153
53 80 22.023
53 81 27.166
53 82 44.822
53 83 37.0
53 84 63.246
53 85 58.728
53 86 10.296
53 87 55.036
53 88 70.605
53 89 31.305
53 90 53.235
54 61 55 5
54 55 52.697
54 56 44.598
54 57 32.65
54 58 34.828
54 59 42.45
54 60 42.802
54 61 61.522
54 62 59.816
54 63 42.202
54 64 40.497
54 65 33.734
54 66 23.022
54 67 38.275
54 68 43.046
54 69 67.956
54 70 60.008
54 71 48.703
54 72 46.098
54 73 34.176
54 74 54.406
54 75 48.6
54 76 36.878
54 77 40.162
54 78 8.0
54 79 21.095
54 80 28.302
54 81 31.401
54 82 35.114
54 83 42.154
54 84 49.518
54 85 49.93
54 86 22.136
54 87 42.202
54 88 60.208
54 89 20.0
54 90 38.601
55 32 11 8
55 56 14.56
55 57 74.33
55 58 60.166
55 59 18.248
55 60 10.44
55 61 89.107
55 62 19.313
55 63 65.803
55 64 51.971
55 65 37.216
55 66 75.717
55 67 23.195
55 68 93.338
55 69 85.703
55 70 72.801
55 71 13.153
55 72 59.682
55 73 42.72
55 74 19.209
55 75 101.257
55 76 83.241
55 77 83.546
55 78 48.754
55 79 47.707
55 80 29.428
55 81 59.506
55 82 83.546
55 83 29.732
55 84 101.828
55 85 72.18
55 86 42.72
55 87 78.102
55 88 85.51
55 89 57.489
55 90 91.263
56 28 25 18
56 57 61.685
56 58 60.531
56 59 24.597
56 60 8.062
56 61 74.673
56 62 15.652
56 63 67.186
56 64 55.145
56 65 23.0
56 66 67.209
56 67 9.055
56 68 87.201
56 69 71.169
56 70 58.31
56 71 23.345
56 72 63.198
56 73 45.044
56 74 11.18
56 75 92.763
56 76 78.772
56 77 70.88
56 78 39.051
56 79 45.607
56 80 17.493
56 81 59.034
56 82 78.23
56 83 15.232
56 84 94.048
56 85 57.706
56 86 41.0
56 87 64.498
56 88 71.021
56 89 45.31
56 90 82.807
57 46 84 9
57 58 66.068
57 59 70.114
57 60 63.953
57 61 31.765
57 62 73.348
57 63 72.918
57 64 73.062
57 65 40.249
57 66 29.732
57 67 52.811
57 68 52.469
57 69 42.755
57 70 40.311
57 71 75.007
57 72 78.237
57 73 66.708
57 74 67.543
57 75 45.122
57 76 55.154
57 77 9.22
57 78 29.833
57 79 53.712
57 80 44.911
57 81 62.482
57 82 50.922
57 83 51.0
57 84 49.497
57 85 27.074
57 86 54.626
57 87 11.18
57 88 31.953
57 89 17.029
57 90 38.053
58 88 33 10
58 59 42.485
58 60 54.342
58 61 96.208
58 62 75.505
58 63 7.616
58 64 13.0
58 65 61.847
58 66 43.324
58 67 59.008
58 68 45.122
58 69 102.65
58 70 94.021
58 71 49.244
58 72 13.342
58 73 18.028
58 74 71.701
58 75 61.033
58 76 31.321
58 77 72.111
58 78 41.34
58 79 16.492
58 80 51.478
58 81 3.606
58 82 34.525
58 83 66.272
58 84 58.421
58 85 84.629
58 86 20.025
58 87 76.42
58 88 95.016
58 89 54.818
58 90 53.151
59 50 14 13
59 60 16.553
59 61 90.824
59 62 36.222
59 63 47.76
59 64 33.734
59 65 40.497
59 66 64.622
59 67 29.0
59 68 79.202
59 69 90.554
59 70 78.492
59 71 7.071
59 72 41.437
59 73 24.698
59 74 34.205
59 75 89.443
59 76 67.897
59 77 79.025
59 78 41.11
59 79 31.828
59 80 29.069
59 81 42.19
59 82 68.884
59 83 37.537
59 84 89.185
59 85 74.733
59 86 26.907
59 87 76.295
59 88 87.846
59 89 53.235
59 90 79.624
60 35 21 15
60 61 79.831
60 62 21.213
60 63 60.671
60 64 48.0
60 65 27.893
60 66 65.803
60 67 14.318
60 68 84.291
60 69 77.473
60 70 64.846
60 71 15.62
60 72 56.009
60 73 38.053
60 74 18.111
60 75 91.4
60 76 74.887
60 77 73.164
60 78 38.471
60 79 40.311
60 80 19.105
60 81 53.16
60 82 74.813
60 83 22.204
60 84 92.195
60 85 63.063
60 86 35.468
60 87 68.007
60 88 76.4
60 89 47.074
60 90 81.4
61 18 99 4
61 62 81.099
61 63 103.392
61 64 101.533
61 65 51.971
61 66 61.327
61 67 65.924
61 68 82.97
61 69 15.652
61 70 23.324
61 71 93.963
61 72 107.564
61 73 93.814
61 74 76.007
61 75 72.173
61 76 86.816
61 77 30.594
61 78 56.223
61 79 82.219
61 80 61.984
61 81 92.698
61 82 82.462
61 83 60.133
61 84 77.414
61 85 17.029
61 86 82.006
61 87 20.591
61 88 4.472
61 89 41.869
61 90 67.268
62 14 18 8
62 63 81.884
62 64 69.065
62 65 33.106
62 66 82.073
62 67 21.932
62 68 102.65
62 69 74.673
62 70 61.522
62 71 32.28
62 72 77.026
62 73 59.211
62 74 5.831
62 75 107.48
62 76 94.414
62 77 82.347
62 78 53.759
62 79 61.033
62 80 31.828
62 81 74.216
62 82 93.814
62 83 22.472
62 84 109.041
62 85 64.195
62 86 56.321
62 87 74.33
62 88 77.026
62 89 57.983
62 90 97.591
63 95 30 19
63 64 15.0
63 65 69.376
63 66 48.754
63 67 66.121
63 68 47.096
63 69 110.114
63 70 101.597
63 71 54.231
63 72 10.77
63 73 23.087
63 74 78.313
63 75 64.195
63 76 33.061
63 77 78.6
63 78 48.877
63 79 24.042
63 80 58.856
63 81 10.817
63 82 37.014
63 83 73.553
63 84 61.0
63 85 92.087
63 86 27.295
63 87 83.439
63 88 102.303
63 89 62.201
63 90 57.07
64 83 21 3
64 65 61.27
64 66 53.759
64 67 55.543
64 68 57.974
64 69 106.217
64 70 96.4
64 71 39.85
64 72 8.062
64 73 10.198
64 74 66.03
64 75 73.335
64 76 44.272
64 77 80.056
64 78 45.343
64 79 19.416
64 80 49.769
64 81 15.297
64 82 47.297
64 83 63.6
64 84 71.021
64 85 88.414
64 86 19.849
64 87 82.662
64 88 99.825
64 89 59.666
64 90 65.008
65 28 48 4
65 66 52.839
65 67 14.036
65 68 75.769
65 69 50.12
65 70 38.013
65 71 42.544
65 72 68.942
65 73 51.478
65 74 27.313
65 75 77.201
65 76 70.612
65 77 49.244
65 78 25.962
65 79 45.354
65 80 12.042
65 81 59.228
65 82 68.68
65 83 10.817
65 84 79.612
65 85 35.171
65 86 42.379
65 87 41.773
65 88 48.508
65 89 25.495
65 90 67.676
66 74 74 6
66 67 60.208
66 68 24.187
66 69 72.277
66 70 68.184
66 71 71.176
66 72 56.613
66 73 51.01
66 74 76.485
66 75 25.612
66 76 25.495
66 77 32.202
66 78 28.32
66 79 37.054
66 80 50.249
66 81 39.85
66 82 21.19
66 83 62.682
66 84 27.019
66 85 55.579
66 86 40.447
66 87 40.853
66 88 61.685
66 89 29.833
66 90 15.62
67 29 34 20
67 68 81.302
67 69 63.159
67 70 50.537
67 71 29.682
67 72 63.561
67 73 45.354
67 74 16.279
67 75 85.563
67 76 73.926
67 77 61.984
67 78 31.89
67 79 43.105
67 80 10.0
67 81 57.035
67 82 72.897
67 83 8.602
67 84 87.207
67 85 49.031
67 86 39.0
67 87 55.444
67 88 62.37
67 89 36.674
67 90 75.69
68 98 77 2
68 69 95.189
68 70 92.022
68 71 86.215
68 72 57.428
68 73 59.506
68 74 97.35
68 75 18.788
68 76 14.036
68 77 52.498
68 78 50.09
68 79 47.707
68 80 71.344
68 81 42.72
68 82 10.77
68 83 84.971
68 84 14.318
68 85 79.158
68 86 52.431
68 87 63.151
68 88 83.952
68 89 53.935
68 90 16.643
69 4 92 9
69 70 13.153
69 71 92.574
69 72 112.929
69 73 97.581
69 74 70.214
69 75 86.023
69 76 97.417
69 77 44.011
69 78 61.4
69 79 87.459
69 80 61.587
69 81 99.298
69 82 93.408
69 83 55.973
69 84 91.005
69 85 18.028
69 86 86.371
69 87 32.14
69 88 12.369
69 89 48.021
69 90 80.225
70 6 79 4
70 71 80.131
70 72 103.47
70 73 87.321
70 74 57.07
70 75 85.329
70 76 92.396
70 77 44.272
70 78 52.773
70 79 78.23
70 80 49.82
70 81 90.824
70 82 88.814
70 83 43.081
70 84 89.805
70 85 13.342
70 86 76.609
70 87 31.623
70 88 18.868
70 89 40.804
70 90 78.313
71 45 9 3
71 72 47.297
71 73 31.305
71 74 31.305
71 75 96.177
71 76 74.967
71 77 84.054
71 78 46.69
71 79 38.897
71 80 32.016
71 81 49.092
71 82 75.928
71 83 37.802
71 84 96.042
71 85 77.492
71 86 33.971
71 87 80.505
71 88 90.758
71 89 58.0
71 90 86.313
72 91 20 12
72 73 18.248
72 74 74.061
72 75 74.007
72 76 43.417
72 77 84.723
72 78 51.662
72 79 25.495
72 80 57.585
72 81 16.763
72 82 47.096
72 83 71.568
72 84 71.113
72 85 95.016
72 86 26.926
72 87 88.238
72 88 106.066
72 89 65.765
72 90 66.37
73 73 23 12
73 74 56.0
73 75 73.007
73 76 46.648
73 77 74.33
73 78 37.736
73 79 14.036
73 80 39.812
73 81 18.385
73 82 48.754
73 83 53.451
73 84 71.47
73 85 79.981
73 86 12.083
73 87 75.664
73 88 91.831
73 89 52.154
73 90 63.953
74 17 23 10
74 75 101.833
74 76 89.443
74 77 76.557
74 78 48.166
74 79 56.754
74 80 26.249
74 81 70.214
74 82 88.685
74 83 16.763
74 84 103.479
74 85 59.034
74 86 52.173
74 87 68.68
74 88 72.007
74 89 52.154
74 90 91.967
75 90 94 13
75 76 31.78
75 77 42.012
75 78 53.759
75 79 59.775
75 80 75.664
75 81 58.138
75 82 27.295
75 83 87.459
75 84 5.831
75 85 72.007
75 86 63.906
75 87 54.231
75 88 74.007
75 89 52.479
75 90 10.0
76 97 63 7
76 77 57.454
76 78 44.721
76 79 36.069
76 80 64.257
76 81 29.155
76 82 5.0
76 83 78.746
76 84 28.071
76 85 80.281
76 86 41.012
76 87 66.31
76 88 87.092
76 89 52.154
76 90 26.42
77 48 93 4
77 78 38.328
77 79 60.926
77 80 54.129
77 81 68.505
77 82 52.839
77 83 59.933
77 84 47.043
77 85 31.016
77 86 62.298
77 87 12.649
77 88 32.062
77 89 26.173
77 90 36.674
78 53 55 13
78 79 26.173
78 80 21.932
78 81 38.079
78 82 42.72
78 83 34.886
78 84 55.317
78 85 43.417
78 86 25.807
78 87 38.013
78 88 54.489
78 89 14.422
78 90 43.841
79 72 37 10
79 80 35.128
79 81 14.036
79 82 37.202
79 83 50.04
79 84 58.694
79 85 69.527
79 86 5.0
79 87 63.246
79 88 80.623
79 89 40.361
79 90 50.448
80 37 40 17
80 81 49.163
80 82 63.071
80 83 15.033
80 84 77.233
80 85 45.695
80 86 31.575
80 87 49.01
80 88 58.873
80 89 28.16
80 90 65.765
81 86 36 10
81 82 32.016
81 83 64.07
81 84 55.731
81 85 81.271
81 86 18.111
81 87 72.863
81 88 91.548
81 89 51.4
81 90 50.04
82 94 67 2
82 83 77.253
82 84 24.021
82 85 76.485
82 86 42.012
82 87 62.032
82 88 82.873
82 89 49.0
82 90 21.471
83 22 39 5
83 84 89.627
83 85 43.105
83 86 46.271
83 87 51.923
83 88 56.321
83 89 36.235
83 90 77.801
84 95 91 11
84 85 76.531
84 86 63.071
84 87 59.034
84 88 79.101
84 89 55.462
84 90 12.083
85 19 82 7
85 86 68.593
85 87 18.385
85 88 13.342
85 89 30.017
85 90 65.123
86 68 34 7
86 87 63.632
86 88 80.156
86 89 40.224
86 90 54.406
87 36 89 7
87 88 20.881
87 89 23.77
87 90 48.094
88 16 95 16
88 89 40.311
88 90 68.593
89 45 67 5
89 90 43.382
90 84 86 18
