20 2 10
1 3 60 1
1 2 65.924
1 3 78.313
1 4 68.096
1 5 3.606
1 6 38.21
1 7 39.962
1 8 66.038
1 9 49.649
1 10 71.868
1 11 91.0
1 12 64.133
1 13 72.615
1 14 98.234
1 15 26.019
1 16 53.254
1 17 68.118
1 18 99.96
1 19 48.508
1 20 88.204
2 68 49 19
2 3 13.601
2 4 45.398
2 5 67.476
2 6 78.243
2 7 62.936
2 8 46.872
2 9 60.803
2 10 37.054
2 11 28.231
2 12 23.087
2 13 39.051
2 14 46.861
2 15 65.734
2 16 46.065
2 17 15.297
2 18 53.535
2 19 17.464
2 20 28.601
3 81 53 16
3 4 45.188
3 5 80.1
3 6 86.608
3 7 70.214
3 8 47.413
3 9 73.783
3 10 34.785
3 11 14.765
3 12 24.207
3 13 36.688
3 14 36.235
3 15 79.31
3 16 50.249
3 17 14.866
3 18 44.011
3 19 30.0
3 20 16.401
4 62 94 6
4 5 71.344
4 6 55.145
4 7 38.0
4 8 3.162
4 9 91.706
4 10 11.314
4 11 46.69
4 12 22.361
4 13 10.0
4 14 37.108
4 15 83.451
4 16 15.524
4 17 31.321
4 18 35.0
4 19 42.45
4 20 40.311
5 1 57 5
5 6 41.437
5 7 43.566
5 8 69.34
5 9 47.539
5 10 74.847
5 11 93.048
5 12 66.708
5 13 75.644
5 14 100.96
5 15 23.195
5 16 56.613
5 17 70.349
5 18 102.883
5 19 50.16
5 20 90.449
6 7 98 10
6 7 17.464
6 8 52.086
6 9 85.843
6 10 64.133
6 11 94.937
6 12 64.475
6 13 63.789
6 14 91.924
6 15 64.07
6 16 40.792
6 17 72.471
6 18 90.089
6 19 62.936
6 20 89.889
7 24 94 12
7 8 35.014
7 9 81.154
7 10 46.69
7 11 77.82
7 12 47.413
7 13 46.39
7 14 74.545
7 15 63.246
7 16 23.345
7 17 55.758
7 18 73.0
7 19 49.092
7 20 72.615
8 59 95 1
8 9 91.236
8 10 14.213
8 11 49.497
8 12 24.042
8 13 13.038
8 14 40.262
8 15 82.134
8 16 13.0
8 17 33.242
8 18 38.013
8 19 42.755
8 20 43.186
9 19 13 16
9 10 89.051
9 11 88.51
9 12 75.432
9 13 90.697
9 14 106.888
9 15 25.807
9 16 81.933
9 17 72.835
9 18 112.45
9 19 51.225
9 20 89.404
10 70 86 7
10 11 35.384
10 12 14.56
10 13 2.0
10 14 28.018
10 15 84.024
10 16 23.345
10 17 22.023
10 18 28.16
10 19 38.079
10 20 29.0
11 94 60 8
11 12 30.463
11 13 36.878
11 14 25.318
11 15 93.68
11 16 55.758
11 17 23.345
11 18 34.132
11 19 43.566
11 20 6.708
12 66 72 2
12 13 16.492
12 14 34.54
12 15 72.719
12 16 26.173
12 17 9.434
12 18 38.013
12 19 24.207
12 20 25.71
13 70 88 13
13 14 28.16
13 15 85.276
13 16 23.087
13 17 24.021
13 18 27.659
13 19 39.825
13 20 30.414
14 98 85 10
14 15 106.944
14 16 51.245
14 17 34.205
14 18 9.055
14 19 56.859
14 20 20.248
15 4 34 4
15 16 70.605
15 17 73.41
15 18 110.675
15 19 50.695
15 20 92.698
16 47 90 11
16 17 35.384
16 18 50.16
16 19 37.216
16 20 50.12
17 71 64 13
17 18 39.699
17 19 22.825
17 20 20.1
18 97 94 16
18 19 61.62
18 20 28.636
19 51 53 13
19 20 42.059
20 91 66 16
