30 3
1 3 60 1
1 2 65.924
1 3 78.313
1 4 68.096
1 5 3.606
1 6 38.21
1 7 39.962
1 8 66.038
1 9 49.649
1 10 71.868
1 11 91.0
1 12 64.133
1 13 72.615
1 14 98.234
1 15 26.019
1 16 53.254
1 17 68.118
1 18 99.96
1 19 48.508
1 20 88.204
1 21 80.623
1 22 27.459
1 23 87.052
1 24 39.812
1 25 81.302
1 26 76.922
1 27 33.121
1 28 41.785
1 29 86.035
1 30 50.329
2 68 49 19
2 3 13.601
2 4 45.398
2 5 67.476
2 6 78.243
2 7 62.936
2 8 46.872
2 9 60.803
2 10 37.054
2 11 28.231
2 12 23.087
2 13 39.051
2 14 46.861
2 15 65.734
2 16 46.065
2 17 15.297
2 18 53.535
2 19 17.464
2 20 28.601
2 21 15.033
2 22 41.231
2 23 23.409
2 24 63.506
2 25 32.249
2 26 23.345
2 27 45.0
2 28 57.306
2 29 43.081
2 30 51.624
3 81 53 16
3 4 45.188
3 5 80.1
3 6 86.608
3 7 70.214
3 8 47.413
3 9 73.783
3 10 34.785
3 11 14.765
3 12 24.207
3 13 36.688
3 14 36.235
3 15 79.31
3 16 50.249
3 17 14.866
3 18 44.011
3 19 30.0
3 20 16.401
3 21 3.606
3 22 52.393
3 23 9.849
3 24 76.968
3 25 37.108
3 26 28.46
3 27 54.129
3 28 70.661
3 29 36.125
3 30 56.569
4 62 94 6
4 5 71.344
4 6 55.145
4 7 38.0
4 8 3.162
4 9 91.706
4 10 11.314
4 11 46.69
4 12 22.361
4 13 10.0
4 14 37.108
4 15 83.451
4 16 15.524
4 17 31.321
4 18 35.0
4 19 42.45
4 20 40.311
4 21 48.754
4 22 43.186
4 23 46.4
4 24 89.051
4 25 77.647
4 26 68.731
4 27 34.986
4 28 85.235
4 29 22.561
4 30 21.024
5 1 57 5
5 6 41.437
5 7 43.566
5 8 69.34
5 9 47.539
5 10 74.847
5 11 93.048
5 12 66.708
5 13 75.644
5 14 100.96
5 15 23.195
5 16 56.613
5 17 70.349
5 18 102.883
5 19 50.16
5 20 90.449
5 21 82.298
5 22 30.083
5 23 89.0
5 24 37.363
5 25 81.492
5 26 77.473
5 27 36.359
5 28 39.812
5 29 88.955
5 30 53.814
6 7 98 10
6 7 17.464
6 8 52.086
6 9 85.843
6 10 64.133
6 11 94.937
6 12 64.475
6 13 63.789
6 14 91.924
6 15 64.07
6 16 40.792
6 17 72.471
6 18 90.089
6 19 62.936
6 20 89.889
6 21 89.889
6 22 40.224
6 23 92.574
6 24 77.104
6 25 103.856
6 26 97.0
6 27 33.302
6 28 77.782
6 29 77.524
6 30 34.366
7 24 94 12
7 8 35.014
7 9 81.154
7 10 46.69
7 11 77.82
7 12 47.413
7 13 46.39
7 14 74.545
7 15 63.246
7 16 23.345
7 17 55.758
7 18 73.0
7 19 49.092
7 20 72.615
7 21 73.6
7 22 29.614
7 23 75.664
7 24 74.148
7 25 90.736
7 26 83.235
7 27 19.698
7 28 73.246
7 29 60.208
7 30 17.029
8 59 95 1
8 9 91.236
8 10 14.213
8 11 49.497
8 12 24.042
8 13 13.038
8 14 40.262
8 15 82.134
8 16 13.0
8 17 33.242
8 18 38.013
8 19 42.755
8 20 43.186
8 21 51.0
8 22 41.725
8 23 49.041
8 24 88.204
8 25 79.076
8 26 70.214
8 27 33.015
8 28 84.599
8 29 25.71
8 30 18.111
9 19 13 16
9 10 89.051
9 11 88.51
9 12 75.432
9 13 90.697
9 14 106.888
9 15 25.807
9 16 81.933
9 17 72.835
9 18 112.45
9 19 51.225
9 20 89.404
9 21 73.926
9 22 53.151
9 23 83.528
9 24 11.314
9 25 53.151
9 26 54.571
9 27 64.327
9 28 8.062
9 29 100.005
9 30 82.97
10 70 86 7
10 11 35.384
10 12 14.56
10 13 2.0
10 14 28.018
10 15 84.024
10 16 23.345
10 17 22.023
10 18 28.16
10 19 38.079
10 20 29.0
10 21 38.275
10 22 45.177
10 23 35.228
10 24 87.784
10 25 69.029
10 26 60.033
10 27 39.294
10 28 83.241
10 29 14.318
10 30 29.833
11 94 60 8
11 12 30.463
11 13 36.878
11 14 25.318
11 15 93.68
11 16 55.758
11 17 23.345
11 18 34.132
11 19 43.566
11 20 6.708
11 21 14.866
11 22 64.195
11 23 5.0
11 24 91.706
11 25 48.301
11 26 40.497
11 27 64.031
11 28 85.422
11 29 30.676
11 30 62.434
12 66 72 2
12 13 16.492
12 14 34.54
12 15 72.719
12 16 26.173
12 17 9.434
12 18 38.013
12 19 24.207
12 20 25.71
12 21 27.803
12 22 36.674
12 23 28.302
12 24 75.007
12 25 55.326
12 26 46.39
12 27 34.234
12 28 70.036
12 29 24.759
12 30 32.65
13 70 88 13
13 14 28.16
13 15 85.276
13 16 23.087
13 17 24.021
13 18 27.659
13 19 39.825
13 20 30.414
13 21 40.162
13 22 46.141
13 23 36.892
13 24 89.275
13 25 71.028
13 26 62.032
13 27 39.85
13 28 84.812
13 29 14.036
13 30 29.428
14 98 85 10
14 15 106.944
14 16 51.245
14 17 34.205
14 18 9.055
14 19 56.859
14 20 20.248
14 21 38.079
14 22 70.88
14 23 29.12
14 24 108.005
14 25 72.801
14 26 64.475
14 27 66.611
14 28 102.45
14 29 14.56
14 30 57.559
15 4 34 4
15 16 70.605
15 17 73.41
15 18 110.675
15 19 50.695
15 20 92.698
15 21 80.604
15 22 40.46
15 23 89.022
15 24 14.765
15 25 70.093
15 26 68.469
15 27 50.478
15 28 19.105
15 29 97.082
15 30 69.642
16 47 90 11
16 17 35.384
16 18 50.16
16 19 37.216
16 20 50.12
16 21 53.814
16 22 30.232
16 23 54.203
16 24 77.827
16 25 77.162
16 26 68.71
16 27 20.518
16 28 74.847
16 29 37.014
16 30 6.708
17 71 64 13
17 18 39.699
17 19 22.825
17 20 20.1
17 21 18.439
17 22 41.012
17 23 20.248
17 24 73.817
17 25 47.011
17 26 38.013
17 27 40.804
17 28 68.25
17 29 28.178
17 30 41.725
18 97 94 16
18 19 61.62
18 20 28.636
18 21 46.174
18 22 73.007
18 23 37.656
18 24 112.805
18 25 80.957
18 26 72.45
18 27 67.446
18 28 107.564
18 29 13.928
18 30 56.009
19 51 53 13
19 20 42.059
19 21 32.14
19 22 24.187
19 23 39.205
19 24 51.225
19 25 41.677
19 26 34.205
19 27 29.833
19 28 45.967
19 29 48.836
19 30 41.231
20 91 66 16
20 21 17.889
20 22 61.008
20 23 9.055
20 24 91.788
20 25 52.555
20 26 44.283
20 27 59.841
20 28 85.755
20 29 24.042
20 30 56.824
21 83 50 4
21 22 55.082
21 23 9.899
21 24 77.621
21 25 34.785
21 26 26.401
21 27 57.245
21 28 71.176
21 29 39.013
21 30 60.108
22 30 65 4
22 23 60.531
22 24 47.927
22 25 63.781
22 26 57.315
22 27 11.18
22 28 45.607
22 29 59.093
22 30 30.083
23 90 57 13
23 24 86.816
23 25 43.863
23 26 35.847
23 27 61.033
23 28 80.498
23 29 32.558
23 30 60.803
24 11 21 18
24 25 61.131
24 26 61.205
24 27 58.873
24 28 7.0
24 29 99.765
24 30 78.0
25 72 17 17
25 26 9.0
25 27 71.281
25 28 54.148
25 29 72.993
25 30 82.079
26 72 26 20
26 27 64.031
26 28 54.231
26 29 64.133
26 30 73.824
27 32 76 1
27 28 56.754
27 29 53.6
27 30 19.235
28 18 21 11
28 29 94.763
28 30 75.584
29 84 89 2
29 30 43.186
30 41 93 3
