55 4
1 17 71 8
1 2 69.893
1 3 47.885
1 4 74.303
1 5 53.852
1 6 65.276
1 7 31.321
1 8 43.012
1 9 22.804
1 10 54.626
1 11 93.349
1 12 87.006
1 13 69.354
1 14 74.793
1 15 24.187
1 16 68.118
1 17 20.248
1 18 63.063
1 19 35.057
1 20 52.0
1 21 47.17
1 22 81.345
1 23 41.437
1 24 67.03
1 25 26.907
1 26 21.095
1 27 55.973
1 28 55.082
1 29 12.806
1 30 78.339
1 31 82.759
1 32 65.215
1 33 26.0
1 34 35.468
1 35 40.608
1 36 27.514
1 37 76.531
1 38 46.098
1 39 36.359
1 40 86.128
1 41 12.0
1 42 84.172
1 43 15.62
1 44 32.062
1 45 58.592
1 46 68.25
1 47 52.953
1 48 22.361
1 49 17.692
1 50 53.038
1 51 31.016
1 52 102.201
1 53 52.802
1 54 46.819
1 55 61.847
2 56 13 5
2 3 22.627
2 4 7.616
2 5 16.279
2 6 58.138
2 7 67.602
2 8 57.14
2 9 54.708
2 10 80.753
2 11 28.862
2 12 30.414
2 13 37.643
2 14 33.422
2 15 89.554
2 16 68.447
2 17 89.694
2 18 88.645
2 19 47.011
2 20 39.051
2 21 33.015
2 22 17.029
2 23 52.038
2 24 66.212
2 25 43.417
2 26 62.642
2 27 77.279
2 28 45.222
2 29 70.007
2 30 85.428
2 31 21.024
2 32 5.099
2 33 50.448
2 34 57.697
2 35 51.01
2 36 43.863
2 37 61.4
2 38 55.444
2 39 77.414
2 40 92.179
2 41 60.308
2 42 62.225
2 43 73.164
2 44 48.549
2 45 33.615
2 46 52.773
2 47 49.729
2 48 56.613
2 49 52.479
2 50 57.723
2 51 69.721
2 52 43.105
2 53 26.173
2 54 42.297
2 55 24.083
3 40 29 10
3 4 26.42
3 5 6.403
3 6 55.317
3 7 51.478
3 8 45.618
3 9 36.014
3 10 69.462
3 11 49.649
3 12 47.297
3 13 42.059
3 14 42.297
3 15 68.964
3 16 64.351
3 17 67.978
3 18 78.294
3 19 25.962
3 20 33.302
3 21 24.042
3 22 37.121
3 23 40.249
3 24 62.225
3 25 22.561
3 26 44.045
3 27 67.082
3 28 40.361
3 29 47.381
3 30 80.808
3 31 39.925
3 32 18.601
3 33 28.018
3 34 37.108
3 35 38.91
3 36 21.26
3 37 62.434
3 38 45.277
3 39 61.522
3 40 88.459
3 41 37.802
3 42 66.212
3 43 53.151
3 44 26.926
3 45 32.65
3 46 43.829
3 47 43.186
3 48 38.013
3 49 31.016
3 50 50.0
3 51 53.339
3 52 61.984
3 53 21.471
3 54 33.422
3 55 19.698
4 53 6 20
4 5 20.616
4 6 65.742
4 7 74.243
4 8 64.382
4 9 60.638
4 10 88.119
4 11 31.0
4 12 35.114
4 13 45.0
4 14 40.311
4 15 94.921
4 16 76.059
4 17 94.366
4 18 96.104
4 19 48.415
4 20 46.573
4 21 40.2
4 22 20.881
4 23 59.211
4 24 73.824
4 25 48.466
4 26 68.659
4 27 84.723
4 28 52.811
4 29 73.246
4 30 93.038
4 31 25.298
4 32 12.166
4 33 53.075
4 34 58.523
4 35 58.138
4 36 47.434
4 37 68.819
4 38 62.801
4 39 84.149
4 40 99.765
4 41 64.07
4 42 69.354
4 43 78.746
4 44 50.329
4 45 41.231
4 46 49.041
4 47 57.28
4 48 62.586
4 49 57.271
4 50 65.253
4 51 76.322
4 52 46.174
4 53 33.541
4 54 49.649
4 55 21.587
5 45 25 15
5 6 54.489
5 7 55.036
5 8 47.434
5 9 40.447
5 10 71.47
5 11 43.382
5 12 41.593
5 13 38.91
5 14 38.079
5 15 74.33
5 16 64.031
5 17 73.824
5 18 80.056
5 19 31.953
5 20 32.802
5 21 24.187
5 22 30.871
5 23 42.059
5 24 61.847
5 25 27.857
5 26 48.508
5 27 68.71
5 28 39.825
5 29 53.74
5 30 80.802
5 31 33.838
5 32 12.207
5 33 34.409
5 34 43.012
5 35 40.804
5 36 27.586
5 37 60.605
5 38 46.615
5 39 65.069
5 40 88.238
5 41 44.045
5 42 63.632
5 43 58.241
5 44 33.106
5 45 30.61
5 46 46.065
5 47 43.267
5 48 42.426
5 49 36.674
5 50 50.606
5 51 57.009
5 52 56.045
5 53 19.799
5 54 34.0
5 55 19.105
6 82 65 16
6 7 38.079
6 8 22.561
6 9 43.0
6 10 31.765
6 11 59.034
6 12 47.17
6 13 23.087
6 14 31.0
6 15 68.877
6 16 10.44
6 17 76.217
6 18 36.139
6 19 73.007
6 20 22.023
6 21 31.401
6 22 53.759
6 23 24.0
6 24 8.246
6 25 49.041
6 26 44.721
6 27 26.833
6 28 15.0
6 29 75.027
6 30 27.313
6 31 51.245
6 32 54.203
6 33 68.007
6 34 82.541
6 35 25.02
6 36 59.464
6 37 11.402
6 38 19.235
6 39 42.202
6 40 34.132
6 41 65.276
6 42 19.698
6 43 55.362
6 44 71.868
6 45 24.698
6 46 99.02
6 47 13.601
6 48 43.046
6 49 53.46
6 50 12.649
6 51 39.812
6 52 57.567
6 53 34.713
6 54 23.259
6 55 73.593
7 47 80 8
7 8 16.401
7 9 17.0
7 10 23.854
7 11 82.735
7 12 73.246
7 13 50.329
7 14 57.801
7 15 30.887
7 16 38.328
7 17 38.328
7 18 32.802
7 19 54.406
7 20 34.132
7 21 35.44
7 22 72.801
7 23 18.601
7 24 37.656
7 25 31.385
7 26 11.402
7 27 24.698
7 28 33.242
7 29 43.463
7 30 47.074
7 31 72.498
7 32 62.514
7 33 46.098
7 34 60.108
7 35 18.868
7 36 40.817
7 37 49.396
7 38 20.0
7 39 10.05
7 40 54.818
7 41 36.62
7 42 57.775
7 43 18.028
7 44 52.01
7 45 42.19
7 46 87.321
7 47 29.069
7 48 15.264
7 49 28.425
7 50 25.495
7 51 2.236
7 52 87.201
7 53 42.72
7 54 28.653
7 55 70.612
8 60 70 6
8 9 21.587
8 10 24.042
8 11 68.352
8 12 58.138
8 13 34.409
8 14 42.19
8 15 47.17
8 16 25.495
8 17 53.852
8 18 32.696
8 19 56.4
8 20 19.647
8 21 24.187
8 22 59.439
8 23 5.385
8 24 24.187
8 25 31.401
8 26 22.204
8 27 21.471
8 28 17.205
8 29 53.46
8 30 38.588
8 31 58.523
8 32 52.24
8 33 49.739
8 34 64.498
8 35 6.708
8 36 42.202
8 37 33.956
8 38 3.606
8 39 23.324
8 40 46.648
8 41 44.385
8 42 42.059
8 43 32.894
8 44 54.644
8 45 27.514
8 46 86.556
8 47 12.728
8 48 21.213
8 49 33.242
8 50 10.05
8 51 18.439
8 52 71.561
8 53 31.016
8 54 15.033
8 55 65.307
9 39 65 20
9 10 39.598
9 11 74.202
9 12 66.468
9 13 47.011
9 14 53.009
9 15 35.511
9 16 47.074
9 17 38.288
9 18 48.795
9 19 37.643
9 20 29.53
9 21 26.173
9 22 62.968
9 23 19.0
9 24 45.706
9 25 14.56
9 26 8.062
9 27 39.205
9 28 32.28
9 29 32.062
9 30 59.506
9 31 63.6
9 32 49.649
9 33 29.732
9 34 44.204
9 35 18.028
9 36 23.854
9 37 54.083
9 38 24.187
9 39 26.571
9 40 67.543
9 41 22.804
9 42 61.522
9 43 18.868
9 44 35.384
9 45 36.62
9 46 70.328
9 47 30.265
9 48 2.0
9 49 12.207
9 50 31.257
9 51 18.385
9 52 81.394
9 53 32.802
9 54 24.166
9 55 54.452
10 67 93 2
10 11 88.645
10 12 77.369
10 13 52.631
10 14 60.877
10 15 47.043
10 16 25.456
10 17 57.079
10 18 9.22
10 19 77.156
10 20 42.048
10 21 48.052
10 22 81.222
10 23 29.411
10 24 26.249
10 25 52.802
10 26 35.228
10 27 5.0
10 28 37.121
10 29 67.082
10 30 26.173
10 31 79.63
10 32 75.954
10 33 69.311
10 34 83.63
10 35 30.676
10 36 63.127
10 37 40.46
10 38 25.318
10 39 19.235
10 40 33.015
10 41 60.465
10 42 48.836
10 43 39.85
10 44 74.967
10 45 49.041
10 46 109.041
10 47 32.062
10 48 38.21
10 49 51.662
10 50 24.187
10 51 23.707
10 52 88.955
10 53 54.589
10 54 38.471
10 55 89.157
11 84 6 13
11 12 12.166
11 13 36.222
11 14 28.071
11 15 109.622
11 16 69.007
11 17 111.946
11 18 94.641
11 19 75.24
11 20 48.847
11 21 48.26
11 22 12.53
11 23 64.475
11 24 67.0
11 25 66.528
11 26 81.271
11 27 84.172
11 28 51.923
11 29 95.802
11 30 84.481
11 31 10.63
11 32 31.385
11 33 77.524
11 34 86.163
11 35 63.977
11 36 69.893
11 37 56.719
11 38 65.46
11 39 91.389
11 40 89.443
11 41 85.428
11 42 53.451
11 43 93.005
11 44 76.485
11 45 40.853
11 46 80.025
11 47 57.009
11 48 75.802
11 49 75.69
11 50 64.537
11 51 84.971
11 52 15.524
11 53 41.4
11 54 54.129
11 55 52.24
12 86 18 3
12 13 24.739
12 14 16.492
12 15 101.415
12 16 57.009
12 17 104.69
12 18 83.024
12 19 73.246
12 20 39.115
12 21 40.311
12 22 14.318
12 23 54.708
12 24 55.036
12 25 60.745
12 26 73.0
12 27 72.78
12 28 41.231
12 29 90.918
12 30 72.339
12 31 9.849
12 32 31.0
12 33 74.095
12 34 84.404
12 35 54.378
12 36 65.795
12 37 44.553
12 38 55.036
12 39 81.413
12 40 77.279
12 41 80.262
12 42 41.437
12 43 84.959
12 44 74.041
12 45 31.064
12 46 83.187
12 47 46.239
12 48 67.897
12 49 69.635
12 50 53.451
12 51 75.472
12 52 15.264
12 53 34.205
12 54 44.654
12 55 54.452
13 80 42 18
13 14 8.246
13 15 80.056
13 16 33.377
13 17 84.876
13 18 58.421
13 19 65.276
13 20 17.493
13 21 23.345
13 22 30.806
13 23 31.828
13 24 31.257
13 25 45.891
13 26 52.202
13 27 48.052
13 28 17.205
13 29 75.961
13 30 49.729
13 31 28.16
13 32 34.655
13 33 63.071
13 34 76.105
13 35 31.828
13 36 54.083
13 37 23.854
13 38 31.064
13 39 57.689
13 40 55.714
13 41 65.253
13 42 25.0
13 43 64.203
13 44 65.069
13 45 11.18
13 46 84.971
13 47 21.954
13 48 48.021
13 49 53.451
13 50 28.792
13 51 52.498
13 52 37.216
13 53 21.213
13 54 23.022
13 55 57.14
14 82 34 17
14 15 86.977
14 16 41.11
14 17 91.214
14 18 66.611
14 19 67.03
14 20 24.042
14 21 27.731
14 22 23.77
14 23 39.205
14 24 39.051
14 25 49.98
14 26 58.796
14 27 56.294
14 28 25.06
14 29 80.411
14 30 57.07
14 31 20.616
14 32 31.385
14 33 65.924
14 34 78.102
14 35 39.051
14 36 57.07
14 37 30.083
14 38 38.949
14 39 65.513
14 40 62.642
14 41 69.642
14 42 29.206
14 43 70.838
14 44 67.186
14 45 16.401
14 46 83.57
14 47 29.967
14 48 54.203
14 49 58.181
14 50 37.0
14 51 60.0
14 52 29.411
14 53 23.537
14 54 29.698
14 55 55.036
15 20 95 20
15 16 68.007
15 17 11.18
15 18 53.235
15 19 59.211
15 20 62.936
15 21 61.4
15 22 98.478
15 23 48.415
15 24 67.676
15 25 46.487
15 26 28.425
15 27 50.359
15 28 63.411
15 29 34.54
15 30 73.171
15 31 99.045
15 32 84.581
15 33 50.09
15 34 59.203
15 35 48.27
15 36 50.359
15 37 80.112
15 38 50.774
15 39 28.443
15 40 80.006
15 41 36.125
15 42 88.566
15 43 16.643
15 44 56.223
15 45 70.725
15 46 92.396
15 47 59.641
15 48 33.838
15 49 38.079
15 50 56.356
15 51 29.069
15 52 116.043
15 53 68.242
15 54 57.28
15 55 84.853
16 85 75 8
16 17 76.485
16 18 27.731
16 19 80.131
16 20 31.241
16 21 40.311
16 22 64.133
16 23 28.792
16 24 2.236
16 25 55.462
16 26 47.043
16 27 20.518
16 28 24.207
16 29 78.918
16 30 17.0
16 31 61.522
16 32 64.413
16 33 74.324
16 34 89.051
16 35 30.083
16 36 66.189
16 37 15.264
16 38 23.087
16 39 39.925
16 40 24.207
16 41 69.857
16 42 23.431
16 43 56.321
16 44 78.715
16 45 34.886
16 46 107.713
16 47 21.26
16 48 46.69
16 49 58.523
16 50 16.155
16 51 39.623
16 52 66.491
16 53 44.407
16 54 31.241
16 55 83.096
17 10 90 9
17 18 63.789
17 19 54.231
17 20 67.424
17 21 64.382
17 22 100.265
17 23 54.12
17 24 75.928
17 25 46.325
17 26 32.757
17 27 60.008
17 28 68.964
17 29 27.166
17 30 83.0
17 31 101.316
17 32 84.906
17 33 45.541
17 34 52.345
17 35 53.712
17 36 47.76
17 37 87.596
17 38 57.385
17 39 38.0
17 40 90.089
17 41 31.78
17 42 95.859
17 43 21.024
17 44 51.245
17 45 74.813
17 46 86.209
17 47 65.742
17 48 37.014
17 49 37.216
17 50 63.569
17 51 36.878
17 52 119.67
17 53 70.725
17 54 61.855
17 55 82.006
18 73 100 18
18 19 86.371
18 20 49.649
18 21 56.321
18 22 88.0
18 23 38.079
18 24 29.155
18 25 62.008
18 26 44.204
18 27 11.402
18 28 44.102
18 29 75.664
18 30 22.361
18 31 86.093
18 32 83.952
18 33 78.492
18 34 92.763
18 35 39.395
18 36 72.346
18 37 42.942
18 38 33.526
18 39 26.926
18 40 27.659
18 41 69.405
18 42 50.774
18 43 47.927
18 44 84.172
18 45 56.143
18 46 118.224
18 47 39.205
18 48 47.381
18 49 60.828
18 50 31.145
18 51 32.45
18 52 93.68
18 53 62.586
18 54 46.573
18 55 97.99
19 15 36 17
19 20 52.202
19 21 43.174
19 22 62.769
19 23 51.865
19 24 78.294
19 25 25.0
19 26 43.566
19 27 76.381
19 28 58.523
19 29 28.16
19 30 94.868
19 31 65.788
19 32 43.863
19 33 9.22
19 34 11.18
19 35 50.478
19 36 14.213
19 37 82.219
19 38 57.689
19 39 63.285
19 40 102.903
19 41 23.087
19 42 87.556
19 43 47.127
19 44 3.0
19 45 54.589
19 46 33.838
19 47 59.506
19 48 39.205
19 49 26.077
19 50 64.14
19 51 55.471
19 52 87.932
19 53 44.102
19 54 49.769
19 55 30.232
20 65 51 6
20 21 9.434
20 22 39.812
20 23 15.652
20 24 29.069
20 25 30.0
20 26 34.828
20 27 38.328
20 28 7.071
20 29 59.228
20 30 48.01
20 31 38.897
20 32 34.482
20 33 48.374
20 34 62.37
20 35 15.264
20 36 39.459
20 37 30.083
20 38 17.117
20 39 42.544
20 40 55.444
20 41 48.662
20 42 35.511
20 43 46.861
20 44 51.42
20 45 8.062
20 46 77.006
20 47 10.77
20 48 30.529
20 49 36.674
20 50 18.682
20 51 36.359
20 52 53.263
20 53 13.416
20 54 5.657
20 55 51.856
21 57 46 7
21 22 37.577
21 23 19.026
21 24 38.184
21 25 22.561
21 26 33.015
21 27 44.922
21 28 16.401
21 29 52.811
21 30 56.851
21 31 37.736
21 32 28.071
21 33 40.012
21 34 53.6
21 35 18.0
21 36 31.016
21 37 39.395
21 38 22.804
21 39 44.911
21 40 64.444
21 41 42.059
21 42 44.385
21 43 44.822
21 44 42.579
21 45 12.166
21 46 67.624
21 47 19.209
21 48 27.659
21 49 30.463
21 50 26.42
21 51 37.643
21 52 55.317
21 53 7.28
21 54 9.849
21 55 43.012
22 73 12 12
22 23 55.082
22 24 61.984
22 25 54.452
22 26 70.328
22 27 77.058
22 28 44.102
22 29 83.409
22 30 80.523
22 31 4.472
22 32 18.974
22 33 65.0
22 34 73.736
22 35 54.406
22 36 57.428
22 37 53.852
22 38 56.886
22 39 81.908
22 40 86.331
22 41 73.11
22 42 52.479
22 43 81.835
22 44 63.977
22 45 32.249
22 46 69.462
22 47 49.163
22 48 64.661
22 49 63.655
22 50 57.079
22 51 75.027
22 52 26.077
22 53 30.414
22 54 44.643
22 55 41.012
23 58 65 1
23 24 27.203
23 25 26.926
23 26 21.541
23 27 26.833
23 28 15.0
23 29 51.039
23 30 43.012
23 31 54.424
23 32 47.096
23 33 45.618
23 34 60.374
23 35 1.414
23 36 37.736
23 37 35.128
23 38 5.831
23 39 26.926
23 40 51.039
23 41 41.437
23 42 42.755
23 43 33.121
23 44 50.249
23 45 23.707
23 46 81.468
23 47 11.705
23 48 19.105
23 49 29.833
23 50 12.649
23 51 20.809
23 52 68.6
23 53 26.019
23 54 10.44
23 55 59.933
24 84 73 3
24 25 53.712
24 26 46.0
24 27 21.26
24 28 22.023
24 29 77.647
24 30 19.235
24 31 59.414
24 32 62.177
24 33 72.615
24 34 87.321
24 35 28.46
24 36 64.405
24 37 14.213
24 38 21.587
24 39 39.812
24 40 26.401
24 41 68.447
24 42 22.627
24 43 55.579
24 44 76.922
24 45 32.65
24 46 105.646
24 47 19.209
24 48 45.398
24 49 57.009
24 50 14.56
24 51 39.051
24 52 64.761
24 53 42.202
24 54 29.206
24 55 80.92
25 35 51 8
25 26 22.204
25 27 51.662
25 28 35.355
25 29 30.463
25 30 69.893
25 31 55.973
25 32 38.588
25 33 18.974
25 34 33.615
25 35 25.554
25 36 10.817
25 37 59.034
25 38 32.757
25 39 41.11
25 40 77.936
25 41 19.698
25 42 65.276
25 43 30.594
25 44 23.324
25 45 34.713
25 46 56.303
25 47 35.44
25 48 16.492
25 49 9.22
25 50 39.357
25 51 32.894
25 52 76.007
25 53 26.833
25 54 26.306
25 55 40.112
26 38 73 15
26 27 35.777
26 28 36.235
26 29 32.573
26 30 57.567
26 31 70.725
26 32 57.567
26 33 35.0
26 34 48.795
26 35 21.024
26 36 30.463
26 37 56.089
26 38 25.495
26 39 19.723
26 40 65.46
26 41 25.239
26 42 64.031
26 43 12.042
26 44 41.049
26 45 42.45
26 46 76.922
26 47 33.242
26 48 6.083
26 49 17.493
26 50 32.249
26 51 12.042
26 52 87.693
26 53 39.962
26 54 29.206
26 55 62.29
27 70 89 2
27 28 33.0
27 29 68.154
27 30 23.022
27 31 75.326
27 32 72.567
27 33 68.884
27 34 83.409
27 35 28.178
27 36 62.225
27 37 35.468
27 38 22.136
27 39 22.023
27 40 30.414
27 41 60.902
27 42 43.863
27 43 41.773
27 44 74.33
27 45 45.011
27 46 107.615
27 47 28.018
27 48 38.013
27 49 51.4
27 50 20.0
27 51 25.0
27 52 84.155
27 53 51.196
27 54 35.171
27 55 86.764
28 70 56 13
28 29 63.388
28 30 41.049
28 31 42.579
28 32 40.853
28 33 54.129
28 34 68.411
28 35 15.264
28 36 45.354
28 37 23.77
28 38 13.892
28 39 40.497
28 40 48.415
28 41 53.085
28 42 30.017
28 43 48.021
28 44 57.567
28 45 12.042
28 46 84.024
28 47 5.099
28 48 32.894
28 49 41.049
28 50 13.0
28 51 35.384
28 52 54.378
28 53 20.248
28 54 9.055
28 55 58.898
29 7 63 7
29 30 90.139
29 31 85.446
29 32 65.795
29 33 20.591
29 34 25.179
29 35 50.01
29 36 26.173
29 37 86.006
29 38 56.223
29 39 49.092
29 40 98.031
29 41 10.77
29 42 93.193
29 43 28.425
29 44 25.298
29 45 64.846
29 46 59.076
29 47 62.032
29 48 32.249
29 49 22.561
29 50 63.285
29 51 43.382
29 52 106.174
29 53 57.271
29 54 54.589
29 55 57.697
30 93 90 9
30 31 77.666
30 32 81.413
30 33 88.323
30 34 103.078
30 35 44.407
30 36 80.709
30 37 28.0
30 38 37.202
30 39 45.0
30 40 8.062
30 41 82.079
30 42 33.734
30 43 64.63
30 44 93.193
30 45 51.884
30 46 123.762
30 47 37.643
30 48 58.694
30 49 71.554
30 50 31.145
30 51 47.676
30 52 80.225
30 53 61.294
30 54 47.424
30 55 99.81
31 77 14 7
31 32 22.361
31 33 67.535
31 34 76.844
31 35 53.852
31 36 59.682
31 37 50.596
31 38 55.785
31 39 81.345
31 40 83.241
31 41 75.0
31 42 48.765
31 43 82.42
31 44 66.851
31 45 31.048
31 46 73.682
31 47 47.676
31 48 65.215
31 49 65.115
31 50 55.444
31 51 74.733
31 52 22.361
31 53 30.806
31 54 44.011
31 55 45.1
32 55 18 18
32 33 46.615
32 34 54.781
32 35 46.043
32 36 39.623
32 37 58.138
32 38 50.636
32 39 72.339
32 40 88.323
32 41 55.902
32 42 59.548
32 43 68.154
32 44 45.177
32 45 29.53
32 46 52.887
32 47 45.222
32 48 51.546
32 49 47.707
32 50 53.16
32 51 64.63
32 52 44.721
32 53 21.378
32 54 37.483
32 55 24.042
33 17 45 6
33 34 14.765
33 35 44.283
33 36 9.0
33 37 77.878
33 38 51.43
33 39 54.644
33 40 96.385
33 41 14.0
33 42 83.863
33 43 37.947
33 44 6.325
33 45 52.01
33 46 43.012
33 47 54.406
33 48 31.113
33 49 17.692
33 50 58.181
33 51 47.011
33 52 89.157
33 53 42.426
33 54 45.122
33 55 37.162
34 4 38 14
34 35 59.034
34 36 23.087
34 37 92.179
34 38 66.189
34 39 68.118
34 40 111.14
34 41 24.698
34 42 97.862
34 43 49.739
34 44 11.045
34 45 65.276
34 46 34.0
34 47 68.949
34 48 45.453
34 49 32.016
34 50 72.918
34 51 60.828
34 52 99.04
34 53 55.009
34 54 59.481
34 55 38.897
35 57 64 14
35 36 36.359
35 37 36.056
35 38 7.211
35 39 27.514
35 40 52.431
35 41 40.311
35 42 43.566
35 43 32.757
35 44 48.877
35 45 23.324
35 46 80.056
35 47 12.369
35 48 18.248
35 49 28.636
35 50 13.928
35 51 21.095
35 52 68.411
35 53 25.08
35 54 9.849
35 55 58.6
36 26 45 9
36 37 69.123
36 38 43.566
36 39 50.09
36 40 88.752
36 41 16.643
36 42 74.967
36 43 36.125
36 44 12.53
36 45 43.012
36 46 46.53
36 47 45.88
36 48 25.554
36 49 13.342
36 50 50.12
36 51 42.059
36 52 80.957
36 53 33.541
36 54 36.401
36 55 34.525
37 93 62 9
37 38 30.594
37 39 53.0
37 40 32.757
37 41 76.059
37 42 8.602
37 43 66.761
37 44 81.32
37 45 30.0
37 46 106.231
37 47 24.021
37 48 54.231
37 49 64.125
37 50 24.042
37 51 51.078
37 52 52.345
37 53 41.049
37 54 32.757
37 55 79.511
38 63 68 7
38 39 26.627
38 40 45.222
38 41 46.872
38 42 38.601
38 43 36.401
38 44 56.08
38 45 24.739
38 46 87.046
38 47 9.22
38 48 24.021
38 49 35.44
38 50 7.071
38 51 22.023
38 52 68.264
38 53 29.275
38 54 13.153
38 55 64.885
39 48 90 18
39 40 52.154
39 41 43.841
39 42 61.587
39 43 21.024
39 44 60.745
39 45 50.567
39 46 96.602
39 47 35.805
39 48 24.698
39 49 37.216
39 50 30.414
39 51 8.246
39 52 94.874
39 53 52.173
39 54 37.336
39 55 80.604
40 100 94 10
40 41 90.078
40 42 37.0
40 43 72.18
40 44 101.242
40 45 58.83
40 46 131.59
40 47 45.277
40 48 66.708
40 49 79.605
40 50 39.051
40 51 55.317
40 52 84.006
40 53 68.6
40 54 55.154
40 55 107.299
41 17 59 13
41 42 83.024
41 43 25.06
41 44 20.1
41 45 54.12
41 46 56.515
41 47 52.038
41 48 23.409
41 49 12.042
41 50 53.935
41 51 37.014
41 52 95.525
41 53 46.519
41 54 44.181
41 55 50.289
42 100 57 8
42 43 74.947
42 44 86.885
42 45 33.615
42 46 109.659
42 47 31.257
42 48 61.814
42 49 71.007
42 50 32.311
42 51 59.506
42 52 47.011
42 53 44.777
42 54 39.051
42 55 82.098
43 29 81 3
43 44 44.272
43 45 54.489
43 46 80.957
43 47 44.721
43 48 17.205
43 49 23.0
43 50 42.72
43 51 17.029
43 52 99.705
43 53 51.614
43 54 41.231
43 55 70.064
44 15 39 9
44 45 54.231
44 46 36.688
44 47 58.31
44 48 36.878
44 49 23.601
44 50 62.65
44 51 53.009
44 52 88.865
44 53 44.0
44 54 48.703
44 55 32.757
45 69 44 19
45 46 76.322
45 47 17.0
45 48 37.802
45 49 42.379
45 50 25.02
45 51 44.418
45 52 45.343
45 53 11.18
45 54 13.601
45 55 49.578
46 4 4 15
46 47 86.452
46 48 72.069
46 49 59.506
46 50 92.634
46 51 88.589
46 52 95.189
46 53 65.192
46 54 76.485
46 55 28.862
47 69 61 9
47 48 30.594
47 49 40.112
47 50 8.062
47 51 31.145
47 52 59.169
47 53 24.166
47 54 10.0
47 55 62.201
48 39 67 11
48 49 13.454
48 50 31.064
48 51 16.553
48 52 82.759
48 53 34.409
48 54 25.06
48 55 56.436
49 29 58 1
49 50 42.45
49 51 29.411
49 52 84.876
49 53 35.511
49 54 32.14
49 55 47.096
50 70 69 12
50 51 27.295
50 52 65.742
50 53 31.953
50 54 16.643
50 55 69.34
51 46 82 17
51 52 89.404
51 53 44.922
51 54 30.887
51 55 72.367
52 99 10 10
52 53 49.406
52 54 58.898
52 55 67.007
53 59 39 8
53 54 16.125
53 55 38.897
54 61 55 5
54 55 52.697
55 32 11 8
