10 2 3
1 3 60 1
1 2 65.924
1 3 78.313
1 4 68.096
1 5 3.606
1 6 38.21
1 7 39.962
1 8 66.038
1 9 49.649
1 10 71.868
2 68 49 19
2 3 13.601
2 4 45.398
2 5 67.476
2 6 78.243
2 7 62.936
2 8 46.872
2 9 60.803
2 10 37.054
3 81 53 16
3 4 45.188
3 5 80.1
3 6 86.608
3 7 70.214
3 8 47.413
3 9 73.783
3 10 34.785
4 62 94 6
4 5 71.344
4 6 55.145
4 7 38.0
4 8 3.162
4 9 91.706
4 10 11.314
5 1 57 5
5 6 41.437
5 7 43.566
5 8 69.34
5 9 47.539
5 10 74.847
6 7 98 10
6 7 17.464
6 8 52.086
6 9 85.843
6 10 64.133
7 24 94 12
7 8 35.014
7 9 81.154
7 10 46.69
8 59 95 1
8 9 91.236
8 10 14.213
9 19 13 16
9 10 89.051
10 70 86 7
