50 4
1 3 60 1
1 2 65.924
1 3 78.313
1 4 68.096
1 5 3.606
1 6 38.21
1 7 39.962
1 8 66.038
1 9 49.649
1 10 71.868
1 11 91.0
1 12 64.133
1 13 72.615
1 14 98.234
1 15 26.019
1 16 53.254
1 17 68.118
1 18 99.96
1 19 48.508
1 20 88.204
1 21 80.623
1 22 27.459
1 23 87.052
1 24 39.812
1 25 81.302
1 26 76.922
1 27 33.121
1 28 41.785
1 29 86.035
1 30 50.329
1 31 48.166
1 32 66.483
1 33 45.607
1 34 89.989
1 35 22.204
1 36 83.15
1 37 90.874
1 38 84.723
1 39 65.513
1 40 15.524
1 41 53.367
1 42 98.005
1 43 43.829
1 44 74.277
1 45 93.392
1 46 59.135
1 47 51.624
1 48 38.288
1 49 14.142
1 50 41.146
2 68 49 19
2 3 13.601
2 4 45.398
2 5 67.476
2 6 78.243
2 7 62.936
2 8 46.872
2 9 60.803
2 10 37.054
2 11 28.231
2 12 23.087
2 13 39.051
2 14 46.861
2 15 65.734
2 16 46.065
2 17 15.297
2 18 53.535
2 19 17.464
2 20 28.601
2 21 15.033
2 22 41.231
2 23 23.409
2 24 63.506
2 25 32.249
2 26 23.345
2 27 45.0
2 28 57.306
2 29 43.081
2 30 51.624
2 31 22.672
2 32 38.91
2 33 31.145
2 34 40.497
2 35 52.773
2 36 24.083
2 37 31.623
2 38 32.985
2 39 25.02
2 40 66.31
2 41 26.42
2 42 41.677
2 43 47.17
2 44 45.222
2 45 41.231
2 46 31.321
2 47 23.601
2 48 56.569
2 49 67.067
2 50 67.179
3 81 53 16
3 4 45.188
3 5 80.1
3 6 86.608
3 7 70.214
3 8 47.413
3 9 73.783
3 10 34.785
3 11 14.765
3 12 24.207
3 13 36.688
3 14 36.235
3 15 79.31
3 16 50.249
3 17 14.866
3 18 44.011
3 19 30.0
3 20 16.401
3 21 3.606
3 22 52.393
3 23 9.849
3 24 76.968
3 25 37.108
3 26 28.46
3 27 54.129
3 28 70.661
3 29 36.125
3 30 56.569
3 31 31.953
3 32 49.204
3 33 38.949
3 34 31.321
3 35 63.246
3 36 13.0
3 37 30.414
3 38 36.346
3 39 25.239
3 40 77.201
3 41 32.202
3 42 40.792
3 43 60.415
3 44 54.203
3 45 30.871
3 46 34.059
3 47 30.887
3 48 64.07
3 49 80.306
3 50 74.404
4 62 94 6
4 5 71.344
4 6 55.145
4 7 38.0
4 8 3.162
4 9 91.706
4 10 11.314
4 11 46.69
4 12 22.361
4 13 10.0
4 14 37.108
4 15 83.451
4 16 15.524
4 17 31.321
4 18 35.0
4 19 42.45
4 20 40.311
4 21 48.754
4 22 43.186
4 23 46.4
4 24 89.051
4 25 77.647
4 26 68.731
4 27 34.986
4 28 85.235
4 29 22.561
4 30 21.024
4 31 31.953
4 32 80.753
4 33 26.627
4 34 30.083
4 35 46.065
4 36 37.643
4 37 74.947
4 38 78.262
4 39 20.616
4 40 58.189
4 41 23.087
4 42 85.381
4 43 77.82
4 44 88.363
4 45 34.54
4 46 15.297
4 47 27.203
4 48 34.366
4 49 77.621
4 50 41.11
5 1 57 5
5 6 41.437
5 7 43.566
5 8 69.34
5 9 47.539
5 10 74.847
5 11 93.048
5 12 66.708
5 13 75.644
5 14 100.96
5 15 23.195
5 16 56.613
5 17 70.349
5 18 102.883
5 19 50.16
5 20 90.449
5 21 82.298
5 22 30.083
5 23 89.0
5 24 37.363
5 25 81.492
5 26 77.473
5 27 36.359
5 28 39.812
5 29 88.955
5 30 53.814
5 31 50.488
5 32 65.947
5 33 48.384
5 34 92.72
5 35 25.612
5 36 85.376
5 37 91.548
5 38 85.0
5 39 68.154
5 40 18.974
5 41 56.045
5 42 98.387
5 43 42.638
5 44 73.553
5 45 96.047
5 46 62.032
5 47 54.129
5 48 41.869
5 49 11.0
5 50 44.721
6 7 98 10
6 7 17.464
6 8 52.086
6 9 85.843
6 10 64.133
6 11 94.937
6 12 64.475
6 13 63.789
6 14 91.924
6 15 64.07
6 16 40.792
6 17 72.471
6 18 90.089
6 19 62.936
6 20 89.889
6 21 89.889
6 22 40.224
6 23 92.574
6 24 77.104
6 25 103.856
6 26 97.0
6 27 33.302
6 28 77.782
6 29 77.524
6 30 34.366
6 31 55.606
6 32 94.826
6 33 47.707
6 34 84.345
6 35 28.653
6 36 85.615
6 37 108.931
6 38 106.405
6 39 64.622
6 40 23.0
6 41 54.589
6 42 118.106
6 43 76.922
6 44 103.31
6 45 88.645
6 46 55.362
6 47 55.758
6 48 22.847
6 49 52.345
6 50 14.036
7 24 94 12
7 8 35.014
7 9 81.154
7 10 46.69
7 11 77.82
7 12 47.413
7 13 46.39
7 14 74.545
7 15 63.246
7 16 23.345
7 17 55.758
7 18 73.0
7 19 49.092
7 20 72.615
7 21 73.6
7 22 29.614
7 23 75.664
7 24 74.148
7 25 90.736
7 26 83.235
7 27 19.698
7 28 73.246
7 29 60.208
7 30 17.029
7 31 40.361
7 32 84.433
7 33 31.828
7 34 66.91
7 35 21.213
7 36 68.447
7 37 94.26
7 38 92.914
7 39 47.424
7 40 25.495
7 41 38.013
7 42 103.856
7 43 70.114
7 44 92.973
7 45 71.197
7 46 38.079
7 47 39.699
7 48 6.403
7 49 53.226
7 50 4.243
8 59 95 1
8 9 91.236
8 10 14.213
8 11 49.497
8 12 24.042
8 13 13.038
8 14 40.262
8 15 82.134
8 16 13.0
8 17 33.242
8 18 38.013
8 19 42.755
8 20 43.186
8 21 51.0
8 22 41.725
8 23 49.041
8 24 88.204
8 25 79.076
8 26 70.214
8 27 33.015
8 28 84.599
8 29 25.71
8 30 18.111
8 31 32.016
8 32 81.394
8 33 25.942
8 34 33.242
8 35 43.909
8 36 40.361
8 37 76.896
8 38 79.831
8 39 22.472
8 40 55.714
8 41 23.345
8 42 87.316
8 43 77.473
8 44 89.14
8 45 37.696
8 46 16.0
8 47 27.459
8 48 31.575
8 49 75.928
8 50 38.053
9 19 13 16
9 10 89.051
9 11 88.51
9 12 75.432
9 13 90.697
9 14 106.888
9 15 25.807
9 16 81.933
9 17 72.835
9 18 112.45
9 19 51.225
9 20 89.404
9 21 73.926
9 22 53.151
9 23 83.528
9 24 11.314
9 25 53.151
9 26 54.571
9 27 64.327
9 28 8.062
9 29 100.005
9 30 82.97
9 31 60.208
9 32 32.016
9 33 65.307
9 34 99.705
9 35 60.033
9 36 84.812
9 37 67.742
9 38 57.14
9 39 77.621
9 40 63.151
9 41 69.116
9 42 70.0
9 43 14.213
9 44 35.693
9 45 101.237
9 46 77.175
9 47 65.192
9 48 76.531
9 49 37.59
9 50 84.024
10 70 86 7
10 11 35.384
10 12 14.56
10 13 2.0
10 14 28.018
10 15 84.024
10 16 23.345
10 17 22.023
10 18 28.16
10 19 38.079
10 20 29.0
10 21 38.275
10 22 45.177
10 23 35.228
10 24 87.784
10 25 69.029
10 26 60.033
10 27 39.294
10 28 83.241
10 29 14.318
10 30 29.833
10 31 29.069
10 32 74.465
10 33 26.926
10 34 20.224
10 35 50.695
10 36 26.401
10 37 65.0
10 38 69.26
10 39 12.369
10 40 63.953
10 41 20.518
10 42 75.432
10 43 74.887
10 44 81.584
10 45 24.515
10 46 13.038
10 47 24.083
10 48 42.107
10 49 79.756
10 50 50.22
11 94 60 8
11 12 30.463
11 13 36.878
11 14 25.318
11 15 93.68
11 16 55.758
11 17 23.345
11 18 34.132
11 19 43.566
11 20 6.708
11 21 14.866
11 22 64.195
11 23 5.0
11 24 91.706
11 25 48.301
11 26 40.497
11 27 64.031
11 28 85.422
11 29 30.676
11 30 62.434
11 31 43.186
11 32 62.968
11 33 48.508
11 34 23.345
11 35 74.148
11 36 9.434
11 37 37.855
11 38 46.615
11 39 30.414
11 40 88.284
11 41 40.804
11 42 47.265
11 43 75.18
11 44 67.201
11 45 21.0
11 46 39.825
11 47 40.792
11 48 72.09
11 49 94.048
11 50 81.841
12 66 72 2
12 13 16.492
12 14 34.54
12 15 72.719
12 16 26.173
12 17 9.434
12 18 38.013
12 19 24.207
12 20 25.71
12 21 27.803
12 22 36.674
12 23 28.302
12 24 75.007
12 25 55.326
12 26 46.39
12 27 34.234
12 28 70.036
12 29 24.759
12 30 32.65
12 31 17.0
12 32 59.908
12 33 19.0
12 34 26.401
12 35 45.011
12 36 21.19
12 37 52.924
12 38 55.902
12 39 2.236
12 40 59.076
12 41 11.0
12 42 63.325
12 43 61.221
12 44 67.082
12 45 29.411
12 46 9.899
12 47 12.649
12 48 41.629
12 49 70.007
12 50 51.478
13 70 88 13
13 14 28.16
13 15 85.276
13 16 23.087
13 17 24.021
13 18 27.659
13 19 39.825
13 20 30.414
13 21 40.162
13 22 46.141
13 23 36.892
13 24 89.275
13 25 71.028
13 26 62.032
13 27 39.85
13 28 84.812
13 29 14.036
13 30 29.428
13 31 30.61
13 32 76.4
13 33 28.018
13 34 20.616
13 35 51.245
13 36 28.018
13 37 66.94
13 38 71.253
13 39 14.318
13 40 64.327
13 41 21.932
13 42 77.369
13 43 76.551
13 44 83.546
13 45 25.0
13 46 14.213
13 47 25.612
13 48 42.012
13 49 80.777
13 50 49.82
14 98 85 10
14 15 106.944
14 16 51.245
14 17 34.205
14 18 9.055
14 19 56.859
14 20 20.248
14 21 38.079
14 22 70.88
14 23 29.12
14 24 108.005
14 25 72.801
14 26 64.475
14 27 66.611
14 28 102.45
14 29 14.56
14 30 57.559
14 31 51.478
14 32 85.147
14 33 52.631
14 34 8.246
14 35 77.929
14 36 23.324
14 37 63.151
14 38 71.47
14 39 32.894
14 40 91.548
14 41 44.922
14 42 72.56
14 43 92.849
14 44 90.427
14 45 5.657
14 46 39.459
14 47 47.17
14 48 70.114
14 49 104.547
14 50 77.929
15 4 34 4
15 16 70.605
15 17 73.41
15 18 110.675
15 19 50.695
15 20 92.698
15 21 80.604
15 22 40.46
15 23 89.022
15 24 14.765
15 25 70.093
15 26 68.469
15 27 50.478
15 28 19.105
15 29 97.082
15 30 69.642
15 31 55.758
15 32 51.078
15 33 57.385
15 34 98.98
15 35 42.544
15 36 87.664
15 37 82.735
15 38 73.98
15 39 74.626
15 40 41.11
15 41 63.6
15 42 87.556
15 43 26.0
15 44 57.306
15 45 101.533
15 46 71.063
15 47 60.465
15 48 60.008
15 49 12.369
15 50 65.253
16 47 90 11
16 17 35.384
16 18 50.16
16 19 37.216
16 20 50.12
16 21 53.814
16 22 30.232
16 23 54.203
16 24 77.827
16 25 77.162
16 26 68.71
16 27 20.518
16 28 74.847
16 29 37.014
16 30 6.708
16 31 26.306
16 32 76.105
16 33 18.0
16 34 43.566
16 35 31.064
16 36 46.325
16 37 77.524
16 38 78.549
16 39 25.612
16 40 42.72
16 41 19.698
16 42 87.71
16 43 68.68
16 44 84.291
16 45 47.854
16 46 16.279
16 47 23.087
16 48 19.026
16 49 63.655
16 50 26.926
17 71 64 13
17 18 39.699
17 19 22.825
17 20 20.1
17 21 18.439
17 22 41.012
17 23 20.248
17 24 73.817
17 25 47.011
17 26 38.013
17 27 40.804
17 28 68.25
17 29 28.178
17 30 41.725
17 31 20.0
17 32 53.852
17 33 25.298
17 34 26.87
17 35 50.804
17 36 15.033
17 37 43.658
17 38 47.265
17 39 10.77
17 40 64.938
17 41 17.889
17 42 54.083
17 43 58.728
17 44 60.44
17 45 28.601
17 46 19.209
17 47 17.464
17 48 49.739
17 49 72.277
17 50 59.908
18 97 94 16
18 19 61.62
18 20 28.636
18 21 46.174
18 22 73.007
18 23 37.656
18 24 112.805
18 25 80.957
18 26 72.45
18 27 67.446
18 28 107.564
18 29 13.928
18 30 56.009
18 31 54.918
18 32 92.282
18 33 54.626
18 34 13.038
18 35 78.848
18 36 31.016
18 37 71.847
18 38 79.812
18 39 36.056
18 40 91.984
18 41 47.413
18 42 81.394
18 43 98.29
18 44 97.944
18 45 13.342
18 46 40.853
18 47 50.249
18 48 69.181
18 49 107.331
18 50 76.059
19 51 53 13
19 20 42.059
19 21 32.14
19 22 24.187
19 23 39.205
19 24 51.225
19 25 41.677
19 26 34.205
19 27 29.833
19 28 45.967
19 29 48.836
19 30 41.231
19 31 11.0
19 32 39.0
19 33 19.416
19 34 49.204
19 35 36.056
19 36 37.0
19 37 46.098
19 38 43.829
19 39 26.401
19 40 49.193
19 41 19.416
19 42 55.172
19 43 37.014
19 44 47.096
19 45 51.313
19 46 27.203
19 47 15.297
19 48 42.72
19 49 50.488
19 50 53.254
20 91 66 16
20 21 17.889
20 22 61.008
20 23 9.055
20 24 91.788
20 25 52.555
20 26 44.283
20 27 59.841
20 28 85.755
20 29 24.042
20 30 56.824
20 31 40.05
20 32 65.605
20 33 44.407
20 34 17.029
20 35 70.349
20 36 5.099
20 37 43.29
20 38 51.245
20 39 25.298
20 40 84.481
20 41 36.497
20 42 53.038
20 43 75.717
20 44 70.491
20 45 15.297
20 46 34.54
20 47 37.054
20 48 67.067
20 49 92.195
20 50 76.557
21 83 50 4
21 22 55.082
21 23 9.899
21 24 77.621
21 25 34.785
21 26 26.401
21 27 57.245
21 28 71.176
21 29 39.013
21 30 60.108
21 31 34.928
21 32 48.166
21 33 42.19
21 34 33.734
21 35 66.129
21 36 15.297
21 37 27.166
21 38 33.734
21 39 28.844
21 40 80.006
21 41 35.609
21 42 37.483
21 43 60.836
21 44 52.697
21 45 32.894
21 46 37.643
21 47 34.132
21 48 67.424
21 49 82.098
21 50 77.801
22 30 65 4
22 23 60.531
22 24 47.927
22 25 63.781
22 26 57.315
22 27 11.18
22 28 45.607
22 29 59.093
22 30 30.083
22 31 21.024
22 32 55.154
22 33 18.385
22 34 62.642
22 35 12.042
22 36 56.0
22 37 70.0
22 38 66.483
22 39 38.079
22 40 25.08
22 41 25.962
22 42 78.645
22 43 41.049
22 44 63.695
22 45 65.97
22 46 32.202
22 47 24.187
22 48 24.083
22 49 34.67
22 50 33.242
23 90 57 13
23 24 86.816
23 25 43.863
23 26 35.847
23 27 61.033
23 28 80.498
23 29 32.558
23 30 60.803
23 31 39.623
23 32 58.052
23 33 45.541
23 34 26.0
23 35 70.831
23 36 8.944
23 37 34.234
23 38 42.379
23 39 28.601
23 40 84.929
23 41 38.079
23 42 44.011
23 43 70.235
23 44 62.426
23 45 24.331
23 46 38.013
23 47 37.643
23 48 69.771
23 49 89.677
23 50 79.756
24 11 21 18
24 25 61.131
24 26 61.205
24 27 58.873
24 28 7.0
24 29 99.765
24 30 78.0
24 31 58.728
24 32 40.608
24 33 62.426
24 34 100.424
24 35 52.953
24 36 86.954
24 37 75.027
24 38 65.123
24 39 77.104
24 40 54.148
24 41 67.357
24 42 78.409
24 43 17.263
24 44 45.541
24 45 102.416
24 46 75.286
24 47 63.702
24 48 70.093
24 49 26.926
24 50 76.655
25 72 17 17
25 26 9.0
25 27 71.281
25 28 54.148
25 29 72.993
25 30 82.079
25 31 51.478
25 32 21.213
25 33 60.415
25 34 68.411
25 35 75.743
25 36 50.0
25 37 15.232
25 38 4.0
25 39 57.219
25 40 87.115
25 41 57.567
25 42 17.464
25 43 44.553
25 44 21.095
25 45 67.676
25 46 63.348
25 47 54.083
25 48 84.38
25 49 76.694
25 50 94.874
26 72 26 20
26 27 64.031
26 28 54.231
26 29 64.133
26 30 73.824
26 31 43.417
26 32 24.187
26 33 52.355
26 34 59.775
26 35 69.354
26 36 41.437
26 37 14.318
26 38 9.849
26 39 48.26
26 40 81.4
26 41 49.041
26 42 21.401
26 43 44.045
26 44 26.907
26 45 59.237
26 46 54.571
26 47 45.695
26 48 76.844
26 49 73.763
26 50 87.419
27 32 76 1
27 28 56.754
27 29 53.6
27 30 19.235
27 31 22.472
27 32 64.846
27 33 15.524
27 34 58.421
27 35 11.402
27 36 55.109
27 37 75.664
27 38 73.6
27 39 35.057
27 40 25.02
27 41 23.345
27 42 84.959
27 43 52.154
27 44 73.376
27 45 62.201
27 46 27.166
27 47 23.409
27 48 13.601
27 49 43.139
27 50 23.707
28 18 21 11
28 29 94.763
28 30 75.584
28 31 54.203
28 32 33.734
28 33 58.669
28 34 95.016
28 35 52.086
28 36 80.994
28 37 68.029
28 38 58.138
28 39 72.18
28 40 55.109
28 41 63.008
28 42 71.449
28 43 10.44
28 44 39.0
28 45 96.83
28 46 71.028
28 47 59.203
28 48 68.731
28 49 30.232
28 50 76.059
29 84 89 2
29 30 43.186
29 31 41.4
29 32 81.939
29 33 40.719
29 34 8.485
29 35 65.0
29 36 24.083
29 37 66.03
29 38 72.443
29 39 22.672
29 40 78.262
29 41 33.615
29 42 76.164
29 43 85.796
29 44 88.255
29 45 12.806
29 46 26.926
29 47 36.62
29 48 56.0
29 49 93.477
29 50 63.506
30 41 93 3
30 31 30.676
30 32 79.63
30 33 21.84
30 34 50.01
30 35 28.284
30 36 53.0
30 37 83.217
30 38 83.672
30 39 32.202
30 40 38.471
30 41 25.239
30 42 93.295
30 43 70.214
30 44 87.966
30 45 54.342
30 46 22.804
30 47 28.178
30 48 13.601
30 49 61.717
30 50 20.396
31 51 64 12
31 32 50.0
31 33 8.944
31 34 43.382
31 35 31.321
31 36 35.014
31 37 53.907
31 38 53.235
31 39 18.868
31 40 45.354
31 41 8.944
31 42 63.6
31 43 46.141
31 44 58.078
31 45 46.239
31 46 17.0
31 47 5.0
31 48 33.971
31 49 53.141
31 50 44.598
32 51 14 3
32 33 58.138
32 34 79.259
32 35 66.189
32 36 61.855
32 37 36.139
32 38 25.179
32 39 62.097
32 40 75.213
32 41 58.138
32 42 38.013
32 43 25.08
32 44 8.544
32 45 79.612
32 46 65.49
32 47 54.083
32 48 78.447
32 49 59.363
32 50 88.255
33 47 72 19
33 34 44.385
33 35 26.019
33 36 39.623
33 37 62.626
33 38 62.177
33 39 20.1
33 40 40.112
33 41 8.0
33 42 72.422
33 43 51.624
33 44 66.37
33 45 47.854
33 46 13.892
33 47 8.062
33 48 25.495
33 49 52.839
33 50 36.069
34 90 83 8
34 35 69.721
34 36 18.439
34 37 60.133
34 38 67.469
34 39 24.698
34 40 83.385
34 41 36.688
34 42 70.007
34 43 85.586
34 44 85.0
34 45 4.472
34 46 31.257
34 47 39.0
34 48 62.29
34 49 96.385
34 50 70.406
35 21 73 12
35 36 65.49
35 37 82.006
35 38 78.492
35 39 46.011
35 40 14.142
35 41 34.015
35 42 90.686
35 43 49.497
35 44 74.686
35 45 73.437
35 46 38.471
35 47 33.377
35 48 17.464
35 49 33.601
35 50 24.0
36 86 65 15
36 37 42.0
36 38 49.031
36 39 21.024
36 40 79.63
36 41 31.78
36 42 52.086
36 43 71.028
36 44 67.119
36 45 17.889
36 46 30.414
36 47 32.14
36 48 62.769
36 49 87.098
36 50 72.45
37 86 23 14
37 38 11.662
37 39 54.424
37 40 94.578
37 41 57.983
37 42 10.44
37 43 58.009
37 44 36.235
37 45 58.549
37 46 62.169
37 47 55.218
37 48 87.864
37 49 88.057
37 50 98.494
38 76 17 3
38 39 57.706
38 40 90.139
38 41 58.873
38 42 13.601
38 43 48.508
38 44 24.597
38 45 66.483
38 46 64.288
38 47 55.543
38 48 86.533
38 49 80.411
38 50 97.082
39 67 74 9
39 40 60.008
39 41 12.166
39 42 64.846
39 43 63.411
39 44 69.231
39 45 27.893
39 46 9.434
39 47 14.318
39 48 41.785
39 49 71.694
39 50 51.43
40 7 75 4
40 41 48.094
40 42 102.801
40 43 55.154
40 44 83.487
40 45 87.207
40 46 52.154
40 47 47.518
40 48 25.239
40 49 29.614
40 50 26.077
41 55 72 17
41 42 68.096
41 43 55.073
41 44 66.008
41 45 40.025
41 46 8.062
41 47 4.123
41 48 31.906
41 49 59.933
41 50 42.202
42 89 13 20
42 43 61.984
42 44 35.693
42 45 68.184
42 46 72.498
42 47 65.192
42 48 97.453
42 49 93.984
42 50 108.074
43 28 24 1
43 44 31.623
43 45 87.207
43 46 63.135
43 47 51.108
43 48 65.0
43 49 34.828
43 50 73.335
44 54 6 20
44 45 85.0
44 46 73.171
44 47 62.0
44 48 86.977
44 49 66.4
44 50 96.799
45 94 81 1
45 46 35.057
45 47 42.059
45 48 66.483
45 49 99.368
45 50 74.733
46 59 79 16
46 47 12.083
46 48 32.573
46 49 66.731
46 50 42.048
47 54 68 9
47 48 33.422
47 49 57.385
47 50 43.932
48 28 89 9
48 49 50.774
48 50 10.63
49 1 46 18
49 50 54.781
50 21 97 10
