20 2 10
1 2 4 14
1 2 116.499
1 3 113.455
1 4 48.466
1 5 73.98
1 6 46.239
1 7 82.347
1 8 71.449
1 9 96.421
1 10 58.052
1 11 70.178
1 12 102.956
1 13 57.723
1 14 57.315
1 15 61.587
1 16 45.88
1 17 94.372
1 18 22.204
1 19 19.647
1 20 84.38
2 98 70 5
2 3 12.806
2 4 80.777
2 5 84.291
2 6 82.28
2 7 38.275
2 8 47.17
2 9 57.0
2 10 61.465
2 11 58.421
2 12 60.828
2 13 82.608
2 14 60.374
2 15 64.537
2 16 83.241
2 17 41.304
2 18 97.185
2 19 102.421
2 20 59.228
3 88 78 13
3 4 73.926
3 5 74.007
3 6 75.644
3 7 41.485
3 8 42.202
3 9 65.765
3 10 56.303
3 11 50.289
3 12 48.332
3 13 74.216
3 14 56.223
3 15 57.385
3 16 76.557
3 17 49.254
3 18 95.588
3 19 97.908
3 20 66.03
4 20 49 15
4 5 28.636
4 6 2.236
4 7 58.052
4 8 34.234
4 9 85.907
4 10 21.095
4 11 24.413
4 12 54.562
4 13 11.705
4 14 24.739
4 15 16.553
4 16 2.828
4 17 75.69
4 18 42.19
4 19 29.069
4 20 75.664
5 14 77 16
5 6 30.414
5 7 74.095
5 8 46.648
5 9 105.603
5 10 40.361
5 11 29.53
5 12 36.62
5 13 17.117
5 14 45.343
5 15 29.698
5 16 30.265
5 17 92.439
5 18 70.711
5 19 54.452
5 20 97.0
6 19 47 1
6 7 58.694
6 8 35.511
6 9 86.006
6 10 22.0
6 11 26.401
6 12 56.798
6 13 13.342
6 14 25.318
6 15 18.358
6 16 1.0
6 17 76.158
6 18 40.311
6 19 26.833
6 20 75.591
7 77 38 20
7 8 27.459
7 9 32.65
7 10 37.108
7 11 44.654
7 12 68.476
7 13 64.846
7 14 33.377
7 15 45.695
7 16 59.682
7 17 18.358
7 18 61.4
7 19 71.589
7 20 27.514
8 54 53 18
8 9 59.464
8 10 14.318
8 11 17.205
8 12 46.098
8 13 38.639
8 14 14.142
8 15 19.235
8 16 36.497
8 17 45.793
8 18 54.918
8 19 55.758
8 20 52.01
9 98 13 6
9 10 66.37
9 11 76.577
9 12 100.703
9 13 94.515
9 14 61.774
9 15 76.276
9 16 86.925
9 17 16.763
9 18 74.243
9 19 91.548
9 20 12.042
10 41 47 19
10 11 16.031
10 12 51.088
10 13 28.178
10 14 5.0
10 15 10.817
10 16 23.0
10 17 55.027
10 18 43.463
10 19 41.617
10 20 57.009
11 40 63 16
11 12 35.228
11 13 24.187
11 14 20.396
11 15 8.602
11 16 27.203
11 17 62.968
11 18 58.241
11 19 51.856
11 20 68.68
12 44 98 3
12 13 47.202
12 14 55.0
12 15 42.953
12 16 57.245
12 17 84.629
12 18 93.172
12 19 83.63
12 20 95.708
13 16 60 3
13 14 32.757
13 15 19.416
13 16 13.153
13 17 83.006
13 18 53.6
13 19 38.079
13 20 84.876
14 44 43 9
14 15 15.811
14 16 26.306
14 17 50.961
14 18 41.183
14 19 42.059
14 20 52.202
15 35 56 6
15 16 19.235
15 17 63.977
15 18 50.22
15 19 43.278
15 20 67.357
16 18 47 9
16 17 77.13
16 18 40.447
16 19 26.401
16 20 76.479
17 93 29 18
17 18 72.422
17 19 86.209
17 20 18.385
18 24 7 19
18 19 23.345
18 20 62.201
19 7 23 11
19 20 79.762
20 86 12 10
