10 2
1 2 4 14
1 2 116.499
1 3 113.455
1 4 48.466
1 5 73.98
1 6 46.239
1 7 82.347
1 8 71.449
1 9 96.421
1 10 58.052
2 98 70 5
2 3 12.806
2 4 80.777
2 5 84.291
2 6 82.28
2 7 38.275
2 8 47.17
2 9 57.0
2 10 61.465
3 88 78 13
3 4 73.926
3 5 74.007
3 6 75.644
3 7 41.485
3 8 42.202
3 9 65.765
3 10 56.303
4 20 49 15
4 5 28.636
4 6 2.236
4 7 58.052
4 8 34.234
4 9 85.907
4 10 21.095
5 14 77 16
5 6 30.414
5 7 74.095
5 8 46.648
5 9 105.603
5 10 40.361
6 19 47 1
6 7 58.694
6 8 35.511
6 9 86.006
6 10 22.0
7 77 38 20
7 8 27.459
7 9 32.65
7 10 37.108
8 54 53 18
8 9 59.464
8 10 14.318
9 98 13 6
9 10 66.37
10 41 47 19
