30 3 10
1 2 4 14
1 2 116.499
1 3 113.455
1 4 48.466
1 5 73.98
1 6 46.239
1 7 82.347
1 8 71.449
1 9 96.421
1 10 58.052
1 11 70.178
1 12 102.956
1 13 57.723
1 14 57.315
1 15 61.587
1 16 45.88
1 17 94.372
1 18 22.204
1 19 19.647
1 20 84.38
1 21 68.447
1 22 13.601
1 23 9.487
1 24 20.518
1 25 70.682
1 26 116.4
1 27 87.727
1 28 99.624
1 29 64.07
1 30 86.649
2 98 70 5
2 3 12.806
2 4 80.777
2 5 84.291
2 6 82.28
2 7 38.275
2 8 47.17
2 9 57.0
2 10 61.465
2 11 58.421
2 12 60.828
2 13 82.608
2 14 60.374
2 15 64.537
2 16 83.241
2 17 41.304
2 18 97.185
2 19 102.421
2 20 59.228
2 21 50.249
2 22 103.6
2 23 107.415
2 24 96.255
2 25 66.03
2 26 37.483
2 27 36.056
2 28 17.0
2 29 52.431
2 30 69.857
3 88 78 13
3 4 73.926
3 5 74.007
3 6 75.644
3 7 41.485
3 8 42.202
3 9 65.765
3 10 56.303
3 11 50.289
3 12 48.332
3 13 74.216
3 14 56.223
3 15 57.385
3 16 76.557
3 17 49.254
3 18 95.588
3 19 97.908
3 20 66.03
3 21 51.0
3 22 101.139
3 23 104.738
3 24 92.957
3 25 56.886
3 26 24.839
3 27 27.857
3 28 16.763
3 29 50.329
3 30 58.549
4 20 49 15
4 5 28.636
4 6 2.236
4 7 58.052
4 8 34.234
4 9 85.907
4 10 21.095
4 11 24.413
4 12 54.562
4 13 11.705
4 14 24.739
4 15 16.553
4 16 2.828
4 17 75.69
4 18 42.19
4 19 29.069
4 20 75.664
4 21 46.819
4 22 41.304
4 23 42.953
4 24 31.145
4 25 22.472
4 26 70.767
4 27 46.098
4 28 64.327
4 29 36.139
4 30 38.328
5 14 77 16
5 6 30.414
5 7 74.095
5 8 46.648
5 9 105.603
5 10 40.361
5 11 29.53
5 12 36.62
5 13 17.117
5 14 45.343
5 15 29.698
5 16 30.265
5 17 92.439
5 18 70.711
5 19 54.452
5 20 97.0
5 21 66.603
5 22 69.007
5 23 70.064
5 24 59.076
5 25 20.125
5 26 61.351
5 27 48.836
5 28 70.612
5 29 55.227
5 30 18.358
6 19 47 1
6 7 58.694
6 8 35.511
6 9 86.006
6 10 22.0
6 11 26.401
6 12 56.798
6 13 13.342
6 14 25.318
6 15 18.358
6 16 1.0
6 17 76.158
6 18 40.311
6 19 26.833
6 20 75.591
6 21 47.127
6 22 39.205
6 23 40.792
6 24 29.069
6 25 24.698
6 26 72.863
6 27 47.854
6 28 65.734
6 29 36.674
6 30 40.522
7 77 38 20
7 8 27.459
7 9 32.65
7 10 37.108
7 11 44.654
7 12 68.476
7 13 64.846
7 14 33.377
7 15 45.695
7 16 59.682
7 17 18.358
7 18 61.4
7 19 71.589
7 20 27.514
7 21 13.928
7 22 68.877
7 23 72.918
7 24 63.246
7 25 54.083
7 26 59.211
7 27 33.541
7 28 24.739
7 29 22.091
7 30 67.179
8 54 53 18
8 9 59.464
8 10 14.318
8 11 17.205
8 12 46.098
8 13 38.639
8 14 14.142
8 15 19.235
8 16 36.497
8 17 45.793
8 18 54.918
8 19 55.758
8 20 52.01
8 21 22.361
8 22 59.548
8 23 62.968
8 24 50.931
8 25 26.627
8 26 47.539
8 27 17.0
8 28 30.364
8 29 13.038
8 30 40.804
9 98 13 6
9 10 66.37
9 11 76.577
9 12 100.703
9 13 94.515
9 14 61.774
9 15 76.276
9 16 86.925
9 17 16.763
9 18 74.243
9 19 91.548
9 20 12.042
9 21 39.446
9 22 83.15
9 23 87.207
9 24 81.154
9 25 85.913
9 26 87.932
9 27 65.734
9 28 51.245
9 29 50.774
9 30 99.765
10 41 47 19
10 11 16.031
10 12 51.088
10 13 28.178
10 14 5.0
10 15 10.817
10 16 23.0
10 17 55.027
10 18 43.463
10 19 41.617
10 20 57.009
10 21 26.926
10 22 46.872
10 23 50.0
10 24 37.643
10 25 22.847
10 26 58.83
10 27 29.698
10 28 44.598
10 29 15.652
10 30 40.522
11 40 63 16
11 12 35.228
11 13 24.187
11 14 20.396
11 15 8.602
11 16 27.203
11 17 62.968
11 18 58.241
11 19 51.856
11 20 68.68
11 21 38.419
11 22 60.415
11 23 63.063
11 24 50.537
11 25 9.434
11 26 46.69
11 27 22.561
11 28 43.012
11 29 27.459
11 30 25.08
12 44 98 3
12 13 47.202
12 14 55.0
12 15 42.953
12 16 57.245
12 17 84.629
12 18 93.172
12 19 83.63
12 20 95.708
12 21 68.007
12 22 94.557
12 23 96.799
12 24 84.433
12 25 32.311
12 26 28.018
12 27 34.986
12 28 53.075
12 29 59.034
12 30 18.439
13 16 60 3
13 14 32.757
13 15 19.416
13 16 13.153
13 17 83.006
13 18 53.6
13 19 38.079
13 20 84.876
13 21 55.073
13 22 52.01
13 23 53.235
13 24 42.012
13 25 17.889
13 26 67.119
13 27 46.69
13 28 67.03
13 29 43.829
13 30 29.53
14 44 43 9
14 15 15.811
14 16 26.306
14 17 50.961
14 18 41.183
14 19 42.059
14 20 52.202
14 21 22.361
14 22 45.453
14 23 48.836
14 24 36.797
14 25 27.731
14 26 60.828
14 27 30.806
14 28 43.382
14 29 11.402
14 30 45.222
15 35 56 6
15 16 19.235
15 17 63.977
15 18 50.22
15 19 43.278
15 20 67.357
15 21 37.014
15 22 52.0
15 23 54.562
15 24 42.048
15 25 12.369
15 26 55.227
15 27 29.547
15 28 48.374
15 29 25.612
15 30 30.414
16 18 47 9
16 17 77.13
16 18 40.447
16 19 26.401
16 20 76.479
16 21 48.083
16 22 39.115
16 23 40.608
16 24 29.017
16 25 25.239
16 26 73.593
16 27 48.754
16 28 66.708
16 29 37.656
16 30 40.804
17 93 29 18
17 18 72.422
17 19 86.209
17 20 18.385
17 21 29.275
17 22 80.777
17 23 84.9
17 24 76.792
17 25 72.402
17 26 71.169
17 27 49.82
17 28 34.482
17 29 39.56
17 30 84.959
18 24 7 19
18 19 23.345
18 20 62.201
18 21 47.707
18 22 9.055
18 23 13.0
18 24 13.038
18 25 61.522
18 26 102.0
18 27 71.868
18 28 80.66
18 29 45.277
18 30 79.228
19 7 23 11
19 20 79.762
19 21 57.871
19 22 17.0
19 23 16.492
19 24 11.18
19 25 51.478
19 26 98.494
19 27 71.063
19 28 85.422
19 29 50.922
19 30 67.067
20 86 12 10
20 21 30.414
20 22 71.113
20 23 75.166
20 24 69.26
20 25 77.795
20 26 86.145
20 27 60.926
20 28 50.09
20 29 41.773
20 30 92.801
21 64 33 18
21 22 55.009
21 23 59.034
21 24 49.336
21 25 47.424
21 26 64.498
21 27 35.057
21 28 34.67
21 29 11.402
21 30 62.968
22 15 8 10
22 23 4.123
22 24 10.198
22 25 62.362
22 26 105.688
22 27 76.217
22 28 86.833
22 29 51.225
22 30 79.429
23 11 7 12
23 24 12.53
23 25 64.514
23 26 108.724
23 27 79.511
23 28 90.604
23 29 55.0
23 30 81.253
24 17 18 5
24 25 52.202
24 26 96.26
24 27 67.268
24 28 79.322
24 29 43.909
24 30 69.231
25 32 68 8
25 26 49.406
25 27 30.0
25 28 51.352
25 29 36.235
25 30 18.111
26 72 97 6
26 27 30.676
26 28 36.688
26 29 59.481
26 30 43.417
27 62 68 4
27 28 21.84
27 29 28.862
27 30 36.715
28 83 62 13
28 29 35.609
28 30 58.181
29 55 40 2
29 30 52.355
30 30 86 4
