100 4
1 13 11 4
1 2 89.989
1 3 40.311
1 4 27.857
1 5 108.19
1 6 32.016
1 7 69.354
1 8 78.294
1 9 67.476
1 10 90.918
1 11 10.0
1 12 59.682
1 13 95.462
1 14 18.974
1 15 81.049
1 16 59.414
1 17 71.344
1 18 16.971
1 19 58.215
1 20 29.428
1 21 83.006
1 22 34.366
1 23 68.593
1 24 73.062
1 25 61.221
1 26 57.271
1 27 27.074
1 28 30.0
1 29 54.129
1 30 72.918
1 31 23.707
1 32 69.426
1 33 7.211
1 34 76.42
1 35 55.362
1 36 53.935
1 37 39.294
1 38 73.43
1 39 78.313
1 40 41.231
1 41 51.42
1 42 27.659
1 43 59.666
1 44 87.144
1 45 17.088
1 46 77.897
1 47 53.367
1 48 90.443
1 49 18.028
1 50 92.114
1 51 89.694
1 52 88.391
1 53 48.765
1 54 84.38
1 55 22.804
1 56 106.217
1 57 12.042
1 58 54.203
1 59 42.72
1 60 86.145
1 61 89.739
1 62 59.203
1 63 68.768
1 64 37.363
1 65 47.413
1 66 95.854
1 67 53.666
1 68 109.041
1 69 86.313
1 70 83.217
1 71 34.525
1 72 67.231
1 73 41.231
1 74 93.622
1 75 28.302
1 76 75.273
1 77 65.276
1 78 84.723
1 79 50.09
1 80 84.853
1 81 81.884
1 82 50.488
1 83 67.357
1 84 82.098
1 85 69.527
1 86 54.626
1 87 63.789
1 88 83.385
1 89 42.19
1 90 32.016
1 91 108.977
1 92 76.236
1 93 71.344
1 94 84.959
1 95 75.153
1 96 54.037
1 97 77.026
1 98 109.041
1 99 70.0
1 100 75.24
2 36 98 6
2 3 50.329
2 4 97.046
2 5 53.935
2 6 62.073
2 7 34.986
2 8 18.868
2 9 25.0
2 10 70.0
2 11 82.377
2 12 42.521
2 13 47.927
2 14 93.134
2 15 93.408
2 16 50.16
2 17 29.53
2 18 82.765
2 19 40.311
2 20 82.219
2 21 32.802
2 22 92.655
2 23 23.601
2 24 29.53
2 25 41.785
2 26 35.014
2 27 65.0
2 28 61.465
2 29 38.0
2 30 42.012
2 31 67.082
2 32 50.22
2 33 96.84
2 34 32.894
2 35 73.926
2 36 101.533
2 37 78.447
2 38 65.437
2 39 97.082
2 40 57.428
2 41 79.712
2 42 62.362
2 43 30.364
2 44 28.0
2 45 73.007
2 46 66.528
2 47 49.497
2 48 86.313
2 49 81.222
2 50 27.514
2 51 80.056
2 52 45.793
2 53 44.0
2 54 15.297
2 55 69.584
2 56 58.241
2 57 78.16
2 58 64.622
2 59 47.676
2 60 111.503
2 61 91.22
2 62 78.721
2 63 51.039
2 64 78.09
2 65 45.011
2 66 15.033
2 67 67.779
2 68 40.05
2 69 8.246
2 70 110.675
2 71 93.648
2 72 25.179
2 73 55.082
2 74 14.036
2 75 63.506
2 76 16.125
2 77 91.241
2 78 7.211
2 79 93.963
2 80 96.675
2 81 12.53
2 82 40.311
2 83 77.698
2 84 19.647
2 85 51.614
2 86 37.014
2 87 104.924
2 88 99.202
2 89 92.962
2 90 79.404
2 91 58.464
2 92 20.248
2 93 105.546
2 94 50.0
2 95 21.024
2 96 39.115
2 97 65.856
2 98 50.359
2 99 28.601
2 100 96.255
3 18 51 18
3 4 54.231
3 5 80.062
3 6 21.213
3 7 31.385
3 8 41.773
3 9 27.166
3 10 74.169
3 11 34.132
3 12 23.601
3 13 68.029
3 14 47.802
3 15 79.712
3 16 38.013
3 17 38.275
3 18 32.757
3 19 20.591
3 20 42.438
3 21 51.624
3 22 53.535
3 23 28.284
3 24 33.956
3 25 33.956
3 26 22.472
3 27 14.765
3 28 11.18
3 29 20.125
3 30 46.174
3 31 19.925
3 32 47.381
3 33 46.872
3 34 38.275
3 35 51.478
3 36 69.311
3 37 44.598
3 38 59.135
3 39 80.112
3 40 15.0
3 41 53.0
3 42 13.038
3 43 20.125
3 44 48.052
3 45 24.021
3 46 63.032
3 47 20.809
3 48 81.884
3 49 36.056
3 50 58.138
3 51 78.23
3 52 61.465
3 53 18.248
3 54 44.102
3 55 23.77
3 56 80.231
3 57 28.284
3 58 43.966
3 59 10.0
3 60 92.661
3 61 83.952
3 62 57.271
3 63 47.265
3 64 43.139
3 65 17.117
3 66 58.249
3 67 45.88
3 68 75.928
3 69 46.098
3 70 90.554
3 71 54.378
3 72 30.414
3 73 22.472
3 74 56.036
3 75 18.868
3 76 36.892
3 77 68.964
3 78 44.643
3 79 62.241
3 80 83.815
3 81 41.593
3 82 10.198
3 83 61.984
3 84 42.012
3 85 48.26
3 86 19.723
3 87 76.577
3 88 84.309
3 89 57.489
3 90 41.231
3 91 82.347
3 92 36.014
3 93 81.025
3 94 60.44
3 95 38.897
3 96 14.318
3 97 62.032
3 98 79.404
3 99 30.414
3 100 77.82
4 39 1 13
4 5 100.344
4 6 35.511
4 7 85.615
4 8 81.302
4 9 79.076
4 10 76.381
4 11 24.083
4 12 77.369
4 13 88.119
4 14 8.944
4 15 58.694
4 16 53.759
4 17 71.847
4 18 43.909
4 19 74.733
4 20 15.297
4 21 80.362
4 22 9.434
4 23 79.831
4 24 87.92
4 25 59.228
4 26 62.032
4 27 46.4
4 28 47.707
4 29 59.076
4 30 68.007
4 31 34.438
4 32 61.741
4 33 30.265
4 34 92.477
4 35 38.949
4 36 27.0
4 37 23.324
4 38 59.666
4 39 54.708
4 40 61.612
4 41 32.558
4 42 42.059
4 43 69.051
4 44 101.833
4 45 32.802
4 46 63.781
4 47 72.719
4 48 71.021
4 49 18.358
4 50 90.956
4 51 72.007
4 52 81.394
4 53 53.085
4 54 95.708
4 55 30.463
4 56 96.799
4 57 33.302
4 58 42.544
4 59 51.196
4 60 60.208
4 61 68.884
4 62 40.46
4 63 60.836
4 64 22.361
4 65 52.154
4 66 98.732
4 67 40.497
4 68 105.688
4 69 95.635
4 70 57.14
4 71 8.944
4 72 72.0
4 73 42.0
4 74 96.628
4 75 35.735
4 76 81.006
4 77 42.154
4 78 93.434
4 79 25.0
4 80 62.032
4 81 92.071
4 82 62.936
4 83 49.041
4 84 94.594
4 85 61.27
4 86 60.133
4 87 37.0
4 88 59.775
4 89 17.088
4 90 18.682
4 91 99.86
4 92 88.295
4 93 45.1
4 94 76.538
4 95 78.23
4 96 68.352
4 97 63.127
4 98 102.421
4 99 84.119
4 100 51.546
5 89 88 9
5 6 76.42
5 7 83.385
5 8 43.417
5 9 68.731
5 10 32.14
5 11 98.311
5 12 86.885
5 13 12.728
5 14 101.257
5 15 64.125
5 16 48.836
5 17 42.154
5 18 109.403
5 19 83.199
5 20 85.983
5 21 28.792
5 22 92.13
5 23 67.602
5 24 79.101
5 25 47.802
5 26 57.697
5 27 92.65
5 28 89.359
5 29 59.942
5 30 35.468
5 31 85.796
5 32 39.205
5 33 115.278
5 34 84.006
5 35 62.769
5 36 89.989
5 37 77.026
5 38 42.72
5 39 70.029
5 40 93.622
5 41 70.007
5 42 86.023
5 43 64.846
5 44 81.615
5 45 92.849
5 46 39.812
5 47 91.482
5 48 50.01
5 49 92.315
5 50 27.019
5 51 43.566
5 52 19.799
5 53 62.968
5 54 68.359
5 55 85.586
5 56 6.708
5 57 99.247
5 58 57.801
5 59 71.344
5 60 82.608
5 61 56.089
5 62 63.891
5 63 40.0
5 64 78.032
5 65 64.351
5 66 39.56
5 67 59.942
5 68 17.692
5 69 61.522
5 70 83.295
5 71 93.022
5 72 52.202
5 73 67.268
5 74 40.025
5 75 80.808
5 76 51.352
5 77 71.847
5 78 59.304
5 79 84.119
5 80 65.49
5 81 64.125
5 82 74.095
5 83 57.271
5 84 72.173
5 85 39.408
5 86 60.374
5 87 87.966
5 88 69.354
5 89 87.846
5 90 82.377
5 91 5.0
5 92 70.007
5 93 84.149
5 94 23.854
5 95 44.911
5 96 77.492
5 97 40.025
5 98 5.0
5 99 76.322
5 100 71.007
6 33 36 7
6 7 51.624
6 8 47.802
6 9 43.681
6 10 62.298
6 11 22.472
6 12 44.688
6 13 63.702
6 14 31.064
6 15 61.188
6 16 28.018
6 17 39.812
6 18 34.54
6 19 41.4
6 20 21.932
6 21 51.039
6 22 33.106
6 23 44.385
6 24 53.226
6 25 29.206
6 26 27.295
6 27 22.091
6 28 20.616
6 29 24.187
6 30 41.012
6 31 9.849
6 32 38.275
6 33 39.205
6 34 58.181
6 35 32.558
6 36 48.104
6 37 23.431
6 38 45.354
6 39 60.729
6 40 33.541
6 41 32.696
6 42 14.142
6 43 33.541
6 44 66.851
6 45 16.643
6 46 49.729
6 47 41.869
6 48 66.068
6 49 19.235
6 50 60.415
6 51 63.64
6 52 56.639
6 53 18.248
6 54 60.208
6 55 9.22
6 56 74.813
6 57 23.022
6 58 27.074
6 59 15.811
6 60 72.498
6 61 67.067
6 62 38.079
6 63 37.736
6 64 21.932
6 65 17.117
6 66 65.521
6 67 28.018
6 68 77.104
6 69 60.208
6 70 70.214
6 71 34.015
6 72 37.483
6 73 9.22
6 74 63.325
6 75 5.099
6 76 46.271
6 77 48.847
6 78 58.078
6 79 41.037
6 80 65.307
6 81 56.569
6 82 28.178
6 83 44.181
6 84 59.203
6 85 38.588
6 86 25.08
6 87 55.444
6 88 65.253
6 89 36.401
6 90 20.248
6 91 77.466
6 92 52.887
6 93 60.208
6 94 53.6
6 95 44.643
6 96 34.132
6 97 48.765
6 98 77.104
6 99 49.244
6 100 58.189
7 6 80 2
7 8 40.05
7 9 15.133
7 10 89.286
7 11 64.761
7 12 10.198
7 13 74.007
7 14 79.057
7 15 103.465
7 16 57.306
7 17 44.721
7 18 57.219
7 19 11.18
7 20 73.43
7 21 56.036
7 22 84.599
7 23 16.031
7 24 5.657
7 25 49.659
7 26 35.355
7 27 42.297
7 28 39.623
7 29 36.056
7 30 57.974
7 31 51.264
7 32 63.325
7 33 75.06
7 34 7.071
7 35 77.337
7 36 99.202
7 37 74.202
7 38 78.294
7 39 105.209
7 40 29.155
7 41 80.61
7 42 43.966
7 43 23.707
7 44 18.111
7 45 54.571
7 46 81.154
7 47 17.72
7 48 101.637
7 49 67.417
7 50 56.719
7 51 96.566
7 52 69.26
7 53 39.699
7 54 21.213
7 55 55.154
7 56 86.023
7 57 57.559
7 58 68.411
7 59 36.401
7 60 118.849
7 61 105.095
7 62 83.096
7 63 63.695
7 64 73.007
7 65 39.623
7 66 48.847
7 67 71.063
7 68 72.801
7 69 27.203
7 70 117.154
7 71 85.475
7 72 33.734
7 73 49.578
7 74 47.17
7 75 50.09
7 76 32.062
7 77 95.671
7 78 27.785
7 79 91.831
7 80 107.378
7 81 22.472
7 82 23.601
7 83 85.703
7 84 17.029
7 85 64.622
7 86 34.67
7 87 105.551
7 88 108.724
7 89 87.92
7 90 71.868
7 91 87.144
7 92 14.765
7 93 108.904
7 94 71.021
7 95 39.013
7 96 17.493
7 97 80.231
7 98 80.895
7 99 7.071
7 100 103.407
8 46 82 3
8 9 25.318
8 10 52.839
8 11 69.642
8 12 43.681
8 13 34.132
8 14 78.447
8 15 74.653
8 16 31.623
8 17 10.77
8 18 74.202
8 19 40.162
8 20 66.121
8 21 16.492
8 22 76.007
8 23 24.187
8 24 36.056
8 25 23.537
8 26 21.024
8 27 56.223
8 28 52.631
8 29 24.166
8 30 23.345
8 31 54.626
8 32 31.401
8 33 85.428
8 34 41.304
8 35 55.362
8 36 83.433
8 37 61.205
8 38 46.755
8 39 78.237
8 40 53.009
8 41 61.4
8 42 51.624
8 43 23.022
8 44 41.231
8 45 61.27
8 46 48.104
8 47 48.847
8 48 68.25
8 49 66.94
8 50 17.464
8 51 62.201
8 52 30.083
8 53 29.732
8 54 28.178
8 55 56.303
8 56 46.0
8 57 67.119
8 58 46.174
8 59 35.847
8 60 92.655
8 61 72.918
8 62 60.008
8 63 32.202
8 64 61.074
8 65 31.016
8 66 17.72
8 67 49.336
8 68 34.986
8 69 22.804
8 70 91.81
8 71 77.006
8 72 11.402
8 73 39.623
8 74 15.524
8 75 50.329
8 76 8.0
8 77 72.45
8 78 20.0
8 79 75.928
8 80 77.987
8 81 23.259
8 82 33.422
8 83 58.83
8 84 31.016
8 85 32.802
8 86 23.707
8 87 86.377
8 88 80.43
8 89 75.538
8 90 63.032
8 91 47.096
8 92 27.459
8 93 86.764
8 94 33.106
8 95 3.162
8 96 35.355
8 97 47.381
8 98 41.231
8 99 33.015
8 100 77.389
9 21 78 12
9 10 74.33
9 11 61.0
9 12 18.788
9 13 59.008
9 14 73.682
9 15 90.0
9 16 43.6
9 17 29.614
9 18 58.523
9 19 15.811
9 20 65.46
9 21 41.0
9 22 76.551
9 23 1.414
9 24 12.53
9 25 35.511
9 26 21.932
9 27 41.231
9 28 37.855
9 29 23.431
9 30 43.012
9 31 46.098
9 32 48.754
9 33 73.98
9 34 18.358
9 35 65.115
9 36 89.185
9 37 64.413
9 38 64.008
9 39 92.195
9 40 32.45
9 41 69.203
9 42 40.05
9 43 10.817
9 44 23.854
9 45 51.039
9 46 66.641
9 47 25.0
9 48 87.207
9 49 61.66
9 50 42.45
9 51 81.939
9 52 54.148
9 53 28.302
9 54 17.0
9 55 49.366
9 56 71.113
9 57 55.444
9 58 55.866
9 59 27.893
9 60 106.151
9 61 90.918
9 62 70.725
9 63 49.193
9 64 63.506
9 65 28.653
9 66 36.62
9 67 58.728
9 68 59.237
9 69 19.313
9 70 104.661
9 71 77.492
9 72 18.682
9 73 39.357
9 74 34.67
9 75 43.566
9 76 17.464
9 77 83.487
9 78 18.358
9 79 81.633
9 80 93.814
9 81 14.56
9 82 17.029
9 83 72.471
9 84 15.524
9 85 50.09
9 86 22.023
9 87 94.626
9 88 95.425
9 89 78.721
9 90 63.325
9 91 72.339
9 92 9.22
9 93 97.185
9 94 55.902
9 95 24.021
9 96 14.318
9 97 65.742
9 98 66.491
9 99 8.544
9 100 90.609
10 92 56 15
10 11 81.006
10 12 89.107
10 13 25.942
10 14 79.511
10 15 32.016
10 16 36.222
10 17 44.944
10 18 96.799
10 19 85.0
10 20 64.031
10 21 37.202
10 22 67.268
10 23 73.682
10 24 86.649
10 25 41.11
10 26 55.444
10 27 82.976
10 28 80.411
10 29 56.143
10 30 31.321
10 31 72.111
10 32 27.019
10 33 97.417
10 34 92.358
10 35 37.483
10 36 60.836
10 37 53.907
10 38 17.493
10 39 38.013
10 40 89.14
10 41 43.932
10 42 75.186
10 43 66.287
10 44 93.915
10 45 78.549
10 46 13.038
10 47 91.269
10 48 18.385
10 49 73.246
10 50 44.598
10 51 11.705
10 52 24.759
10 53 56.036
10 54 81.006
10 55 70.385
10 56 26.0
10 57 84.694
10 58 36.715
10 59 64.195
10 60 50.488
10 61 24.352
10 62 36.401
10 63 27.0
10 64 55.444
10 65 57.079
10 66 59.414
10 67 37.443
10 68 46.819
10 69 75.472
10 70 51.157
10 71 68.015
10 72 55.66
10 73 54.571
10 74 58.694
10 75 67.357
10 76 59.933
10 77 41.437
10 78 72.719
10 79 56.08
10 80 33.377
10 81 76.059
10 82 72.173
10 83 28.302
10 84 83.63
10 85 26.0
10 86 57.219
10 87 57.28
10 88 37.216
10 89 61.4
10 90 60.605
10 91 29.017
10 92 79.31
10 93 52.612
10 94 20.0
10 95 52.326
10 96 77.524
10 97 13.892
10 98 36.497
10 99 82.861
10 100 39.205
11 21 17 14
11 12 55.66
11 13 85.586
11 14 15.62
11 15 72.339
11 16 49.497
11 17 62.177
11 18 20.881
11 19 53.6
11 20 21.024
11 21 73.498
11 22 28.231
11 23 62.008
11 24 67.897
11 25 51.614
11 26 48.703
11 27 23.259
11 28 25.298
11 29 45.541
11 30 63.127
11 31 15.297
11 32 59.464
11 33 16.971
11 34 71.805
11 35 45.88
11 36 47.76
11 37 30.265
11 38 63.53
11 39 70.007
11 40 38.471
11 41 42.426
11 42 21.095
11 43 52.345
11 44 82.037
11 45 10.198
11 46 68.0
11 47 50.16
11 48 81.043
11 49 9.0
11 50 82.855
11 51 80.056
11 52 78.518
11 53 39.925
11 54 78.0
11 55 13.416
11 56 96.26
11 57 9.22
11 58 44.294
11 59 34.713
11 60 78.772
11 61 80.604
11 62 50.01
11 63 58.796
11 64 28.284
11 65 38.626
11 66 87.316
11 67 43.863
11 68 99.569
11 69 79.31
11 70 75.954
11 71 28.636
11 72 58.822
11 73 31.623
11 74 85.094
11 75 19.313
11 76 67.186
11 77 57.0
11 78 77.524
11 79 42.953
11 80 76.236
11 81 75.107
11 82 44.011
11 83 57.974
11 84 76.105
11 85 59.548
11 86 46.174
11 87 57.28
11 88 75.027
11 89 35.44
11 90 23.087
11 91 99.035
11 92 70.029
11 93 64.327
11 94 75.007
11 95 66.483
11 96 48.374
11 97 67.119
11 98 99.247
11 99 64.498
11 100 67.0
12 4 70 17
12 13 76.531
12 14 70.385
12 15 100.185
12 16 55.027
12 17 46.043
12 18 47.096
12 19 4.123
12 20 66.03
12 21 58.549
12 22 77.104
12 23 20.125
12 24 15.232
12 25 48.27
12 26 33.734
12 27 32.757
12 28 30.364
12 29 33.526
12 30 58.215
12 31 42.942
12 32 62.37
12 33 65.192
12 34 17.029
12 35 72.945
12 36 92.763
12 37 67.897
12 38 76.538
12 39 101.356
12 40 19.026
12 41 75.432
12 42 35.341
12 43 23.022
12 44 28.284
12 45 45.541
12 46 79.812
12 47 7.616
12 48 99.93
12 49 59.034
12 50 61.033
12 51 95.336
12 52 71.113
12 53 35.777
12 54 30.232
12 55 47.011
12 56 88.814
12 57 48.052
12 58 64.498
12 59 30.61
12 60 114.547
12 61 102.883
12 62 78.772
12 63 62.586
12 64 66.528
12 65 35.355
12 66 55.227
12 67 66.888
12 68 78.0
12 69 35.384
12 70 112.645
12 71 77.936
12 72 35.128
12 73 44.204
12 74 53.339
12 75 42.438
12 76 36.056
12 77 91.022
12 78 35.384
12 79 85.586
12 80 104.202
12 81 30.414
12 82 18.358
12 83 82.298
12 84 26.42
12 85 63.561
12 86 32.28
12 87 99.725
12 88 105.19
12 89 81.056
12 90 64.815
12 91 90.255
12 92 22.672
12 93 103.711
12 94 72.028
12 95 41.976
12 96 12.083
12 97 78.848
12 98 84.9
12 99 14.213
12 100 99.323
13 80 79 10
13 14 88.752
13 15 56.515
13 16 36.125
13 17 30.806
13 18 96.835
13 19 72.691
13 20 73.573
13 21 18.028
13 22 80.112
13 23 58.0
13 24 70.178
13 25 35.228
13 26 45.88
13 27 80.262
13 28 77.026
13 29 47.927
13 30 22.804
13 31 73.11
13 32 26.627
13 33 102.552
13 34 75.425
13 35 51.245
13 36 79.246
13 37 64.846
13 38 32.14
13 39 61.984
13 40 81.933
13 41 58.523
13 42 73.498
13 43 53.935
13 44 74.465
13 45 80.156
13 46 30.017
13 47 80.604
13 48 44.283
13 49 79.649
13 50 20.591
13 51 37.577
13 52 7.071
13 53 50.606
13 54 61.131
13 55 72.863
13 56 12.369
13 57 86.556
13 58 45.618
13 59 59.059
13 60 75.432
13 61 50.16
13 62 52.953
13 63 27.459
13 64 65.765
13 65 51.971
13 66 35.228
13 67 47.927
13 68 21.378
13 69 54.708
13 70 75.71
13 71 81.025
13 72 41.437
13 73 54.562
13 74 34.986
13 75 68.118
13 76 42.107
13 77 62.032
13 78 52.202
13 79 73.007
13 80 58.523
13 81 56.515
13 82 62.642
13 83 47.096
13 84 64.537
13 85 26.926
13 86 48.466
13 87 78.102
13 88 62.097
13 89 76.217
13 90 69.971
13 91 14.318
13 92 61.522
13 93 75.107
13 94 11.705
13 95 35.0
13 96 66.491
13 97 30.0
13 98 14.318
13 99 67.03
13 100 62.514
14 31 5 15
14 15 64.846
14 16 53.235
14 17 69.642
14 18 34.986
14 19 68.007
14 20 15.556
14 21 79.31
14 22 16.031
14 23 74.545
14 24 81.744
14 25 57.585
14 26 58.31
14 27 38.588
14 28 40.249
14 29 55.227
14 30 67.535
14 31 27.893
14 32 62.129
14 33 22.0
14 34 86.023
14 35 42.202
14 36 35.228
14 37 25.612
14 38 62.29
14 39 61.392
14 40 53.852
14 41 36.715
14 42 35.114
14 43 64.125
14 44 95.802
14 45 25.06
14 46 66.603
14 47 65.299
14 48 76.026
14 49 12.042
14 50 89.538
14 51 76.322
14 52 81.835
14 53 49.254
14 54 90.554
14 55 24.331
14 56 98.234
14 57 24.759
14 58 43.932
14 59 46.098
14 60 68.007
14 61 74.465
14 62 44.777
14 63 61.294
14 64 24.083
14 65 48.166
14 66 96.104
14 67 42.426
14 68 105.119
14 69 91.049
14 70 65.0
14 71 16.0
14 72 68.469
14 73 38.833
14 74 93.941
14 75 30.15
14 76 77.318
14 77 48.508
14 78 89.006
14 79 32.14
14 80 68.411
14 81 87.207
14 82 57.07
14 83 53.339
14 84 89.107
14 85 61.855
14 86 56.143
14 87 45.177
14 88 66.491
14 89 24.083
14 90 19.105
14 91 101.213
14 92 82.873
14 93 53.009
14 94 77.421
14 95 75.313
14 96 62.097
14 97 65.856
14 98 102.927
14 99 78.102
14 100 58.249
15 93 24 16
15 16 46.4
15 17 64.444
15 18 92.005
15 19 96.177
15 20 51.624
15 21 62.266
15 22 49.396
15 23 89.811
15 24 102.416
15 25 54.672
15 26 68.242
15 27 83.187
15 28 81.786
15 29 67.417
15 30 51.4
15 31 69.462
15 32 43.278
15 33 86.122
15 34 108.227
15 35 28.636
15 36 35.468
15 37 42.107
15 38 28.018
15 39 6.325
15 40 93.963
15 41 30.017
15 42 75.313
15 43 79.881
15 44 112.699
15 45 74.061
15 46 27.731
15 47 99.925
15 48 16.155
15 49 63.388
15 50 72.014
15 51 21.213
15 52 53.141
15 53 64.413
15 54 101.119
15 55 66.189
15 56 58.009
15 57 79.006
15 58 35.847
15 59 70.385
15 60 18.974
15 61 11.402
15 62 23.195
15 63 42.521
15 64 44.102
15 65 64.846
15 66 85.959
15 67 33.838
15 68 77.878
15 69 97.0
15 70 19.235
15 71 49.769
15 72 72.918
15 73 57.245
15 74 84.723
15 75 65.924
15 76 79.931
15 77 16.553
15 78 94.175
15 79 34.0
15 80 4.123
15 81 96.167
15 82 81.841
15 83 17.889
15 84 102.65
15 85 41.869
15 86 68.797
15 87 28.601
15 88 5.831
15 89 41.629
15 90 49.254
15 91 61.0
15 92 97.185
15 93 21.932
15 94 47.17
15 95 73.0
15 96 88.119
15 97 28.178
15 98 68.359
15 99 98.229
15 100 8.602
16 56 52 7
16 17 20.881
16 18 62.177
16 19 50.922
16 20 38.626
16 21 26.683
16 22 46.872
16 23 43.417
16 24 56.036
16 25 8.602
16 26 21.954
16 27 47.127
16 28 44.385
16 29 21.541
16 30 14.318
16 31 37.736
16 32 10.296
16 33 66.468
16 34 61.855
16 35 23.77
16 36 51.971
16 37 31.401
16 38 21.587
16 39 48.795
16 40 53.009
16 41 29.833
16 42 39.56
16 43 33.615
16 44 66.483
16 45 44.654
16 46 25.179
16 47 56.089
16 48 44.922
16 49 43.6
16 50 37.483
16 51 40.608
16 52 29.069
16 53 20.1
16 54 55.444
16 55 37.014
16 56 46.861
16 57 51.039
16 58 14.56
16 59 28.018
16 60 62.968
16 61 47.927
16 62 28.653
16 63 9.849
16 64 31.78
16 65 21.024
16 66 47.265
16 67 17.72
16 68 52.0
16 69 52.154
16 70 61.717
16 71 47.854
16 72 27.019
16 73 19.235
16 74 45.398
16 75 32.757
16 76 34.986
16 77 41.34
16 78 49.396
16 79 44.553
16 80 50.22
16 81 50.606
16 82 37.108
16 83 29.0
16 84 56.586
16 85 10.77
16 86 22.847
16 87 54.781
16 88 51.856
16 89 45.011
16 90 35.114
16 91 49.578
16 92 50.931
16 93 55.57
16 94 25.612
16 95 29.155
16 96 43.012
16 97 24.187
16 98 50.0
16 99 51.865
16 100 47.424
17 50 72 15
17 18 69.296
17 19 42.107
17 20 56.569
17 21 13.416
17 22 66.068
17 23 28.862
17 24 41.761
17 25 13.038
17 26 15.811
17 27 51.74
17 28 48.27
17 29 18.439
17 30 13.892
17 31 47.707
17 32 21.213
17 33 78.549
17 34 47.434
17 35 44.598
17 36 72.78
17 37 51.01
17 38 36.797
17 39 67.801
17 40 51.478
17 41 50.695
17 42 46.011
17 43 23.195
17 44 49.396
17 45 54.644
17 46 38.601
17 47 49.82
17 48 59.076
17 49 58.523
17 50 20.809
17 51 53.339
17 52 25.08
17 53 22.804
17 54 37.014
17 55 48.765
17 56 43.174
17 57 60.803
17 58 35.44
17 59 30.414
17 60 82.201
17 61 63.411
17 62 49.244
17 63 21.932
17 64 51.01
17 65 24.207
17 66 27.019
17 67 38.601
17 68 38.21
17 69 32.558
17 70 81.271
17 71 67.067
17 72 11.045
17 73 31.016
17 74 25.0
17 75 43.046
17 76 15.62
17 77 61.717
17 78 29.732
17 79 65.307
17 80 67.897
17 81 32.016
17 82 31.953
17 83 48.26
17 84 39.115
17 85 22.627
17 86 18.601
17 87 75.611
17 88 70.178
17 89 65.192
17 90 53.339
17 91 44.922
17 92 34.438
17 93 76.026
17 94 26.306
17 95 8.602
17 96 35.693
17 97 37.802
17 98 41.183
17 99 38.079
17 100 66.851
18 1 23 1
18 19 46.53
18 20 41.593
18 21 82.134
18 22 49.041
18 23 59.808
18 24 61.66
18 25 61.612
18 26 53.814
18 27 18.028
18 28 21.633
18 29 50.931
18 30 74.061
18 31 24.698
18 32 72.471
18 33 19.698
18 34 64.125
18 35 64.382
18 36 68.622
18 37 50.04
18 38 79.699
18 39 90.139
18 40 28.071
18 41 62.0
18 42 23.431
18 43 52.839
18 44 75.326
18 45 18.439
18 46 84.119
18 47 40.0
18 48 99.298
18 49 29.614
18 50 89.872
18 51 97.514
18 52 89.872
18 53 46.755
18 54 74.726
18 55 26.683
18 56 108.453
18 57 13.0
18 58 60.877
18 59 38.897
18 60 99.464
18 61 99.504
18 62 69.116
18 63 72.007
18 64 48.042
18 65 45.343
18 66 90.973
18 67 61.188
18 68 107.49
18 69 77.833
18 70 96.69
18 71 49.396
18 72 62.801
18 73 42.942
18 74 88.752
18 75 29.547
18 76 69.642
18 77 77.233
18 78 76.694
18 79 63.789
18 80 96.0
18 81 73.055
18 82 42.485
18 83 76.531
18 84 71.805
18 85 72.897
18 86 50.99
18 87 78.16
18 88 95.084
18 89 56.321
18 90 43.186
18 91 110.941
18 92 66.483
18 93 85.147
18 94 87.464
18 95 71.218
18 96 44.272
18 97 83.169
18 98 109.481
18 99 59.228
18 100 87.207
19 8 69 9
19 20 62.968
19 21 54.745
19 22 74.095
19 23 17.205
19 24 15.133
19 25 44.147
19 26 29.614
19 27 31.145
19 28 28.443
19 29 29.411
19 30 54.148
19 31 40.311
19 32 58.249
19 33 64.008
19 34 18.248
19 35 69.065
19 36 89.376
19 37 64.444
19 38 72.422
19 39 97.417
19 40 18.682
19 41 71.701
19 42 32.894
19 43 19.0
19 44 29.0
19 45 43.417
19 46 75.69
19 47 9.22
19 48 95.818
19 49 56.462
19 50 57.585
19 51 91.214
19 52 67.186
19 53 31.765
19 54 29.069
19 55 44.283
19 56 85.0
19 57 46.39
19 58 60.539
19 59 26.907
19 60 110.68
19 61 98.793
19 62 74.887
19 63 58.464
19 64 63.127
19 65 31.385
19 66 52.431
19 67 62.968
19 68 74.733
19 69 33.601
19 70 108.812
19 71 74.947
19 72 31.257
19 73 40.46
19 74 50.478
19 75 39.446
19 76 32.696
19 77 87.201
19 78 33.302
19 79 82.134
19 80 100.185
19 81 28.601
19 82 14.422
19 83 78.294
19 84 25.632
19 85 59.439
19 86 28.16
19 87 96.167
19 88 101.213
19 89 77.801
19 90 61.612
19 91 86.493
19 92 21.095
19 93 100.005
19 94 68.007
19 95 38.328
19 96 8.062
19 97 74.726
19 98 81.32
19 99 13.0
19 100 95.415
20 42 16 18
20 21 65.146
20 22 11.18
20 23 66.098
20 24 75.153
20 25 43.932
20 26 47.265
20 27 38.013
20 28 38.288
20 29 44.407
20 30 52.924
20 31 24.083
20 32 47.011
20 33 34.785
20 34 80.062
20 35 26.926
20 36 28.302
20 37 10.296
20 38 46.755
20 39 49.041
20 40 52.402
20 41 22.136
20 42 31.828
20 43 55.082
20 44 88.769
20 45 25.495
20 46 51.088
20 47 62.37
20 48 61.465
20 49 12.042
20 50 75.69
20 51 61.294
20 52 66.731
20 53 38.471
20 54 81.744
20 55 19.849
20 56 82.801
20 57 28.862
20 58 28.425
20 59 37.696
20 60 57.871
20 61 60.44
20 62 30.083
20 63 46.141
20 64 8.602
20 65 37.656
20 66 83.487
20 67 26.87
20 68 90.62
20 69 81.216
20 70 55.109
20 71 12.083
20 72 57.079
20 73 27.166
20 74 81.394
20 75 23.601
20 76 66.121
20 77 36.014
20 78 78.918
20 79 22.472
20 80 55.444
20 81 77.878
20 82 50.09
20 83 38.484
20 84 80.957
20 85 46.648
20 86 45.541
20 87 37.162
20 88 54.083
20 89 15.811
20 90 3.606
20 91 85.802
20 92 74.632
20 93 43.681
20 94 62.129
20 95 63.071
20 96 55.946
20 97 50.329
20 98 87.818
20 99 71.176
20 100 46.011
21 62 78 14
21 22 73.546
21 23 40.012
21 24 52.345
21 25 21.954
21 26 29.155
21 27 64.815
21 28 61.4
21 29 31.623
21 30 13.0
21 31 59.666
21 32 21.213
21 33 90.211
21 34 57.706
21 35 48.094
21 36 77.104
21 37 58.052
21 38 34.438
21 39 66.641
21 40 64.885
21 41 55.009
21 42 58.728
21 43 36.139
21 44 57.585
21 45 66.708
21 46 34.67
21 47 62.817
21 48 53.759
21 49 68.884
21 50 11.0
21 51 47.381
21 52 13.601
21 53 35.384
21 54 44.385
21 55 60.216
21 56 30.265
21 57 73.0
21 58 40.05
21 59 43.417
21 60 80.951
21 61 58.898
21 62 51.624
21 63 22.204
21 64 58.464
21 65 36.797
21 66 23.707
21 67 43.012
21 68 26.077
21 69 38.471
21 70 80.529
21 71 74.525
21 72 23.537
21 73 41.881
21 74 22.472
21 75 54.818
21 76 24.331
21 77 63.063
21 78 35.777
21 79 70.007
21 80 65.192
21 81 39.56
21 82 45.31
21 83 48.384
21 84 47.434
21 85 22.361
21 86 31.906
21 87 78.262
21 88 68.096
21 89 71.344
21 90 61.685
21 91 31.78
21 92 43.932
21 93 77.201
21 94 17.205
21 95 17.029
21 96 48.765
21 97 34.132
21 98 27.785
21 99 49.092
21 100 66.31
22 47 6 18
22 23 77.162
22 24 86.331
22 25 53.151
22 26 57.871
22 27 48.166
22 28 48.795
22 29 55.109
22 30 60.877
22 31 34.713
22 32 54.083
22 33 38.013
22 34 91.241
22 35 30.0
22 36 19.647
22 37 15.524
22 38 50.804
22 39 45.607
22 40 62.936
22 41 23.345
22 42 42.521
22 43 66.098
22 44 99.925
22 45 35.0
22 46 54.818
22 47 73.246
22 48 61.587
22 49 20.248
22 50 84.345
22 51 62.626
22 52 73.539
22 53 49.244
22 54 92.72
22 55 30.48
22 56 88.323
22 57 37.121
22 58 34.54
22 59 48.847
22 60 52.0
22 61 59.481
22 62 31.145
22 63 53.141
22 64 15.133
22 65 48.508
22 66 93.086
22 67 32.202
22 68 98.372
22 69 91.984
22 70 49.01
22 71 1.0
22 72 67.476
22 73 37.855
22 74 91.049
22 75 34.67
22 76 76.531
22 77 32.894
22 78 89.627
22 79 16.125
22 80 52.811
22 81 88.769
22 82 61.27
22 83 39.699
22 84 92.027
22 85 53.488
22 86 56.294
22 87 29.428
22 88 50.695
22 89 8.062
22 90 13.342
22 91 91.417
22 92 85.703
22 93 37.054
22 94 68.447
22 95 73.027
22 96 67.119
22 97 54.203
22 98 94.43
22 99 82.347
22 100 42.45
23 22 79 15
23 24 13.0
23 25 35.228
23 26 21.932
23 27 42.45
23 28 39.051
23 29 23.601
23 30 42.379
23 31 47.043
23 32 48.301
23 33 75.133
23 34 18.788
23 35 65.192
23 36 89.554
23 37 64.846
23 38 63.632
23 39 92.098
23 40 33.838
23 41 69.405
23 42 41.11
23 43 11.18
23 44 23.601
23 45 52.086
23 46 66.189
23 47 26.401
23 48 86.77
23 49 62.514
23 50 41.231
23 51 81.437
23 52 53.235
23 53 28.653
23 54 16.031
23 55 50.249
23 56 70.064
23 57 56.569
23 58 55.902
23 59 28.636
23 60 106.104
23 61 90.554
23 62 70.767
23 63 48.765
23 64 63.977
23 65 29.069
23 66 35.228
23 67 58.796
23 68 57.94
23 69 18.028
23 70 104.652
23 71 78.109
23 72 18.028
23 73 39.812
23 74 33.287
23 75 44.407
23 76 16.279
23 77 83.546
23 78 17.0
23 79 81.988
23 80 93.6
23 81 13.342
23 82 18.111
23 83 72.346
23 84 14.866
23 85 49.649
23 86 22.204
23 87 94.868
23 88 95.268
23 89 79.202
23 90 63.906
23 91 71.253
23 92 8.544
23 93 97.309
23 94 55.109
23 95 23.0
23 96 15.652
23 97 65.299
23 98 65.307
23 99 9.22
23 100 90.554
24 10 84 13
24 25 48.021
24 26 34.205
24 27 46.011
24 28 43.105
24 29 35.384
24 30 55.362
24 31 53.852
24 32 61.27
24 33 79.006
24 34 5.831
24 35 77.078
24 36 100.125
24 37 75.166
24 38 76.538
24 39 104.484
24 40 33.734
24 41 80.808
24 42 46.872
24 43 22.672
24 44 14.142
24 45 57.706
24 46 79.158
24 47 22.847
24 48 99.73
24 49 69.921
24 50 52.24
24 51 94.43
24 52 65.765
24 53 39.699
24 54 15.556
24 55 57.567
24 56 82.024
24 57 61.131
24 58 67.941
24 59 37.59
24 60 118.343
24 61 103.446
24 62 82.759
24 63 61.717
24 64 74.095
24 65 39.825
24 66 43.658
24 67 70.725
24 68 67.912
24 69 21.633
24 70 116.778
24 71 87.235
24 72 31.016
24 73 50.22
24 74 42.059
24 75 52.202
24 76 28.071
24 77 95.462
24 78 22.361
24 79 92.655
24 80 106.254
24 81 17.0
24 82 25.08
24 83 84.812
24 84 11.402
24 85 62.61
24 86 33.971
24 87 106.042
24 88 107.801
24 89 89.185
24 90 73.355
24 91 83.006
24 92 9.487
24 93 108.977
24 94 67.912
24 95 35.355
24 96 19.647
24 97 78.262
24 98 76.42
24 99 4.243
24 100 102.825
25 51 59 13
25 26 14.56
25 27 45.177
25 28 42.048
25 29 15.033
25 30 12.53
25 31 38.184
25 32 14.142
25 33 68.411
25 34 53.852
25 35 32.202
25 36 59.908
25 37 38.0
25 38 28.636
25 39 57.28
25 40 48.662
25 41 37.947
25 42 38.275
25 43 26.0
25 44 58.052
25 45 45.255
25 46 31.623
25 47 50.16
25 48 52.0
25 49 46.957
25 50 31.953
25 51 47.127
25 52 28.302
25 53 15.811
25 54 46.861
25 55 38.419
25 56 47.011
25 57 51.624
25 58 22.847
25 59 24.352
25 60 71.505
25 61 55.471
25 62 37.216
25 63 14.318
25 64 38.053
25 65 17.088
25 66 40.0
25 67 26.0
25 68 48.021
25 69 43.566
25 70 70.292
25 71 54.148
25 72 18.439
25 73 20.0
25 74 38.013
25 75 33.242
25 76 26.42
25 77 49.93
25 78 40.817
25 79 52.393
25 80 58.412
25 81 42.012
25 82 31.064
25 83 37.483
25 84 48.083
25 85 15.297
25 86 16.125
25 87 63.159
25 88 60.208
25 89 52.154
25 90 40.608
25 91 49.396
25 92 42.521
25 93 64.14
25 94 26.571
25 95 20.881
25 96 36.497
25 97 30.676
25 98 48.104
25 99 43.909
25 100 55.973
26 37 63 16
26 27 36.069
26 28 32.558
26 29 3.162
26 30 25.08
26 31 33.615
26 32 28.636
26 33 64.405
26 34 40.0
26 35 43.278
26 36 68.447
26 37 44.272
26 38 43.081
26 39 70.292
26 40 36.056
26 41 47.707
26 42 30.806
26 43 11.662
26 44 45.453
26 45 40.249
26 46 46.174
26 47 36.0
26 48 66.483
26 49 46.53
26 50 36.069
26 51 61.685
26 52 39.56
26 53 9.055
26 54 35.777
26 55 35.44
26 56 58.189
26 57 46.141
26 58 33.971
26 59 15.0
26 60 84.22
26 61 69.778
26 62 48.836
26 63 28.862
26 64 43.681
26 65 10.198
26 66 38.626
26 67 36.878
26 68 53.759
26 69 34.205
26 70 82.735
26 71 58.856
26 72 10.198
26 73 20.1
26 74 36.401
26 75 29.411
26 76 19.026
26 77 61.62
26 78 31.78
26 79 60.836
26 80 72.111
26 81 31.385
26 82 17.117
26 83 50.606
26 84 36.056
26 85 29.833
26 86 2.828
26 87 73.246
26 88 73.6
26 89 58.822
26 90 44.553
26 91 60.166
26 92 30.0
26 93 75.432
26 94 39.319
26 95 17.889
26 96 22.091
26 97 45.222
26 98 56.939
26 99 30.0
26 100 68.68
27 11 38 6
27 28 3.606
27 29 33.302
27 30 57.706
27 31 14.318
27 32 57.245
27 33 33.061
27 34 49.366
27 35 54.589
27 36 66.287
27 37 43.463
27 38 66.611
27 39 82.462
27 40 15.264
27 41 54.12
27 42 8.0
27 43 34.886
27 44 60.075
27 45 13.601
27 46 70.859
27 47 26.926
27 48 88.006
27 49 28.32
27 50 72.125
27 51 85.288
27 52 73.43
27 53 29.682
27 54 57.871
27 55 18.358
27 56 92.179
27 57 15.297
27 58 49.0
27 59 21.401
27 60 93.638
27 61 89.14
27 62 60.017
27 63 56.921
27 64 41.629
27 65 28.302
27 66 72.945
27 67 50.09
27 68 89.828
27 69 60.44
27 70 91.181
27 71 48.836
27 72 44.822
27 73 28.443
27 74 70.725
27 75 17.263
27 76 51.624
27 77 70.214
27 78 59.135
27 79 60.033
27 80 87.298
27 81 55.785
27 82 24.698
27 83 66.272
27 84 55.326
27 85 57.871
27 86 33.242
27 87 74.793
27 88 87.098
27 89 53.824
27 90 38.079
27 91 94.515
27 92 49.649
27 93 80.529
27 94 71.589
27 95 53.263
27 96 27.295
27 97 69.871
27 98 92.418
27 99 43.046
27 100 79.812
28 13 41 17
28 29 29.833
28 30 54.562
28 31 14.213
28 32 54.406
28 33 36.222
28 34 46.69
28 35 53.151
28 36 66.4
28 37 42.942
28 38 64.281
28 39 81.32
28 40 14.142
28 41 53.141
28 42 6.708
28 43 31.305
28 44 57.219
28 45 15.232
28 46 68.469
28 47 25.06
28 48 86.023
28 49 29.411
28 50 68.593
28 51 83.096
28 52 70.235
28 53 26.42
28 54 54.589
28 55 18.439
28 56 89.006
28 57 18.028
28 58 47.096
28 59 18.028
28 60 92.849
28 61 87.367
28 62 58.694
28 63 54.12
28 64 41.183
28 65 25.06
28 66 69.34
28 67 48.374
28 68 86.313
28 69 57.009
28 70 90.471
28 71 49.518
28 72 41.231
28 73 26.077
28 74 67.119
28 75 16.155
28 76 48.021
28 77 69.289
28 78 55.66
28 79 59.908
28 80 85.907
28 81 52.393
28 82 21.19
28 83 64.63
28 84 52.154
28 85 55.082
28 86 29.732
28 87 74.626
28 88 85.866
28 89 54.037
28 90 38.013
28 91 91.302
28 92 46.39
28 93 80.062
28 94 68.542
28 95 49.679
28 96 24.083
28 97 67.476
28 98 89.051
28 99 40.0
28 100 78.746
29 36 60 19
29 30 26.476
29 31 30.463
29 32 29.155
29 33 61.27
29 34 41.11
29 35 41.725
29 36 66.189
29 37 41.785
29 38 43.012
29 39 69.203
29 40 34.205
29 41 45.804
29 42 27.803
29 43 12.728
29 44 47.202
29 45 37.121
29 46 46.325
29 47 35.128
29 48 66.408
29 49 43.417
29 50 38.949
29 51 61.847
29 52 41.437
29 53 6.0
29 54 38.079
29 55 32.28
29 56 60.166
29 57 43.046
29 58 32.558
29 59 12.042
29 60 82.976
29 61 69.462
29 62 47.381
29 63 29.275
29 64 41.11
29 65 7.071
29 66 41.785
29 67 35.355
29 68 56.569
29 69 36.878
29 70 81.394
29 71 56.089
29 72 13.342
29 73 17.263
29 74 39.56
29 75 26.249
29 76 22.091
29 77 60.108
29 78 34.525
29 79 58.592
29 80 71.344
29 81 33.838
29 82 16.031
29 83 49.649
29 84 38.079
29 85 30.265
29 86 1.414
29 87 71.281
29 88 72.67
29 89 56.303
29 90 41.773
29 91 62.241
29 92 31.906
29 93 73.756
29 94 40.792
29 95 21.024
29 96 21.587
29 97 45.354
29 98 59.363
29 99 31.145
29 100 67.476
30 62 65 8
30 31 50.329
30 32 8.544
30 33 80.056
30 34 61.098
30 35 35.128
30 36 64.125
30 37 45.354
30 38 23.431
30 39 55.227
30 40 60.638
30 41 42.012
30 42 50.774
30 43 35.228
30 44 63.285
30 45 57.385
30 46 24.839
30 47 61.033
30 48 45.222
30 49 57.689
30 50 24.0
30 51 39.446
30 52 15.811
30 53 28.231
30 54 50.804
30 55 50.21
30 56 34.482
30 57 63.781
30 58 27.074
30 59 36.77
30 60 69.642
30 61 49.679
30 62 38.833
30 63 9.487
30 64 45.88
30 65 29.547
30 66 35.735
30 67 30.017
30 68 37.696
30 69 46.011
30 70 68.964
30 71 61.847
30 72 24.352
30 73 31.828
30 74 34.176
30 75 45.343
30 76 29.411
30 77 50.596
30 78 43.186
30 79 57.009
30 80 54.672
30 81 45.804
30 82 42.19
30 83 36.249
30 84 53.0
30 85 9.849
30 86 27.295
30 87 65.513
30 88 57.201
30 89 58.421
30 90 49.396
30 91 36.892
30 92 48.301
30 93 64.846
30 94 14.318
30 95 22.023
30 96 47.0
30 97 24.083
30 98 36.125
30 99 51.546
30 100 54.589
31 24 32 5
31 32 48.021
31 33 30.887
31 34 58.189
31 35 41.049
31 36 52.202
31 37 29.155
31 38 55.082
31 39 68.447
31 40 28.32
31 41 40.025
31 42 7.81
31 43 37.121
31 44 67.912
31 45 7.071
31 46 59.481
31 47 38.601
31 48 75.326
31 49 16.155
31 50 68.505
31 51 73.164
31 52 66.068
31 53 25.06
31 54 63.071
31 55 4.243
31 56 84.404
31 57 13.454
31 58 36.497
31 59 19.416
31 60 79.379
31 61 76.007
31 62 46.271
31 63 47.508
31 64 27.313
31 65 23.707
31 66 72.236
31 67 37.121
31 68 85.604
31 69 64.125
31 70 76.896
31 71 35.468
31 72 43.658
31 73 18.601
31 74 70.007
31 75 5.0
31 76 51.923
31 77 56.045
31 78 62.29
31 79 45.793
31 80 73.553
31 81 60.008
31 82 29.275
31 83 53.0
31 84 61.4
31 85 48.374
31 86 31.016
31 87 60.539
31 88 73.164
31 89 39.825
31 90 23.854
31 91 87.006
31 92 55.227
31 93 66.212
31 94 63.246
31 95 51.478
31 96 34.205
31 97 58.523
31 98 86.279
31 99 50.22
31 100 65.734
32 65 57 17
32 33 76.42
32 34 67.082
32 35 27.0
32 36 56.009
32 37 38.626
32 38 15.62
32 39 46.872
32 40 62.29
32 41 34.059
32 42 49.769
32 43 39.85
32 44 70.214
32 45 54.918
32 46 17.889
32 47 64.281
32 48 38.471
32 49 53.151
32 50 32.14
32 51 33.242
32 52 19.723
32 53 29.155
32 54 58.138
32 55 47.202
32 56 36.797
32 57 61.294
32 58 19.647
32 59 37.483
32 60 61.294
32 61 42.438
32 62 30.414
32 63 1.0
32 64 39.395
32 65 30.265
32 66 44.272
32 67 22.361
32 68 44.385
32 69 53.759
32 70 60.539
32 71 55.027
32 72 30.529
32 73 29.53
32 74 42.72
32 75 43.046
32 76 36.797
32 77 42.059
32 78 50.931
32 79 49.041
32 80 46.69
32 81 53.151
32 82 45.177
32 83 27.731
32 84 60.0
32 85 1.414
32 86 30.265
32 87 57.07
32 88 49.041
32 89 50.99
32 90 43.417
32 91 39.598
32 92 54.918
32 93 56.303
32 94 15.556
32 95 29.732
32 96 50.636
32 97 17.0
32 98 40.817
32 99 57.271
32 100 46.141
33 9 5 18
33 34 82.098
33 35 61.327
33 36 57.14
33 37 44.944
33 38 79.925
33 39 83.024
33 40 46.39
33 41 56.921
33 42 34.482
33 43 66.483
33 44 93.005
33 45 24.166
33 46 84.38
33 47 58.549
33 48 96.208
33 49 24.187
33 50 99.323
33 51 95.755
33 52 95.483
33 53 55.946
33 54 90.796
33 55 30.0
33 56 113.217
33 57 18.682
33 58 60.745
33 59 49.769
33 60 90.006
33 61 95.21
33 62 64.846
33 63 75.743
33 64 43.081
33 65 54.589
33 66 102.956
33 67 60.033
33 68 116.25
33 69 92.962
33 70 87.0
33 71 38.0
33 72 74.324
33 73 48.415
33 74 100.722
33 75 35.511
33 76 82.28
33 77 70.036
33 78 91.444
33 79 54.083
33 80 89.822
33 81 88.459
33 82 57.07
33 83 73.164
33 84 88.363
33 85 76.485
33 86 61.741
33 87 67.119
33 88 88.119
33 89 46.043
33 90 37.696
33 91 116.0
33 92 82.608
33 93 75.007
33 94 91.967
33 95 82.292
33 96 60.299
33 97 83.528
33 98 116.181
33 99 76.105
33 100 79.906
34 5 87 18
34 35 82.759
34 36 105.437
34 37 80.449
34 38 82.365
34 39 110.259
34 40 36.056
34 41 86.371
34 42 50.961
34 43 28.425
34 44 11.402
34 45 61.612
34 46 84.971
34 47 24.331
34 48 105.546
34 49 74.33
34 50 57.035
34 51 100.225
34 52 71.197
34 53 45.277
34 54 17.889
34 55 62.032
34 56 87.144
34 57 64.63
34 58 73.661
34 59 42.72
34 60 124.085
34 61 109.275
34 62 88.459
34 63 67.535
34 64 79.322
34 65 45.343
34 66 47.539
34 67 76.42
34 68 72.18
34 69 24.698
34 70 122.495
34 71 92.13
34 72 36.77
34 73 55.606
34 74 46.098
34 75 56.859
34 76 33.377
34 77 101.139
34 78 25.962
34 79 98.005
34 80 112.071
34 81 20.616
34 82 30.017
34 83 90.604
34 84 13.416
34 85 68.425
34 86 39.699
34 87 111.521
34 88 113.6
34 89 94.34
34 90 78.39
34 91 88.023
34 92 14.0
34 93 114.586
34 94 73.498
34 95 40.792
34 96 24.166
34 97 84.077
34 98 81.154
34 99 10.0
34 100 108.577
35 65 30 5
35 36 29.017
35 37 16.643
35 38 20.809
35 39 28.636
35 40 65.46
35 41 7.28
35 42 46.69
35 43 54.452
35 44 88.73
35 45 46.098
35 46 24.839
35 47 72.007
35 48 35.171
35 49 37.336
35 50 59.076
35 51 34.438
35 52 45.122
35 53 37.643
35 54 78.492
35 55 38.013
35 56 58.592
35 57 51.478
35 58 9.434
35 59 42.544
35 60 41.617
35 61 35.128
35 62 5.831
35 63 26.0
35 64 18.358
35 65 37.802
35 66 70.406
35 67 6.403
35 68 70.859
35 69 75.664
35 70 39.825
35 71 30.806
35 72 50.249
35 73 29.069
35 74 68.659
35 75 37.336
35 76 58.592
35 77 18.385
35 78 72.945
35 79 22.091
35 80 32.757
35 81 73.783
35 82 54.644
35 83 12.166
35 84 79.202
35 85 26.019
35 86 43.139
35 87 31.016
35 88 32.894
35 89 25.08
35 90 23.707
35 91 61.717
35 92 73.246
35 93 32.202
35 94 39.56
35 95 52.924
35 96 61.033
35 97 24.207
35 98 65.46
35 99 72.835
35 100 26.42
36 66 1 10
36 37 25.0
36 38 47.297
36 39 30.232
36 40 80.43
36 41 22.204
36 42 59.816
36 43 78.39
36 44 113.018
36 45 53.712
36 46 50.289
36 47 89.828
36 48 50.329
36 49 39.395
36 50 88.091
36 51 53.254
36 52 73.553
36 53 60.902
36 54 104.216
36 55 48.01
36 56 85.071
36 57 56.462
36 58 37.483
36 59 62.801
36 60 33.377
36 61 46.69
36 62 26.306
36 63 55.009
36 64 26.249
36 65 60.539
36 66 99.141
36 67 34.366
36 68 99.504
36 69 102.318
36 70 30.265
36 71 19.416
36 72 76.896
36 73 49.93
36 74 97.324
36 75 50.99
36 76 85.703
36 77 20.0
36 78 99.725
36 79 7.616
36 80 38.013
36 81 99.81
36 82 75.604
36 83 32.894
36 84 104.235
36 85 55.0
36 86 67.535
36 87 10.0
36 88 34.986
36 89 12.53
36 90 28.425
36 91 88.233
36 92 98.005
36 93 18.248
36 94 67.742
36 95 80.777
36 96 81.835
36 97 50.0
36 98 93.172
36 99 95.964
36 100 27.203
37 51 21 15
37 38 36.77
37 39 40.112
37 40 56.604
37 41 12.166
37 42 36.235
37 43 53.666
37 44 88.193
37 45 32.558
37 46 41.037
37 47 65.299
37 48 51.264
37 49 21.378
37 50 68.884
37 51 51.0
37 52 58.181
37 53 36.249
37 54 79.85
37 55 25.298
37 56 73.498
37 57 37.054
37 58 19.235
37 59 37.802
37 60 50.289
37 61 50.448
37 62 19.925
37 63 37.696
37 64 2.0
37 65 35.777
37 66 78.0
37 67 17.205
37 68 82.861
37 69 78.447
37 70 47.76
37 71 16.492
37 72 53.367
37 73 25.06
37 74 76.007
37 75 26.926
37 76 62.37
37 77 27.295
37 78 75.961
37 79 17.692
37 80 46.043
37 81 75.611
37 82 50.606
37 83 28.231
37 84 79.624
37 85 38.079
37 86 43.081
37 87 32.016
37 88 45.044
37 89 14.56
37 90 7.28
37 91 76.551
37 92 73.348
37 93 37.121
37 94 53.235
37 95 58.31
37 96 56.851
37 97 40.311
37 98 79.158
37 99 71.021
37 100 37.216
38 77 47 14
38 39 32.202
38 40 74.108
38 41 27.785
38 42 58.694
38 43 54.626
38 44 85.802
38 45 61.351
38 46 4.472
38 47 77.666
38 48 23.409
38 49 55.758
38 50 44.598
38 51 19.105
38 52 27.074
38 53 41.593
38 54 73.756
38 55 53.141
38 56 38.079
38 57 67.417
38 58 19.235
38 59 49.163
38 60 46.53
38 61 26.926
38 62 21.19
38 63 15.0
38 64 38.21
38 65 42.426
38 66 58.138
38 67 20.0
38 68 53.009
38 69 69.296
38 70 46.098
38 71 51.614
38 72 46.043
38 73 38.21
38 74 56.824
38 75 50.448
38 76 52.402
38 77 30.017
38 78 66.468
38 79 41.437
38 80 31.241
38 81 68.768
38 82 58.694
38 83 15.0
38 84 75.604
38 85 14.213
38 86 44.272
38 87 46.011
38 88 33.838
38 89 45.651
38 90 43.278
38 91 41.231
38 92 70.456
38 93 43.566
38 94 21.024
38 95 45.255
38 96 64.56
38 97 3.606
38 98 45.891
38 99 72.471
38 100 31.953
39 91 18 3
39 40 93.984
39 41 28.443
39 42 74.726
39 43 81.835
39 44 115.278
39 45 72.56
39 46 32.573
39 47 100.623
39 48 22.472
39 49 61.008
39 50 76.694
39 51 27.459
39 52 58.241
39 53 65.734
39 54 104.062
39 55 64.938
39 56 64.008
39 57 77.162
39 58 36.892
39 59 71.12
39 60 14.422
39 61 17.493
39 62 22.847
39 63 46.043
39 64 42.107
39 65 66.038
39 66 90.338
39 67 34.482
39 68 83.361
39 69 100.265
39 70 13.928
39 71 45.88
39 72 75.69
39 73 57.697
39 74 89.006
39 75 65.253
39 76 83.096
39 77 13.038
39 78 97.453
39 79 29.732
39 80 7.81
39 81 99.156
39 82 83.006
39 83 19.799
39 84 105.361
39 85 45.486
39 86 70.605
39 87 22.672
39 88 5.099
39 89 37.643
39 90 47.011
39 91 67.03
39 92 99.725
39 93 15.652
39 94 52.202
39 95 76.4
39 96 89.359
39 97 32.894
39 98 74.169
39 99 100.265
39 100 3.162
40 3 51 10
40 41 66.212
40 42 20.616
40 43 30.0
40 44 47.265
40 45 28.844
40 46 78.026
40 47 12.166
40 48 96.747
40 49 43.417
40 50 70.178
40 51 93.193
40 52 75.584
40 53 33.136
40 54 47.539
40 55 32.558
40 56 94.244
40 57 30.083
40 58 58.464
40 59 25.0
40 60 106.024
40 61 98.656
40 62 71.169
40 63 62.201
40 64 54.918
40 65 32.062
40 66 67.882
40 67 60.166
40 68 87.92
40 69 51.478
40 70 103.755
40 71 63.655
40 72 42.19
40 73 36.878
40 74 65.765
40 75 29.682
40 76 46.755
40 77 82.347
40 78 50.774
40 79 73.817
40 80 98.082
40 81 46.53
40 82 19.723
40 83 76.4
40 84 44.272
40 85 63.198
40 86 33.526
40 87 88.482
40 88 98.351
40 89 68.118
40 90 52.01
40 91 96.208
40 92 39.395
40 93 93.648
40 94 74.953
40 95 50.478
40 96 18.439
40 97 77.026
40 98 92.574
40 99 31.623
40 100 91.548
41 63 23 4
41 42 46.487
41 43 58.412
41 44 93.005
41 45 44.181
41 46 31.623
41 47 73.783
41 48 39.395
41 49 33.541
41 50 66.008
41 51 39.661
41 52 52.393
41 53 41.11
41 54 83.355
41 55 36.497
41 56 65.742
41 57 49.0
41 58 15.297
41 59 44.822
41 60 39.812
41 61 38.328
41 62 8.062
41 63 33.061
41 64 14.142
41 65 41.037
41 66 76.942
41 67 12.166
41 68 78.09
41 69 80.957
41 70 37.59
41 71 24.083
41 72 55.462
41 73 31.241
41 74 75.133
41 75 37.0
41 76 64.078
41 77 16.155
41 78 78.294
41 79 15.0
41 80 34.0
41 81 78.772
41 82 57.385
41 83 16.643
41 84 83.762
41 85 33.136
41 86 47.202
41 87 25.554
41 88 33.242
41 89 17.889
41 90 19.416
41 91 68.877
41 92 77.666
41 93 28.32
41 94 46.84
41 95 58.822
41 96 63.781
41 97 31.064
41 98 72.732
41 99 76.577
41 100 25.71
42 19 38 8
42 43 32.016
42 44 61.0
42 45 11.0
42 46 62.968
42 47 30.806
42 48 80.006
42 49 23.707
42 50 66.708
42 51 77.318
42 52 66.573
42 53 23.345
42 54 57.035
42 55 12.042
42 56 85.235
42 57 15.811
42 58 41.0
42 59 15.811
42 60 86.163
42 61 81.154
42 62 52.173
42 63 49.396
42 64 34.482
42 65 21.932
42 66 68.884
42 67 42.107
42 68 84.22
42 69 58.694
42 70 83.774
42 71 43.278
42 72 40.311
42 73 20.616
42 74 66.648
42 75 9.487
42 76 47.927
42 77 62.626
42 78 57.07
42 79 53.254
42 80 79.429
42 81 54.332
42 82 23.022
42 83 58.31
42 84 55.036
42 85 50.329
42 86 28.018
42 87 67.956
42 88 79.31
42 89 47.508
42 90 31.401
42 91 87.664
42 92 49.0
42 93 73.355
42 94 64.413
42 95 48.549
42 96 27.295
42 97 61.984
42 98 86.052
42 99 43.417
42 100 72.125
43 27 69 2
43 44 34.67
43 45 42.755
43 46 57.585
43 47 26.683
43 48 78.0
43 49 52.086
43 50 40.311
43 51 73.055
43 52 48.26
43 53 17.493
43 54 26.683
43 55 40.0
43 56 66.287
43 57 47.802
43 58 45.277
43 59 18.028
43 60 95.671
43 61 81.394
43 62 60.108
43 63 40.162
43 64 52.802
43 65 17.889
43 66 38.419
43 67 48.083
43 68 57.983
43 69 27.019
43 70 94.112
43 71 67.052
43 72 12.649
43 73 28.636
43 74 36.235
43 75 34.015
43 76 17.029
43 77 72.835
43 78 25.179
43 79 70.831
43 80 83.762
43 81 23.087
43 82 10.63
43 83 62.201
43 84 26.0
43 85 41.11
43 86 11.314
43 87 83.815
43 88 85.212
43 89 68.029
43 90 52.811
43 91 67.912
43 92 19.698
43 93 86.452
43 94 49.01
43 95 20.591
43 96 12.649
43 97 56.648
43 98 63.325
43 99 18.439
43 100 80.156
44 8 98 9
44 45 71.847
44 46 87.92
44 47 35.693
44 48 108.453
44 49 83.934
44 50 54.745
44 51 102.728
44 52 71.169
44 53 52.154
44 54 13.342
44 55 71.568
44 56 85.51
44 57 75.24
44 58 79.398
44 59 51.078
44 60 129.402
44 61 112.645
44 62 94.26
44 63 70.803
44 64 87.235
44 65 52.479
44 66 43.012
44 67 82.329
44 68 68.029
44 69 20.1
44 70 128.035
44 71 100.846
44 72 39.825
44 73 63.135
44 74 42.012
44 75 66.098
44 76 34.0
44 77 107.056
44 78 22.361
44 79 105.475
44 80 116.387
44 81 18.028
44 82 38.897
44 83 95.483
44 84 10.296
44 85 71.61
44 86 45.804
44 87 118.461
44 88 118.258
44 89 102.421
44 90 86.816
44 91 85.988
44 92 15.556
44 93 120.88
44 94 74.324
44 95 41.593
44 96 33.734
44 97 87.092
44 98 78.23
44 99 17.72
44 100 113.846
45 19 27 14
45 46 65.788
45 47 40.249
45 48 80.895
45 49 14.866
45 50 75.452
45 51 79.076
45 52 73.11
45 53 31.906
45 54 68.029
45 55 8.246
45 56 91.4
45 57 6.403
45 58 42.45
45 59 25.632
45 60 82.71
45 61 81.222
45 62 51.0
45 63 54.378
45 64 30.594
45 65 30.529
45 66 78.791
45 67 42.755
45 68 92.617
45 69 69.584
45 70 80.081
45 71 35.609
45 72 50.16
45 73 25.612
45 74 76.557
45 75 12.042
45 76 58.189
45 77 59.841
45 78 67.897
45 79 47.927
45 80 78.102
45 81 65.276
45 82 34.015
45 83 58.215
45 84 66.03
45 85 55.227
45 86 37.577
45 87 62.65
45 88 77.414
45 89 41.183
45 90 26.249
45 91 94.021
45 92 60.0
45 93 68.949
45 94 70.214
45 95 58.138
45 96 38.21
45 97 64.846
45 98 93.349
45 99 54.332
45 100 69.721
46 81 49 18
46 47 81.216
46 48 20.591
46 49 60.208
46 50 44.283
46 51 15.524
46 52 25.71
46 53 45.277
46 54 75.604
46 55 57.585
46 56 34.785
46 57 71.868
46 58 23.707
46 59 53.038
46 60 46.615
46 61 24.839
46 62 24.597
46 63 17.464
46 64 42.521
46 65 46.174
46 66 58.31
46 67 24.413
46 68 51.245
46 69 70.838
46 70 46.487
46 71 55.606
46 72 48.374
46 73 42.426
46 74 57.14
46 75 54.818
46 76 54.203
46 77 32.14
46 78 68.015
46 79 44.777
46 80 30.529
46 81 70.605
46 82 62.169
46 83 17.464
46 84 77.666
46 85 16.553
46 86 47.539
46 87 48.26
46 88 33.541
46 89 49.396
46 90 47.634
46 91 37.947
46 92 72.719
46 93 45.1
46 94 19.647
46 95 46.861
46 96 67.912
46 97 1.0
46 98 43.29
46 99 75.153
46 100 32.757
47 1 63 20
47 48 100.896
47 49 54.378
47 50 66.31
47 51 96.69
47 52 74.813
47 53 36.139
47 54 37.736
47 55 42.802
47 56 92.962
47 57 42.059
47 58 64.078
47 59 29.547
47 60 113.371
47 61 103.446
47 62 77.827
47 63 64.382
47 64 63.781
47 65 35.44
47 66 61.612
47 67 66.212
47 68 83.63
47 69 42.638
47 70 111.306
47 71 74.027
47 72 39.294
47 73 42.942
47 74 59.641
47 75 38.897
47 76 41.593
47 77 89.694
47 78 42.45
47 79 82.879
47 80 104.0
47 81 37.643
47 82 19.105
47 83 82.079
47 84 34.0
47 85 65.376
47 86 34.059
47 87 97.309
47 88 104.695
47 89 77.795
47 90 61.522
47 91 94.594
47 92 30.0
47 93 101.833
47 94 75.166
47 95 46.819
47 96 14.142
47 97 80.231
47 98 89.811
47 99 21.633
47 100 98.412
48 99 39 17
48 49 72.422
48 50 62.201
48 51 6.708
48 52 42.438
48 53 64.761
48 54 96.021
48 55 72.691
48 56 43.566
48 57 86.493
48 58 39.013
48 59 72.007
48 60 33.0
48 61 6.083
48 62 31.385
48 63 38.013
48 64 53.141
48 65 65.513
48 66 76.837
48 67 38.21
48 68 65.192
48 69 91.049
48 70 34.132
48 71 62.129
48 72 68.964
48 73 60.133
48 74 75.928
48 75 71.113
48 76 74.632
48 77 30.414
48 78 88.238
48 79 47.508
48 80 16.125
48 81 91.022
48 82 82.006
48 83 23.087
48 84 98.184
48 85 37.121
48 86 67.676
48 87 44.418
48 88 20.224
48 89 54.406
48 90 58.523
48 91 46.39
48 92 93.295
48 93 38.079
48 94 37.014
48 95 67.201
48 96 87.932
48 97 21.471
48 98 54.571
48 99 95.708
48 100 24.597
49 30 17 9
49 50 78.791
49 51 71.694
49 52 72.622
49 53 37.483
49 54 78.518
49 55 12.369
49 56 89.828
49 57 17.088
49 58 36.62
49 59 34.059
49 60 69.871
49 61 71.805
49 62 41.231
49 63 52.402
49 64 19.416
49 65 36.346
49 66 84.646
49 67 35.847
49 68 94.895
49 69 79.025
49 70 67.082
49 71 20.809
49 72 56.719
49 73 27.514
49 74 82.462
49 75 18.111
49 76 65.49
49 77 48.0
49 78 77.0
49 79 34.205
49 80 67.268
49 81 75.166
49 82 45.122
49 83 49.336
49 84 77.104
49 85 53.075
49 86 44.283
49 87 48.703
49 88 66.03
49 89 26.926
49 90 14.142
49 91 92.698
49 92 70.859
49 93 55.543
49 94 68.68
49 95 63.789
49 96 50.289
49 97 59.363
49 98 93.6
49 99 66.219
49 100 58.0
50 62 89 4
50 51 55.606
50 52 19.849
50 53 43.6
50 54 41.437
50 55 69.462
50 56 30.806
50 57 81.609
50 58 51.039
50 59 50.99
50 60 90.874
50 61 67.676
50 62 62.514
50 63 33.136
50 64 69.231
50 65 45.0
50 66 14.866
50 67 54.009
50 68 17.804
50 69 34.713
50 70 90.62
50 71 85.329
50 72 28.018
50 73 51.43
50 74 14.422
50 75 63.812
50 76 25.0
50 77 73.756
50 78 32.388
50 79 81.006
50 80 74.706
50 81 37.121
50 82 50.478
50 83 58.941
50 84 45.177
50 85 33.242
50 86 38.897
50 87 89.107
50 88 77.82
50 89 82.298
50 90 72.277
50 91 31.257
50 92 43.046
50 93 87.801
50 94 25.239
50 95 19.723
50 96 52.773
50 97 43.863
50 98 24.187
50 99 49.649
50 100 76.551
51 96 45 17
51 52 35.805
51 53 60.671
51 54 90.139
51 55 70.831
51 56 37.216
51 57 84.9
51 58 36.674
51 59 68.264
51 60 39.115
51 61 12.649
51 62 31.623
51 63 32.894
51 64 52.773
51 65 61.522
51 66 70.292
51 67 36.401
51 68 58.523
51 69 85.0
51 70 40.0
51 71 63.253
51 72 63.506
51 73 57.035
51 74 69.426
51 75 68.731
51 76 68.797
51 77 33.287
51 78 82.201
51 79 49.578
51 80 22.023
51 81 85.147
51 82 77.666
51 83 23.022
51 84 92.439
51 85 31.953
51 86 63.063
51 87 48.332
51 88 26.0
51 89 55.902
51 90 58.138
51 91 40.112
51 92 87.71
51 93 42.72
51 94 30.48
51 95 61.294
51 96 83.433
51 97 16.492
51 98 48.052
51 99 90.471
51 100 29.12
52 75 74 5
52 53 43.829
52 54 57.94
52 55 65.795
52 56 18.788
52 57 79.511
52 58 39.0
52 59 52.326
52 60 72.111
52 61 48.021
52 62 47.265
52 63 20.591
52 64 59.034
52 65 45.177
52 66 34.655
52 67 41.437
52 68 26.019
52 69 51.894
52 70 72.125
52 71 74.465
52 72 36.014
52 73 47.508
52 74 33.971
52 75 61.074
52 76 37.855
52 77 57.079
52 78 49.244
52 79 67.082
52 80 55.543
52 81 53.141
52 82 56.515
52 83 42.048
52 84 61.033
52 85 20.125
52 86 42.059
52 87 73.007
52 88 58.873
52 89 69.921
52 90 63.135
52 91 21.095
52 92 57.489
52 93 70.576
52 94 6.083
52 95 30.414
52 96 60.671
52 97 25.495
52 98 21.095
52 99 62.394
52 100 58.464
53 36 54 17
53 54 43.658
53 55 26.571
53 56 62.61
53 57 38.013
53 58 28.844
53 59 8.544
53 60 79.202
53 61 67.357
53 62 43.417
53 63 29.069
53 64 35.468
53 65 1.414
53 66 47.434
53 67 31.401
53 68 60.959
53 69 42.755
53 70 77.466
53 71 50.22
53 72 19.235
53 73 11.402
53 74 45.222
53 75 20.616
53 76 28.071
53 77 55.973
53 78 40.447
53 79 53.339
53 80 68.425
53 81 39.56
53 82 17.464
53 83 46.53
53 84 43.382
53 85 30.067
53 86 7.071
53 87 66.4
53 88 69.462
53 89 50.695
53 90 35.903
53 91 64.885
53 92 37.121
53 93 69.311
53 94 42.379
53 95 26.571
53 96 23.707
53 97 44.283
53 98 62.801
53 99 35.468
53 100 63.82
54 21 95 4
54 55 66.272
54 56 72.18
54 57 72.339
54 58 69.065
54 59 44.553
54 60 118.343
54 61 100.424
54 62 83.815
54 63 58.796
54 64 79.12
54 65 44.272
54 66 30.265
54 67 72.111
54 68 55.227
54 69 7.071
54 70 117.154
54 71 93.68
54 72 28.425
54 73 55.027
54 74 29.069
54 75 60.407
54 76 21.401
54 77 96.607
54 78 9.055
54 79 96.607
54 80 104.69
54 81 5.0
54 82 34.015
54 83 84.291
54 84 4.472
54 85 59.548
54 86 36.77
54 87 108.908
54 88 106.775
54 89 94.34
54 90 79.404
54 91 72.691
54 92 8.246
54 93 110.68
54 94 61.27
54 95 28.844
54 96 30.594
54 97 74.813
54 98 65.069
54 99 16.125
54 100 102.825
55 27 29 5
55 56 83.869
55 57 14.318
55 58 34.205
55 59 22.023
55 60 75.584
55 61 73.11
55 62 43.046
55 63 46.615
55 64 23.409
55 65 25.298
55 66 74.0
55 67 34.525
55 68 86.267
55 69 67.007
55 70 73.055
55 71 31.241
55 72 45.607
55 73 18.439
55 74 71.784
55 75 6.083
55 76 54.129
55 77 52.393
55 78 65.069
55 79 41.677
55 80 70.257
55 81 63.032
55 82 32.757
55 83 50.09
55 84 64.777
55 85 47.434
55 86 32.985
55 87 56.436
55 88 69.721
55 89 35.609
55 90 19.723
55 91 86.556
55 92 58.549
55 93 62.241
55 94 62.626
55 95 53.141
55 96 37.947
55 97 56.648
55 98 86.313
55 99 53.852
55 100 62.169
56 92 82 7
56 57 97.801
56 58 54.406
56 59 71.113
56 60 76.322
56 61 49.649
56 62 59.237
56 63 37.483
56 64 74.632
56 65 63.953
56 66 44.385
56 67 56.303
56 68 24.083
56 69 65.513
56 70 77.104
56 71 89.185
56 72 53.759
56 73 65.803
56 74 44.598
56 75 79.404
56 76 54.0
56 77 66.491
56 78 63.151
56 79 79.48
56 80 59.211
56 81 67.742
56 82 75.0
56 83 52.202
56 84 75.802
56 85 36.77
56 86 60.745
56 87 82.565
56 88 63.127
56 89 83.63
56 90 79.202
56 91 3.162
56 92 73.171
56 93 78.409
56 94 21.26
56 95 47.096
56 96 78.854
56 97 35.114
56 98 11.662
56 99 79.006
56 100 65.123
57 14 23 2
57 58 48.384
57 59 31.305
57 60 86.683
57 61 86.579
57 62 56.143
57 63 60.745
57 64 35.057
57 65 36.62
57 66 84.528
57 67 48.508
57 68 98.858
57 69 74.33
57 70 83.952
57 71 37.59
57 72 55.902
57 73 32.016
57 74 82.292
57 75 18.439
57 76 63.695
57 77 64.281
57 78 72.78
57 79 51.245
57 80 83.0
57 81 69.871
57 82 38.471
57 83 63.64
57 84 70.064
57 85 61.587
57 86 43.417
57 87 65.788
57 88 82.098
57 89 44.011
57 90 30.265
57 91 100.424
57 92 64.195
57 93 72.533
57 94 76.609
57 95 64.008
57 96 42.012
57 97 70.937
57 98 99.725
57 99 58.009
57 100 74.243
58 60 38 13
58 59 34.54
58 60 50.448
58 61 40.311
58 62 14.866
58 63 18.682
58 64 20.248
58 65 29.155
58 66 61.66
58 67 3.162
58 68 64.031
58 69 66.242
58 70 48.836
58 71 35.468
58 72 40.817
58 73 21.587
58 74 59.841
58 75 32.14
58 76 49.193
58 77 27.659
58 78 63.53
58 79 30.15
58 80 39.925
58 81 64.351
58 82 46.141
58 83 18.028
58 84 69.814
58 85 18.974
58 86 33.971
58 87 40.311
58 88 40.706
58 89 31.401
58 90 24.839
58 91 57.428
58 92 63.891
58 93 41.617
58 94 34.0
58 95 43.658
58 96 52.479
58 97 22.825
58 98 59.933
58 99 63.702
58 100 35.0
59 28 51 20
59 60 84.06
59 61 74.216
59 62 48.374
59 63 37.336
59 64 36.62
59 65 7.28
59 66 53.226
59 67 36.674
59 68 68.593
59 69 45.0
59 70 82.098
59 71 49.769
59 72 24.597
59 73 13.601
59 74 50.99
59 75 16.0
59 76 32.573
59 77 60.465
59 78 43.046
59 79 55.444
59 80 74.465
59 81 41.11
59 82 12.806
59 83 52.555
59 84 43.417
59 85 38.328
59 86 12.207
59 87 69.311
59 88 75.153
59 89 51.624
59 90 35.777
59 91 73.355
59 92 37.108
59 93 73.11
59 94 50.922
59 95 32.757
59 96 19.105
59 97 52.038
59 98 71.028
59 99 33.541
59 100 68.964
60 99 6 20
60 61 27.019
60 62 35.805
60 63 60.465
60 64 52.202
60 65 79.404
60 66 104.657
60 67 47.802
60 68 96.773
60 69 114.634
60 70 3.162
60 71 52.01
60 72 89.939
60 73 70.491
60 74 103.354
60 75 76.694
60 76 97.453
60 77 23.707
60 78 111.826
60 79 36.056
60 80 17.117
60 81 113.455
60 82 96.26
60 83 34.059
60 84 119.553
60 85 59.908
60 86 84.386
60 87 23.537
60 88 13.342
60 89 44.011
60 90 56.515
60 91 79.228
60 92 113.846
60 93 15.133
60 94 66.129
60 95 90.802
60 96 102.65
60 97 47.011
60 98 86.977
60 99 114.11
60 100 15.556
61 100 33 1
61 62 30.594
61 63 41.881
61 64 52.393
61 65 68.007
61 66 82.201
61 67 39.051
61 68 71.169
61 69 95.671
61 70 28.284
61 71 59.942
61 72 72.945
61 73 61.814
61 74 81.216
61 75 72.028
61 76 79.025
61 77 27.203
61 78 92.849
61 79 44.654
61 80 10.44
61 81 95.425
61 82 84.758
61 83 23.022
61 84 102.416
61 85 41.049
61 86 70.774
61 87 40.0
61 88 14.56
61 89 51.971
61 90 57.723
61 91 52.469
61 92 97.35
61 93 33.121
61 94 42.438
61 95 71.701
61 96 90.824
61 97 25.612
61 98 60.638
61 99 99.363
61 100 20.0
62 70 27 13
62 63 29.428
62 64 21.84
62 65 43.6
62 66 74.465
62 67 12.042
62 68 73.246
62 69 80.777
62 70 34.059
62 71 31.828
62 72 55.471
62 73 34.886
62 74 72.801
62 75 42.755
62 76 63.632
62 77 12.806
62 78 78.032
62 79 20.248
62 80 27.295
62 81 79.057
62 82 60.465
62 83 8.602
62 84 84.646
62 85 29.275
62 86 48.795
62 87 26.683
62 88 27.203
62 89 25.0
62 90 27.203
62 91 62.394
62 92 78.746
62 93 26.926
62 94 41.437
62 95 57.697
62 96 66.851
62 97 24.166
62 98 66.94
62 99 78.518
62 100 20.591
63 65 56 19
63 64 38.484
63 65 30.15
63 66 45.222
63 67 21.378
63 68 45.354
63 69 54.489
63 70 59.682
63 71 54.083
63 72 31.064
63 73 29.069
63 74 43.658
63 75 42.544
63 76 37.483
63 77 41.11
63 78 51.662
63 79 48.042
63 80 45.967
63 81 53.814
63 82 45.277
63 83 26.833
63 84 60.605
63 85 1.0
63 86 30.414
63 87 56.089
63 88 48.27
63 89 50.01
63 90 42.544
63 91 40.311
63 92 55.471
63 93 55.362
63 94 16.279
63 95 30.48
63 96 50.804
63 97 16.553
63 98 41.677
63 99 57.697
63 100 45.277
64 49 21 9
64 65 34.928
64 66 78.026
64 67 18.439
64 68 83.487
64 69 77.885
64 70 49.649
64 71 16.125
64 72 52.953
64 73 24.166
64 74 76.007
64 75 25.239
64 76 61.984
64 77 29.275
64 78 75.432
64 79 19.105
64 80 48.042
64 81 74.947
64 82 49.406
64 83 30.083
64 84 78.791
64 85 38.91
64 86 42.379
64 87 33.601
64 88 47.043
64 89 15.232
64 90 5.385
64 91 77.666
64 92 72.498
64 93 38.91
64 94 54.203
64 95 58.138
64 96 55.606
64 97 41.773
64 98 80.062
64 99 69.971
64 100 39.205
65 35 53 20
65 66 48.703
65 67 31.623
65 68 62.37
65 69 43.566
65 70 77.621
65 71 49.477
65 72 20.396
65 73 10.77
65 74 46.487
65 75 19.313
65 76 29.155
65 77 56.08
65 78 41.304
65 79 53.0
65 80 68.877
65 81 40.262
65 82 17.0
65 83 46.957
65 84 43.863
65 85 31.145
65 86 8.0
65 87 66.219
65 88 69.836
65 89 50.16
65 90 35.171
65 91 66.242
65 92 37.577
65 93 69.296
65 94 43.658
65 95 27.857
65 96 23.324
65 97 45.177
65 98 64.203
65 99 35.609
65 100 64.07
66 51 99 1
66 67 64.777
66 68 25.02
66 69 23.195
66 70 104.216
66 71 94.085
66 72 28.636
66 73 57.271
66 74 2.236
66 75 68.007
66 76 21.401
66 77 86.331
66 78 21.587
66 79 91.788
66 80 88.837
66 81 26.926
66 82 49.041
66 83 71.868
66 84 34.525
66 85 45.541
66 86 41.231
66 87 101.139
66 88 91.788
66 89 92.087
66 90 80.306
66 91 44.272
66 92 34.176
66 93 100.568
66 94 39.825
66 95 20.881
66 96 49.518
66 97 57.801
66 98 35.693
66 99 42.048
66 100 89.961
67 61 35 6
67 68 66.708
67 69 69.354
67 70 46.098
67 71 33.106
67 72 43.909
67 73 23.409
67 74 62.968
67 75 33.0
67 76 52.326
67 77 24.759
67 78 66.648
67 79 27.074
67 80 37.947
67 81 67.417
67 82 48.549
67 83 16.279
67 84 72.801
67 85 21.587
67 86 36.77
67 87 37.162
67 88 38.484
67 89 28.636
67 90 23.345
67 91 59.363
67 92 66.843
67 93 38.601
67 94 36.249
67 95 46.819
67 96 54.918
67 97 23.601
67 98 62.241
67 99 66.483
67 100 32.45
68 76 100 12
68 69 48.166
68 70 97.082
68 71 99.328
68 72 45.804
68 73 67.956
68 74 26.173
68 75 80.802
68 76 42.048
68 77 83.024
68 78 46.39
68 79 92.914
68 80 79.812
68 81 51.624
68 82 68.242
68 83 68.007
68 84 59.414
68 85 45.122
68 86 56.586
68 87 99.0
68 88 83.433
68 89 95.341
68 90 87.092
68 91 22.672
68 92 58.464
68 93 96.333
68 94 32.0
68 95 37.443
68 96 70.328
68 97 51.157
68 98 12.806
68 99 65.803
68 100 83.863
69 28 96 3
69 70 113.6
69 71 92.962
69 72 25.495
69 73 54.129
69 74 22.023
69 75 61.0
69 76 17.205
69 77 93.493
69 78 2.828
69 79 94.705
69 80 100.449
69 81 5.0
69 82 35.903
69 83 80.604
69 84 11.402
69 85 55.172
69 86 35.693
69 87 106.438
69 88 102.728
69 89 93.005
69 90 78.645
69 91 65.924
69 92 12.728
69 93 107.703
69 94 55.57
69 95 24.042
69 96 33.615
69 97 70.093
69 98 58.138
69 99 21.213
69 100 99.202
70 96 5 12
70 71 49.0
70 72 88.73
70 73 68.505
70 74 102.859
70 75 74.324
70 76 96.4
70 77 21.633
70 78 110.802
70 79 33.136
70 80 18.028
70 81 112.294
70 82 94.403
70 83 33.015
70 84 118.258
70 85 59.169
70 86 82.807
70 87 20.396
70 88 14.0
70 89 41.049
70 90 53.852
70 91 80.056
70 92 112.486
70 93 12.042
70 94 66.098
70 95 89.872
70 96 100.802
70 97 46.819
70 98 87.573
70 99 112.539
70 100 14.422
71 47 5 8
71 72 68.469
71 73 38.833
71 74 92.049
71 75 35.511
71 76 77.524
71 77 33.242
71 78 90.609
71 79 16.279
71 80 53.141
71 81 89.739
71 82 62.169
71 83 40.361
71 84 92.973
71 85 54.424
71 86 57.271
71 87 29.275
71 88 50.961
71 89 8.246
71 90 14.318
71 91 92.282
71 92 86.649
71 93 37.014
71 94 69.354
71 95 74.027
71 96 68.0
71 97 55.0
71 98 95.341
71 99 83.259
71 100 42.72
72 39 73 3
72 73 30.0
72 74 26.401
72 75 39.56
72 76 9.055
72 77 68.242
72 78 22.847
72 79 69.289
72 80 76.577
72 81 23.601
72 82 22.472
72 83 55.902
72 84 29.732
72 85 31.906
72 86 12.649
72 87 80.951
72 88 78.518
72 89 67.912
72 90 54.231
72 91 55.317
72 92 24.413
72 93 82.377
72 94 37.336
72 95 8.485
72 96 25.298
72 97 47.508
72 98 50.695
72 99 27.203
72 100 74.411
73 39 43 20
73 74 55.109
73 75 13.601
73 76 39.013
73 77 46.872
73 78 51.788
73 79 42.438
73 80 61.351
73 81 50.961
73 82 26.173
73 83 39.56
73 84 54.626
73 85 29.967
73 86 18.439
73 87 55.973
73 88 61.847
73 89 39.395
73 90 24.515
73 91 68.411
73 92 48.332
73 93 59.548
73 94 44.654
73 95 36.497
73 96 32.558
73 97 41.437
73 98 67.897
73 99 46.043
73 100 55.471
74 50 97 6
74 75 65.788
74 76 19.209
74 77 84.758
74 78 20.224
74 79 89.944
74 80 87.664
74 81 25.495
74 82 46.861
74 83 70.385
74 84 33.242
74 85 44.011
74 86 39.0
74 87 99.459
74 88 90.554
74 89 90.139
74 90 78.23
74 91 44.643
74 92 32.573
74 93 99.02
74 94 38.949
74 95 18.682
74 96 47.424
74 97 56.604
74 98 36.346
74 99 40.311
74 100 88.566
75 28 35 5
75 76 48.052
75 77 53.141
75 78 59.034
75 79 44.204
75 80 70.036
75 81 57.079
75 82 27.203
75 83 49.092
75 84 59.034
75 85 43.417
75 86 26.926
75 87 58.822
75 88 69.857
75 89 38.897
75 90 22.627
75 91 82.006
75 92 52.773
75 93 64.008
75 94 58.249
75 95 47.17
75 96 32.696
75 97 53.852
75 98 81.32
75 99 48.384
75 100 62.642
76 38 82 6
76 77 76.322
76 78 14.422
76 79 78.109
76 80 83.439
76 81 16.401
76 82 27.659
76 83 63.411
76 84 23.707
76 85 38.21
76 86 21.213
76 87 89.471
76 88 85.633
76 89 76.903
76 90 63.285
76 91 55.082
76 92 19.647
76 93 90.554
76 94 40.497
76 95 7.616
76 96 28.601
76 97 53.413
76 98 49.031
76 99 25.02
76 100 82.006
77 78 17 18
77 78 90.736
77 79 17.493
77 80 19.925
77 81 91.837
77 82 72.801
77 83 15.033
77 84 97.453
77 85 40.804
77 86 61.522
77 87 16.125
77 88 18.111
77 89 25.08
77 90 34.059
77 91 69.635
77 92 91.548
77 93 14.318
77 94 51.039
77 95 70.235
77 96 79.202
77 97 32.062
77 98 75.425
77 99 91.22
77 100 10.0
78 30 94 5
78 79 92.114
78 80 97.622
78 81 5.385
78 82 34.482
78 83 77.801
78 84 13.038
78 85 52.345
78 86 33.377
78 87 103.755
78 88 99.905
78 89 90.521
78 90 76.295
78 91 63.64
78 92 13.038
78 93 104.957
78 94 52.839
78 95 21.213
78 96 32.65
78 97 67.268
78 98 56.036
78 99 21.401
78 100 96.4
79 63 8 19
79 80 37.162
79 81 92.195
79 82 68.25
79 83 27.785
79 84 96.649
79 85 48.094
79 86 59.942
79 87 14.765
79 88 34.785
79 89 8.062
79 90 21.954
79 91 82.638
79 92 90.427
79 93 21.378
79 94 61.392
79 95 73.246
79 96 74.518
79 97 44.385
79 98 87.092
79 99 88.482
79 100 26.571
80 97 23 9
80 81 99.725
80 82 85.866
80 83 21.932
80 84 106.301
80 85 45.277
80 86 72.719
80 87 30.414
80 88 4.123
80 89 44.944
80 90 53.151
80 91 62.129
80 92 100.896
80 93 23.022
80 94 49.659
80 95 76.42
80 96 92.13
80 97 31.064
80 98 69.871
80 99 102.078
80 100 10.817
81 25 92 1
81 82 31.401
81 83 79.398
81 84 8.062
81 85 54.562
81 86 32.573
81 87 104.317
81 88 101.833
81 89 90.139
81 90 75.432
81 91 68.359
81 92 7.81
81 93 105.948
81 94 56.365
81 95 23.854
81 96 28.792
81 97 69.814
81 98 61.0
81 99 16.279
81 100 97.949
82 20 61 6
82 83 63.953
82 84 32.14
82 85 46.271
82 86 15.0
82 87 82.073
82 88 86.833
82 89 64.351
82 90 48.374
82 91 76.844
82 92 26.019
82 93 85.703
82 94 56.436
82 95 30.806
82 96 6.403
82 97 61.188
82 98 72.918
82 99 21.19
82 100 80.994
83 77 32 13
83 84 85.563
83 85 26.401
83 86 51.039
83 87 31.016
83 88 23.022
83 89 33.302
83 90 35.468
83 91 55.362
83 92 79.931
83 93 28.862
83 94 36.014
83 95 56.859
83 96 70.235
83 97 17.263
83 98 60.671
83 99 80.604
83 100 18.601
84 17 93 11
84 85 61.4
84 86 36.715
84 87 109.293
84 88 108.245
84 89 94.021
84 90 78.772
84 91 76.42
84 92 6.325
84 93 111.4
84 94 64.078
84 95 31.305
84 96 28.071
84 97 76.844
84 98 69.007
84 99 12.649
84 100 104.005
85 66 56 14
85 86 31.401
85 87 55.902
85 88 47.634
85 89 50.22
85 90 43.046
85 91 39.623
85 92 56.303
85 93 55.027
85 94 15.62
85 95 31.145
85 96 51.788
85 97 15.652
85 98 41.183
85 99 58.6
85 100 44.777
86 35 61 3
86 87 72.67
86 88 74.061
86 89 57.585
86 90 42.953
86 91 62.769
86 92 30.529
86 93 75.166
86 94 41.593
86 95 20.591
86 96 20.396
86 97 46.573
86 98 59.682
86 99 29.732
86 100 68.884
87 76 1 4
87 88 26.907
87 89 21.84
87 90 36.715
87 91 85.703
87 92 103.175
87 93 8.544
87 94 67.0
87 95 83.934
87 96 88.414
87 97 48.166
87 98 91.548
87 99 101.828
87 100 20.0
88 96 19 19
88 89 42.72
88 90 52.0
88 91 66.068
88 92 102.728
88 93 19.209
88 94 52.924
88 95 78.746
88 96 93.15
88 97 34.0
88 98 73.682
88 99 103.6
88 100 8.246
89 55 7 9
89 90 16.279
89 91 86.764
89 92 87.727
89 93 29.155
89 94 64.514
89 95 72.691
89 96 70.456
89 97 48.877
89 98 90.477
89 99 85.088
89 100 34.482
90 44 19 5
90 91 82.201
90 92 72.45
90 93 42.72
90 94 58.523
90 95 60.008
90 96 54.378
90 97 46.861
90 98 84.22
90 99 69.318
90 100 44.045
91 93 85 3
91 92 74.027
91 93 81.498
91 94 24.042
91 95 48.374
91 96 80.523
91 97 38.275
91 98 9.899
91 99 80.1
91 100 68.184
92 19 87 15
92 93 105.423
92 94 60.083
92 95 27.203
92 96 22.361
92 97 71.868
92 98 67.186
92 99 8.485
92 100 98.29
93 84 4 14
93 94 64.498
93 95 84.534
93 96 92.098
93 97 45.177
93 98 88.023
93 99 104.738
93 100 13.601
94 76 68 7
94 95 32.894
94 96 61.074
94 97 19.416
94 98 26.0
94 99 64.327
94 100 52.393
95 45 79 5
95 96 33.106
95 97 46.098
95 98 43.012
95 99 32.062
95 100 75.452
96 15 65 4
96 97 66.94
96 98 75.961
96 99 16.125
96 100 87.367
97 80 49 3
97 98 43.417
97 99 74.25
97 100 32.985
98 86 92 5
98 99 73.824
98 100 75.027
99 13 81 20
99 100 98.595
100 88 17 14
