40 4
1 2 4 14
1 2 116.499
1 3 113.455
1 4 48.466
1 5 73.98
1 6 46.239
1 7 82.347
1 8 71.449
1 9 96.421
1 10 58.052
1 11 70.178
1 12 102.956
1 13 57.723
1 14 57.315
1 15 61.587
1 16 45.88
1 17 94.372
1 18 22.204
1 19 19.647
1 20 84.38
1 21 68.447
1 22 13.601
1 23 9.487
1 24 20.518
1 25 70.682
1 26 116.4
1 27 87.727
1 28 99.624
1 29 64.07
1 30 86.649
1 31 1.0
1 32 98.494
1 33 55.606
1 34 30.414
1 35 82.462
1 36 94.578
1 37 94.937
1 38 106.527
1 39 81.271
1 40 100.449
2 98 70 5
2 3 12.806
2 4 80.777
2 5 84.291
2 6 82.28
2 7 38.275
2 8 47.17
2 9 57.0
2 10 61.465
2 11 58.421
2 12 60.828
2 13 82.608
2 14 60.374
2 15 64.537
2 16 83.241
2 17 41.304
2 18 97.185
2 19 102.421
2 20 59.228
2 21 50.249
2 22 103.6
2 23 107.415
2 24 96.255
2 25 66.03
2 26 37.483
2 27 36.056
2 28 17.0
2 29 52.431
2 30 69.857
2 31 115.935
2 32 22.023
2 33 61.057
2 34 86.954
2 35 48.703
2 36 34.713
2 37 29.411
2 38 14.142
2 39 35.228
2 40 23.195
3 88 78 13
3 4 73.926
3 5 74.007
3 6 75.644
3 7 41.485
3 8 42.202
3 9 65.765
3 10 56.303
3 11 50.289
3 12 48.332
3 13 74.216
3 14 56.223
3 15 57.385
3 16 76.557
3 17 49.254
3 18 95.588
3 19 97.908
3 20 66.03
3 21 51.0
3 22 101.139
3 23 104.738
3 24 92.957
3 25 56.886
3 26 24.839
3 27 27.857
3 28 16.763
3 29 50.329
3 30 58.549
3 31 112.805
3 32 15.0
3 33 58.0
3 34 83.241
3 35 54.332
3 36 42.107
3 37 36.014
3 38 7.211
3 39 33.838
3 40 13.928
4 20 49 15
4 5 28.636
4 6 2.236
4 7 58.052
4 8 34.234
4 9 85.907
4 10 21.095
4 11 24.413
4 12 54.562
4 13 11.705
4 14 24.739
4 15 16.553
4 16 2.828
4 17 75.69
4 18 42.19
4 19 29.069
4 20 75.664
4 21 46.819
4 22 41.304
4 23 42.953
4 24 31.145
4 25 22.472
4 26 70.767
4 27 46.098
4 28 64.327
4 29 36.139
4 30 38.328
4 31 47.539
4 32 59.464
4 33 28.231
4 34 23.195
4 35 66.851
4 36 72.18
4 37 69.354
4 38 68.007
4 39 49.01
4 40 60.008
5 14 77 16
5 6 30.414
5 7 74.095
5 8 46.648
5 9 105.603
5 10 40.361
5 11 29.53
5 12 36.62
5 13 17.117
5 14 45.343
5 15 29.698
5 16 30.265
5 17 92.439
5 18 70.711
5 19 54.452
5 20 97.0
5 21 66.603
5 22 69.007
5 23 70.064
5 24 59.076
5 25 20.125
5 26 61.351
5 27 48.836
5 28 70.612
5 29 55.227
5 30 18.358
5 31 72.993
5 32 62.514
5 33 50.448
5 34 51.788
5 35 86.215
5 36 87.235
5 37 82.765
5 38 70.178
5 39 61.27
5 40 61.131
6 19 47 1
6 7 58.694
6 8 35.511
6 9 86.006
6 10 22.0
6 11 26.401
6 12 56.798
6 13 13.342
6 14 25.318
6 15 18.358
6 16 1.0
6 17 76.158
6 18 40.311
6 19 26.833
6 20 75.591
6 21 47.127
6 22 39.205
6 23 40.792
6 24 29.069
6 25 24.698
6 26 72.863
6 27 47.854
6 28 65.734
6 29 36.674
6 30 40.522
6 31 45.31
6 32 61.098
6 33 28.46
6 34 21.378
6 35 67.067
6 36 72.835
6 37 70.178
6 38 69.642
6 39 50.09
6 40 61.741
7 77 38 20
7 8 27.459
7 9 32.65
7 10 37.108
7 11 44.654
7 12 68.476
7 13 64.846
7 14 33.377
7 15 45.695
7 16 59.682
7 17 18.358
7 18 61.4
7 19 71.589
7 20 27.514
7 21 13.928
7 22 68.877
7 23 72.918
7 24 63.246
7 25 54.083
7 26 59.211
7 27 33.541
7 28 24.739
7 29 22.091
7 30 67.179
7 31 81.939
7 32 31.016
7 33 31.0
7 34 55.317
7 35 14.866
7 36 14.142
7 37 12.649
7 38 34.713
7 39 14.422
7 40 35.057
8 54 53 18
8 9 59.464
8 10 14.318
8 11 17.205
8 12 46.098
8 13 38.639
8 14 14.142
8 15 19.235
8 16 36.497
8 17 45.793
8 18 54.918
8 19 55.758
8 20 52.01
8 21 22.361
8 22 59.548
8 23 62.968
8 24 50.931
8 25 26.627
8 26 47.539
8 27 17.0
8 28 30.364
8 29 13.038
8 30 40.804
8 31 70.767
8 32 27.203
8 33 17.0
8 34 41.11
8 35 40.311
8 36 40.719
8 37 36.688
8 38 35.511
8 39 15.297
8 40 29.0
9 98 13 6
9 10 66.37
9 11 76.577
9 12 100.703
9 13 94.515
9 14 61.774
9 15 76.276
9 16 86.925
9 17 16.763
9 18 74.243
9 19 91.548
9 20 12.042
9 21 39.446
9 22 83.15
9 23 87.207
9 24 81.154
9 25 85.913
9 26 87.932
9 27 65.734
9 28 51.245
9 29 50.774
9 30 99.765
9 31 96.333
9 32 60.166
9 33 57.697
9 34 76.118
9 35 19.416
9 36 24.042
9 37 30.364
9 38 60.638
9 39 47.011
9 40 64.257
10 41 47 19
10 11 16.031
10 12 51.088
10 13 28.178
10 14 5.0
10 15 10.817
10 16 23.0
10 17 55.027
10 18 43.463
10 19 41.617
10 20 57.009
10 21 26.926
10 22 46.872
10 23 50.0
10 24 37.643
10 25 22.847
10 26 58.83
10 27 29.698
10 28 44.598
10 29 15.652
10 30 40.522
10 31 57.315
10 32 41.34
10 33 10.296
10 34 27.659
10 35 47.011
10 36 51.196
10 37 48.26
10 38 49.739
10 39 28.16
10 40 42.802
11 40 63 16
11 12 35.228
11 13 24.187
11 14 20.396
11 15 8.602
11 16 27.203
11 17 62.968
11 18 58.241
11 19 51.856
11 20 68.68
11 21 38.419
11 22 60.415
11 23 63.063
11 24 50.537
11 25 9.434
11 26 46.69
11 27 22.561
11 28 43.012
11 29 27.459
11 30 25.08
11 31 69.34
11 32 36.497
11 33 25.71
11 34 40.719
11 35 57.315
11 36 57.706
11 37 53.31
11 38 44.911
11 39 31.78
11 40 36.401
12 44 98 3
12 13 47.202
12 14 55.0
12 15 42.953
12 16 57.245
12 17 84.629
12 18 93.172
12 19 83.63
12 20 95.708
12 21 68.007
12 22 94.557
12 23 96.799
12 24 84.433
12 25 32.311
12 26 28.018
12 27 34.986
12 28 53.075
12 29 59.034
12 30 18.439
12 31 102.044
12 32 43.186
12 33 60.033
12 34 75.0
12 35 83.187
12 36 77.801
12 37 71.84
12 38 47.707
12 39 54.12
12 40 39.825
13 16 60 3
13 14 32.757
13 15 19.416
13 16 13.153
13 17 83.006
13 18 53.6
13 19 38.079
13 20 84.876
13 21 55.073
13 22 52.01
13 23 53.235
13 24 42.012
13 25 17.889
13 26 67.119
13 27 46.69
13 28 67.03
13 29 43.829
13 30 29.53
13 31 56.754
13 32 60.671
13 33 37.202
13 34 34.713
13 35 75.18
13 36 78.746
13 37 75.186
13 38 69.051
13 39 53.935
13 40 60.415
14 44 43 9
14 15 15.811
14 16 26.306
14 17 50.961
14 18 41.183
14 19 42.059
14 20 52.202
14 21 22.361
14 22 45.453
14 23 48.836
14 24 36.797
14 25 27.731
14 26 60.828
14 27 30.806
14 28 43.382
14 29 11.402
14 30 45.222
14 31 56.639
14 32 41.231
14 33 5.385
14 34 27.019
14 35 42.485
14 36 47.518
14 37 45.011
14 38 49.406
14 39 25.962
14 40 43.139
15 35 56 6
15 16 19.235
15 17 63.977
15 18 50.22
15 19 43.278
15 20 67.357
15 21 37.014
15 22 52.0
15 23 54.562
15 24 42.048
15 25 12.369
15 26 55.227
15 27 29.547
15 28 48.374
15 29 25.612
15 30 30.414
15 31 60.745
15 32 43.012
15 33 21.095
15 34 32.311
15 35 56.859
15 36 59.464
15 37 55.785
15 38 51.546
15 39 34.525
15 40 43.463
16 18 47 9
16 17 77.13
16 18 40.447
16 19 26.401
16 20 76.479
16 21 48.083
16 22 39.115
16 23 40.608
16 24 29.017
16 25 25.239
16 26 73.593
16 27 48.754
16 28 66.708
16 29 37.656
16 30 40.804
16 31 44.944
16 32 62.032
16 33 29.411
16 34 21.587
16 35 68.007
16 36 73.824
16 37 71.176
16 38 70.576
16 39 51.088
16 40 62.65
17 93 29 18
17 18 72.422
17 19 86.209
17 20 18.385
17 21 29.275
17 22 80.777
17 23 84.9
17 24 76.792
17 25 72.402
17 26 71.169
17 27 49.82
17 28 34.482
17 29 39.56
17 30 84.959
17 31 94.112
17 32 43.463
17 33 47.854
17 34 70.064
17 35 12.083
17 36 7.28
17 37 13.601
17 38 43.932
17 39 31.89
17 40 47.539
18 24 7 19
18 19 23.345
18 20 62.201
18 21 47.707
18 22 9.055
18 23 13.0
18 24 13.038
18 25 61.522
18 26 102.0
18 27 71.868
18 28 80.66
18 29 45.277
18 30 79.228
18 31 22.091
18 32 80.92
18 33 38.013
18 34 19.026
18 35 60.44
18 36 73.007
18 37 73.824
18 38 88.459
18 39 62.241
18 40 83.409
19 7 23 11
19 20 79.762
19 21 57.871
19 22 17.0
19 23 16.492
19 24 11.18
19 25 51.478
19 26 98.494
19 27 71.063
19 28 85.422
19 29 50.922
19 30 67.067
19 31 18.682
19 32 82.928
19 33 41.785
19 34 16.279
19 35 75.007
19 36 85.0
19 37 84.172
19 38 91.269
19 39 67.624
19 40 84.404
20 86 12 10
20 21 30.414
20 22 71.113
20 23 75.166
20 24 69.26
20 25 77.795
20 26 86.145
20 27 60.926
20 28 50.09
20 29 41.773
20 30 92.801
20 31 84.291
20 32 57.871
20 33 47.707
20 34 64.537
20 35 12.649
20 36 24.515
20 37 30.15
20 38 60.033
20 39 41.629
20 40 61.984
21 64 33 18
21 22 55.009
21 23 59.034
21 24 49.336
21 25 47.424
21 26 64.498
21 27 35.057
21 28 34.67
21 29 11.402
21 30 62.968
21 31 68.029
21 32 37.947
21 33 18.682
21 34 41.593
21 35 20.125
21 36 27.166
21 37 26.571
21 38 43.829
21 39 17.72
21 40 41.485
22 15 8 10
22 23 4.123
22 24 10.198
22 25 62.362
22 26 105.688
22 27 76.217
22 28 86.833
22 29 51.225
22 30 79.429
22 31 13.342
22 32 86.267
22 33 43.139
22 34 19.698
22 35 68.884
22 36 80.994
22 37 81.437
22 38 94.112
22 39 68.411
22 40 88.459
23 11 7 12
23 24 12.53
23 25 64.514
23 26 108.724
23 27 79.511
23 28 90.604
23 29 55.0
23 30 81.253
23 31 9.22
23 32 89.828
23 33 46.755
23 34 22.472
23 35 73.007
23 36 85.094
23 37 85.493
23 38 97.745
23 39 72.201
23 40 91.935
24 17 18 5
24 25 52.202
24 26 96.26
24 27 67.268
24 28 79.322
24 29 43.909
24 30 69.231
24 31 19.849
24 32 77.987
24 33 35.228
24 34 10.0
24 35 65.276
24 36 76.158
24 37 75.895
24 38 86.052
24 39 61.057
24 40 79.931
25 32 68 8
25 26 49.406
25 27 30.0
25 28 51.352
25 29 36.235
25 30 18.111
25 31 69.778
25 32 44.011
25 33 33.106
25 34 42.953
25 35 66.603
25 36 67.119
25 37 62.65
25 38 52.154
25 39 41.146
25 40 43.29
26 72 97 6
26 27 30.676
26 28 36.688
26 29 59.481
26 30 43.417
26 31 115.603
26 32 28.284
26 33 64.475
26 34 86.267
26 35 73.682
26 36 63.891
26 37 57.567
26 38 27.731
26 39 47.096
26 40 24.187
27 62 68 4
27 28 21.84
27 29 28.862
27 30 36.715
27 31 87.0
27 32 14.036
27 33 34.0
27 34 57.315
27 35 48.332
27 36 43.186
27 37 37.483
27 38 22.361
27 39 19.313
27 40 13.928
28 83 62 13
28 29 35.609
28 30 58.181
28 31 99.045
28 32 9.899
28 33 44.102
28 34 69.971
28 35 38.013
28 36 27.203
28 37 20.881
28 38 10.05
28 39 18.439
28 40 13.601
29 55 40 2
29 30 52.355
29 31 63.514
29 32 35.805
29 33 9.22
29 34 34.928
29 35 31.385
29 36 36.222
29 37 34.059
29 38 43.186
29 39 17.205
29 40 38.588
30 30 86 4
30 31 85.703
30 32 49.041
30 33 50.596
30 34 60.407
30 35 80.92
30 36 78.873
30 37 73.6
30 38 55.785
30 39 53.075
30 40 46.84
31 2 5 11
31 32 97.837
31 33 55.0
31 34 29.698
31 35 82.225
31 36 94.244
31 37 94.541
31 38 105.891
31 39 80.709
31 40 99.765
32 76 69 6
32 33 43.139
32 34 68.25
32 35 45.398
32 36 36.249
32 37 29.967
32 38 8.544
32 39 20.248
32 40 4.123
33 46 38 5
33 34 25.942
33 35 38.626
33 36 45.044
33 37 43.186
33 38 50.99
33 39 25.942
33 40 45.453
34 23 26 4
34 35 59.034
34 36 68.731
34 37 67.912
34 38 76.4
34 39 51.884
34 40 70.093
35 82 24 7
35 36 15.0
35 37 19.313
35 38 48.042
35 39 29.069
35 40 49.497
36 91 36 14
36 37 6.325
36 38 36.674
36 39 26.077
36 40 40.311
37 89 42 19
37 38 30.414
37 39 21.541
37 40 34.015
38 84 72 9
38 39 26.627
38 40 9.055
39 69 50 19
39 40 23.77
40 75 73 16
