60 4 10
1 13 11 4
1 2 89.989
1 3 40.311
1 4 27.857
1 5 108.19
1 6 32.016
1 7 69.354
1 8 78.294
1 9 67.476
1 10 90.918
1 11 10.0
1 12 59.682
1 13 95.462
1 14 18.974
1 15 81.049
1 16 59.414
1 17 71.344
1 18 16.971
1 19 58.215
1 20 29.428
1 21 83.006
1 22 34.366
1 23 68.593
1 24 73.062
1 25 61.221
1 26 57.271
1 27 27.074
1 28 30.0
1 29 54.129
1 30 72.918
1 31 23.707
1 32 69.426
1 33 7.211
1 34 76.42
1 35 55.362
1 36 53.935
1 37 39.294
1 38 73.43
1 39 78.313
1 40 41.231
1 41 51.42
1 42 27.659
1 43 59.666
1 44 87.144
1 45 17.088
1 46 77.897
1 47 53.367
1 48 90.443
1 49 18.028
1 50 92.114
1 51 89.694
1 52 88.391
1 53 48.765
1 54 84.38
1 55 22.804
1 56 106.217
1 57 12.042
1 58 54.203
1 59 42.72
1 60 86.145
2 36 98 6
2 3 50.329
2 4 97.046
2 5 53.935
2 6 62.073
2 7 34.986
2 8 18.868
2 9 25.0
2 10 70.0
2 11 82.377
2 12 42.521
2 13 47.927
2 14 93.134
2 15 93.408
2 16 50.16
2 17 29.53
2 18 82.765
2 19 40.311
2 20 82.219
2 21 32.802
2 22 92.655
2 23 23.601
2 24 29.53
2 25 41.785
2 26 35.014
2 27 65.0
2 28 61.465
2 29 38.0
2 30 42.012
2 31 67.082
2 32 50.22
2 33 96.84
2 34 32.894
2 35 73.926
2 36 101.533
2 37 78.447
2 38 65.437
2 39 97.082
2 40 57.428
2 41 79.712
2 42 62.362
2 43 30.364
2 44 28.0
2 45 73.007
2 46 66.528
2 47 49.497
2 48 86.313
2 49 81.222
2 50 27.514
2 51 80.056
2 52 45.793
2 53 44.0
2 54 15.297
2 55 69.584
2 56 58.241
2 57 78.16
2 58 64.622
2 59 47.676
2 60 111.503
3 18 51 18
3 4 54.231
3 5 80.062
3 6 21.213
3 7 31.385
3 8 41.773
3 9 27.166
3 10 74.169
3 11 34.132
3 12 23.601
3 13 68.029
3 14 47.802
3 15 79.712
3 16 38.013
3 17 38.275
3 18 32.757
3 19 20.591
3 20 42.438
3 21 51.624
3 22 53.535
3 23 28.284
3 24 33.956
3 25 33.956
3 26 22.472
3 27 14.765
3 28 11.18
3 29 20.125
3 30 46.174
3 31 19.925
3 32 47.381
3 33 46.872
3 34 38.275
3 35 51.478
3 36 69.311
3 37 44.598
3 38 59.135
3 39 80.112
3 40 15.0
3 41 53.0
3 42 13.038
3 43 20.125
3 44 48.052
3 45 24.021
3 46 63.032
3 47 20.809
3 48 81.884
3 49 36.056
3 50 58.138
3 51 78.23
3 52 61.465
3 53 18.248
3 54 44.102
3 55 23.77
3 56 80.231
3 57 28.284
3 58 43.966
3 59 10.0
3 60 92.661
4 39 1 13
4 5 100.344
4 6 35.511
4 7 85.615
4 8 81.302
4 9 79.076
4 10 76.381
4 11 24.083
4 12 77.369
4 13 88.119
4 14 8.944
4 15 58.694
4 16 53.759
4 17 71.847
4 18 43.909
4 19 74.733
4 20 15.297
4 21 80.362
4 22 9.434
4 23 79.831
4 24 87.92
4 25 59.228
4 26 62.032
4 27 46.4
4 28 47.707
4 29 59.076
4 30 68.007
4 31 34.438
4 32 61.741
4 33 30.265
4 34 92.477
4 35 38.949
4 36 27.0
4 37 23.324
4 38 59.666
4 39 54.708
4 40 61.612
4 41 32.558
4 42 42.059
4 43 69.051
4 44 101.833
4 45 32.802
4 46 63.781
4 47 72.719
4 48 71.021
4 49 18.358
4 50 90.956
4 51 72.007
4 52 81.394
4 53 53.085
4 54 95.708
4 55 30.463
4 56 96.799
4 57 33.302
4 58 42.544
4 59 51.196
4 60 60.208
5 89 88 9
5 6 76.42
5 7 83.385
5 8 43.417
5 9 68.731
5 10 32.14
5 11 98.311
5 12 86.885
5 13 12.728
5 14 101.257
5 15 64.125
5 16 48.836
5 17 42.154
5 18 109.403
5 19 83.199
5 20 85.983
5 21 28.792
5 22 92.13
5 23 67.602
5 24 79.101
5 25 47.802
5 26 57.697
5 27 92.65
5 28 89.359
5 29 59.942
5 30 35.468
5 31 85.796
5 32 39.205
5 33 115.278
5 34 84.006
5 35 62.769
5 36 89.989
5 37 77.026
5 38 42.72
5 39 70.029
5 40 93.622
5 41 70.007
5 42 86.023
5 43 64.846
5 44 81.615
5 45 92.849
5 46 39.812
5 47 91.482
5 48 50.01
5 49 92.315
5 50 27.019
5 51 43.566
5 52 19.799
5 53 62.968
5 54 68.359
5 55 85.586
5 56 6.708
5 57 99.247
5 58 57.801
5 59 71.344
5 60 82.608
6 33 36 7
6 7 51.624
6 8 47.802
6 9 43.681
6 10 62.298
6 11 22.472
6 12 44.688
6 13 63.702
6 14 31.064
6 15 61.188
6 16 28.018
6 17 39.812
6 18 34.54
6 19 41.4
6 20 21.932
6 21 51.039
6 22 33.106
6 23 44.385
6 24 53.226
6 25 29.206
6 26 27.295
6 27 22.091
6 28 20.616
6 29 24.187
6 30 41.012
6 31 9.849
6 32 38.275
6 33 39.205
6 34 58.181
6 35 32.558
6 36 48.104
6 37 23.431
6 38 45.354
6 39 60.729
6 40 33.541
6 41 32.696
6 42 14.142
6 43 33.541
6 44 66.851
6 45 16.643
6 46 49.729
6 47 41.869
6 48 66.068
6 49 19.235
6 50 60.415
6 51 63.64
6 52 56.639
6 53 18.248
6 54 60.208
6 55 9.22
6 56 74.813
6 57 23.022
6 58 27.074
6 59 15.811
6 60 72.498
7 6 80 2
7 8 40.05
7 9 15.133
7 10 89.286
7 11 64.761
7 12 10.198
7 13 74.007
7 14 79.057
7 15 103.465
7 16 57.306
7 17 44.721
7 18 57.219
7 19 11.18
7 20 73.43
7 21 56.036
7 22 84.599
7 23 16.031
7 24 5.657
7 25 49.659
7 26 35.355
7 27 42.297
7 28 39.623
7 29 36.056
7 30 57.974
7 31 51.264
7 32 63.325
7 33 75.06
7 34 7.071
7 35 77.337
7 36 99.202
7 37 74.202
7 38 78.294
7 39 105.209
7 40 29.155
7 41 80.61
7 42 43.966
7 43 23.707
7 44 18.111
7 45 54.571
7 46 81.154
7 47 17.72
7 48 101.637
7 49 67.417
7 50 56.719
7 51 96.566
7 52 69.26
7 53 39.699
7 54 21.213
7 55 55.154
7 56 86.023
7 57 57.559
7 58 68.411
7 59 36.401
7 60 118.849
8 46 82 3
8 9 25.318
8 10 52.839
8 11 69.642
8 12 43.681
8 13 34.132
8 14 78.447
8 15 74.653
8 16 31.623
8 17 10.77
8 18 74.202
8 19 40.162
8 20 66.121
8 21 16.492
8 22 76.007
8 23 24.187
8 24 36.056
8 25 23.537
8 26 21.024
8 27 56.223
8 28 52.631
8 29 24.166
8 30 23.345
8 31 54.626
8 32 31.401
8 33 85.428
8 34 41.304
8 35 55.362
8 36 83.433
8 37 61.205
8 38 46.755
8 39 78.237
8 40 53.009
8 41 61.4
8 42 51.624
8 43 23.022
8 44 41.231
8 45 61.27
8 46 48.104
8 47 48.847
8 48 68.25
8 49 66.94
8 50 17.464
8 51 62.201
8 52 30.083
8 53 29.732
8 54 28.178
8 55 56.303
8 56 46.0
8 57 67.119
8 58 46.174
8 59 35.847
8 60 92.655
9 21 78 12
9 10 74.33
9 11 61.0
9 12 18.788
9 13 59.008
9 14 73.682
9 15 90.0
9 16 43.6
9 17 29.614
9 18 58.523
9 19 15.811
9 20 65.46
9 21 41.0
9 22 76.551
9 23 1.414
9 24 12.53
9 25 35.511
9 26 21.932
9 27 41.231
9 28 37.855
9 29 23.431
9 30 43.012
9 31 46.098
9 32 48.754
9 33 73.98
9 34 18.358
9 35 65.115
9 36 89.185
9 37 64.413
9 38 64.008
9 39 92.195
9 40 32.45
9 41 69.203
9 42 40.05
9 43 10.817
9 44 23.854
9 45 51.039
9 46 66.641
9 47 25.0
9 48 87.207
9 49 61.66
9 50 42.45
9 51 81.939
9 52 54.148
9 53 28.302
9 54 17.0
9 55 49.366
9 56 71.113
9 57 55.444
9 58 55.866
9 59 27.893
9 60 106.151
10 92 56 15
10 11 81.006
10 12 89.107
10 13 25.942
10 14 79.511
10 15 32.016
10 16 36.222
10 17 44.944
10 18 96.799
10 19 85.0
10 20 64.031
10 21 37.202
10 22 67.268
10 23 73.682
10 24 86.649
10 25 41.11
10 26 55.444
10 27 82.976
10 28 80.411
10 29 56.143
10 30 31.321
10 31 72.111
10 32 27.019
10 33 97.417
10 34 92.358
10 35 37.483
10 36 60.836
10 37 53.907
10 38 17.493
10 39 38.013
10 40 89.14
10 41 43.932
10 42 75.186
10 43 66.287
10 44 93.915
10 45 78.549
10 46 13.038
10 47 91.269
10 48 18.385
10 49 73.246
10 50 44.598
10 51 11.705
10 52 24.759
10 53 56.036
10 54 81.006
10 55 70.385
10 56 26.0
10 57 84.694
10 58 36.715
10 59 64.195
10 60 50.488
11 21 17 14
11 12 55.66
11 13 85.586
11 14 15.62
11 15 72.339
11 16 49.497
11 17 62.177
11 18 20.881
11 19 53.6
11 20 21.024
11 21 73.498
11 22 28.231
11 23 62.008
11 24 67.897
11 25 51.614
11 26 48.703
11 27 23.259
11 28 25.298
11 29 45.541
11 30 63.127
11 31 15.297
11 32 59.464
11 33 16.971
11 34 71.805
11 35 45.88
11 36 47.76
11 37 30.265
11 38 63.53
11 39 70.007
11 40 38.471
11 41 42.426
11 42 21.095
11 43 52.345
11 44 82.037
11 45 10.198
11 46 68.0
11 47 50.16
11 48 81.043
11 49 9.0
11 50 82.855
11 51 80.056
11 52 78.518
11 53 39.925
11 54 78.0
11 55 13.416
11 56 96.26
11 57 9.22
11 58 44.294
11 59 34.713
11 60 78.772
12 4 70 17
12 13 76.531
12 14 70.385
12 15 100.185
12 16 55.027
12 17 46.043
12 18 47.096
12 19 4.123
12 20 66.03
12 21 58.549
12 22 77.104
12 23 20.125
12 24 15.232
12 25 48.27
12 26 33.734
12 27 32.757
12 28 30.364
12 29 33.526
12 30 58.215
12 31 42.942
12 32 62.37
12 33 65.192
12 34 17.029
12 35 72.945
12 36 92.763
12 37 67.897
12 38 76.538
12 39 101.356
12 40 19.026
12 41 75.432
12 42 35.341
12 43 23.022
12 44 28.284
12 45 45.541
12 46 79.812
12 47 7.616
12 48 99.93
12 49 59.034
12 50 61.033
12 51 95.336
12 52 71.113
12 53 35.777
12 54 30.232
12 55 47.011
12 56 88.814
12 57 48.052
12 58 64.498
12 59 30.61
12 60 114.547
13 80 79 10
13 14 88.752
13 15 56.515
13 16 36.125
13 17 30.806
13 18 96.835
13 19 72.691
13 20 73.573
13 21 18.028
13 22 80.112
13 23 58.0
13 24 70.178
13 25 35.228
13 26 45.88
13 27 80.262
13 28 77.026
13 29 47.927
13 30 22.804
13 31 73.11
13 32 26.627
13 33 102.552
13 34 75.425
13 35 51.245
13 36 79.246
13 37 64.846
13 38 32.14
13 39 61.984
13 40 81.933
13 41 58.523
13 42 73.498
13 43 53.935
13 44 74.465
13 45 80.156
13 46 30.017
13 47 80.604
13 48 44.283
13 49 79.649
13 50 20.591
13 51 37.577
13 52 7.071
13 53 50.606
13 54 61.131
13 55 72.863
13 56 12.369
13 57 86.556
13 58 45.618
13 59 59.059
13 60 75.432
14 31 5 15
14 15 64.846
14 16 53.235
14 17 69.642
14 18 34.986
14 19 68.007
14 20 15.556
14 21 79.31
14 22 16.031
14 23 74.545
14 24 81.744
14 25 57.585
14 26 58.31
14 27 38.588
14 28 40.249
14 29 55.227
14 30 67.535
14 31 27.893
14 32 62.129
14 33 22.0
14 34 86.023
14 35 42.202
14 36 35.228
14 37 25.612
14 38 62.29
14 39 61.392
14 40 53.852
14 41 36.715
14 42 35.114
14 43 64.125
14 44 95.802
14 45 25.06
14 46 66.603
14 47 65.299
14 48 76.026
14 49 12.042
14 50 89.538
14 51 76.322
14 52 81.835
14 53 49.254
14 54 90.554
14 55 24.331
14 56 98.234
14 57 24.759
14 58 43.932
14 59 46.098
14 60 68.007
15 93 24 16
15 16 46.4
15 17 64.444
15 18 92.005
15 19 96.177
15 20 51.624
15 21 62.266
15 22 49.396
15 23 89.811
15 24 102.416
15 25 54.672
15 26 68.242
15 27 83.187
15 28 81.786
15 29 67.417
15 30 51.4
15 31 69.462
15 32 43.278
15 33 86.122
15 34 108.227
15 35 28.636
15 36 35.468
15 37 42.107
15 38 28.018
15 39 6.325
15 40 93.963
15 41 30.017
15 42 75.313
15 43 79.881
15 44 112.699
15 45 74.061
15 46 27.731
15 47 99.925
15 48 16.155
15 49 63.388
15 50 72.014
15 51 21.213
15 52 53.141
15 53 64.413
15 54 101.119
15 55 66.189
15 56 58.009
15 57 79.006
15 58 35.847
15 59 70.385
15 60 18.974
16 56 52 7
16 17 20.881
16 18 62.177
16 19 50.922
16 20 38.626
16 21 26.683
16 22 46.872
16 23 43.417
16 24 56.036
16 25 8.602
16 26 21.954
16 27 47.127
16 28 44.385
16 29 21.541
16 30 14.318
16 31 37.736
16 32 10.296
16 33 66.468
16 34 61.855
16 35 23.77
16 36 51.971
16 37 31.401
16 38 21.587
16 39 48.795
16 40 53.009
16 41 29.833
16 42 39.56
16 43 33.615
16 44 66.483
16 45 44.654
16 46 25.179
16 47 56.089
16 48 44.922
16 49 43.6
16 50 37.483
16 51 40.608
16 52 29.069
16 53 20.1
16 54 55.444
16 55 37.014
16 56 46.861
16 57 51.039
16 58 14.56
16 59 28.018
16 60 62.968
17 50 72 15
17 18 69.296
17 19 42.107
17 20 56.569
17 21 13.416
17 22 66.068
17 23 28.862
17 24 41.761
17 25 13.038
17 26 15.811
17 27 51.74
17 28 48.27
17 29 18.439
17 30 13.892
17 31 47.707
17 32 21.213
17 33 78.549
17 34 47.434
17 35 44.598
17 36 72.78
17 37 51.01
17 38 36.797
17 39 67.801
17 40 51.478
17 41 50.695
17 42 46.011
17 43 23.195
17 44 49.396
17 45 54.644
17 46 38.601
17 47 49.82
17 48 59.076
17 49 58.523
17 50 20.809
17 51 53.339
17 52 25.08
17 53 22.804
17 54 37.014
17 55 48.765
17 56 43.174
17 57 60.803
17 58 35.44
17 59 30.414
17 60 82.201
18 1 23 1
18 19 46.53
18 20 41.593
18 21 82.134
18 22 49.041
18 23 59.808
18 24 61.66
18 25 61.612
18 26 53.814
18 27 18.028
18 28 21.633
18 29 50.931
18 30 74.061
18 31 24.698
18 32 72.471
18 33 19.698
18 34 64.125
18 35 64.382
18 36 68.622
18 37 50.04
18 38 79.699
18 39 90.139
18 40 28.071
18 41 62.0
18 42 23.431
18 43 52.839
18 44 75.326
18 45 18.439
18 46 84.119
18 47 40.0
18 48 99.298
18 49 29.614
18 50 89.872
18 51 97.514
18 52 89.872
18 53 46.755
18 54 74.726
18 55 26.683
18 56 108.453
18 57 13.0
18 58 60.877
18 59 38.897
18 60 99.464
19 8 69 9
19 20 62.968
19 21 54.745
19 22 74.095
19 23 17.205
19 24 15.133
19 25 44.147
19 26 29.614
19 27 31.145
19 28 28.443
19 29 29.411
19 30 54.148
19 31 40.311
19 32 58.249
19 33 64.008
19 34 18.248
19 35 69.065
19 36 89.376
19 37 64.444
19 38 72.422
19 39 97.417
19 40 18.682
19 41 71.701
19 42 32.894
19 43 19.0
19 44 29.0
19 45 43.417
19 46 75.69
19 47 9.22
19 48 95.818
19 49 56.462
19 50 57.585
19 51 91.214
19 52 67.186
19 53 31.765
19 54 29.069
19 55 44.283
19 56 85.0
19 57 46.39
19 58 60.539
19 59 26.907
19 60 110.68
20 42 16 18
20 21 65.146
20 22 11.18
20 23 66.098
20 24 75.153
20 25 43.932
20 26 47.265
20 27 38.013
20 28 38.288
20 29 44.407
20 30 52.924
20 31 24.083
20 32 47.011
20 33 34.785
20 34 80.062
20 35 26.926
20 36 28.302
20 37 10.296
20 38 46.755
20 39 49.041
20 40 52.402
20 41 22.136
20 42 31.828
20 43 55.082
20 44 88.769
20 45 25.495
20 46 51.088
20 47 62.37
20 48 61.465
20 49 12.042
20 50 75.69
20 51 61.294
20 52 66.731
20 53 38.471
20 54 81.744
20 55 19.849
20 56 82.801
20 57 28.862
20 58 28.425
20 59 37.696
20 60 57.871
21 62 78 14
21 22 73.546
21 23 40.012
21 24 52.345
21 25 21.954
21 26 29.155
21 27 64.815
21 28 61.4
21 29 31.623
21 30 13.0
21 31 59.666
21 32 21.213
21 33 90.211
21 34 57.706
21 35 48.094
21 36 77.104
21 37 58.052
21 38 34.438
21 39 66.641
21 40 64.885
21 41 55.009
21 42 58.728
21 43 36.139
21 44 57.585
21 45 66.708
21 46 34.67
21 47 62.817
21 48 53.759
21 49 68.884
21 50 11.0
21 51 47.381
21 52 13.601
21 53 35.384
21 54 44.385
21 55 60.216
21 56 30.265
21 57 73.0
21 58 40.05
21 59 43.417
21 60 80.951
22 47 6 18
22 23 77.162
22 24 86.331
22 25 53.151
22 26 57.871
22 27 48.166
22 28 48.795
22 29 55.109
22 30 60.877
22 31 34.713
22 32 54.083
22 33 38.013
22 34 91.241
22 35 30.0
22 36 19.647
22 37 15.524
22 38 50.804
22 39 45.607
22 40 62.936
22 41 23.345
22 42 42.521
22 43 66.098
22 44 99.925
22 45 35.0
22 46 54.818
22 47 73.246
22 48 61.587
22 49 20.248
22 50 84.345
22 51 62.626
22 52 73.539
22 53 49.244
22 54 92.72
22 55 30.48
22 56 88.323
22 57 37.121
22 58 34.54
22 59 48.847
22 60 52.0
23 22 79 15
23 24 13.0
23 25 35.228
23 26 21.932
23 27 42.45
23 28 39.051
23 29 23.601
23 30 42.379
23 31 47.043
23 32 48.301
23 33 75.133
23 34 18.788
23 35 65.192
23 36 89.554
23 37 64.846
23 38 63.632
23 39 92.098
23 40 33.838
23 41 69.405
23 42 41.11
23 43 11.18
23 44 23.601
23 45 52.086
23 46 66.189
23 47 26.401
23 48 86.77
23 49 62.514
23 50 41.231
23 51 81.437
23 52 53.235
23 53 28.653
23 54 16.031
23 55 50.249
23 56 70.064
23 57 56.569
23 58 55.902
23 59 28.636
23 60 106.104
24 10 84 13
24 25 48.021
24 26 34.205
24 27 46.011
24 28 43.105
24 29 35.384
24 30 55.362
24 31 53.852
24 32 61.27
24 33 79.006
24 34 5.831
24 35 77.078
24 36 100.125
24 37 75.166
24 38 76.538
24 39 104.484
24 40 33.734
24 41 80.808
24 42 46.872
24 43 22.672
24 44 14.142
24 45 57.706
24 46 79.158
24 47 22.847
24 48 99.73
24 49 69.921
24 50 52.24
24 51 94.43
24 52 65.765
24 53 39.699
24 54 15.556
24 55 57.567
24 56 82.024
24 57 61.131
24 58 67.941
24 59 37.59
24 60 118.343
25 51 59 13
25 26 14.56
25 27 45.177
25 28 42.048
25 29 15.033
25 30 12.53
25 31 38.184
25 32 14.142
25 33 68.411
25 34 53.852
25 35 32.202
25 36 59.908
25 37 38.0
25 38 28.636
25 39 57.28
25 40 48.662
25 41 37.947
25 42 38.275
25 43 26.0
25 44 58.052
25 45 45.255
25 46 31.623
25 47 50.16
25 48 52.0
25 49 46.957
25 50 31.953
25 51 47.127
25 52 28.302
25 53 15.811
25 54 46.861
25 55 38.419
25 56 47.011
25 57 51.624
25 58 22.847
25 59 24.352
25 60 71.505
26 37 63 16
26 27 36.069
26 28 32.558
26 29 3.162
26 30 25.08
26 31 33.615
26 32 28.636
26 33 64.405
26 34 40.0
26 35 43.278
26 36 68.447
26 37 44.272
26 38 43.081
26 39 70.292
26 40 36.056
26 41 47.707
26 42 30.806
26 43 11.662
26 44 45.453
26 45 40.249
26 46 46.174
26 47 36.0
26 48 66.483
26 49 46.53
26 50 36.069
26 51 61.685
26 52 39.56
26 53 9.055
26 54 35.777
26 55 35.44
26 56 58.189
26 57 46.141
26 58 33.971
26 59 15.0
26 60 84.22
27 11 38 6
27 28 3.606
27 29 33.302
27 30 57.706
27 31 14.318
27 32 57.245
27 33 33.061
27 34 49.366
27 35 54.589
27 36 66.287
27 37 43.463
27 38 66.611
27 39 82.462
27 40 15.264
27 41 54.12
27 42 8.0
27 43 34.886
27 44 60.075
27 45 13.601
27 46 70.859
27 47 26.926
27 48 88.006
27 49 28.32
27 50 72.125
27 51 85.288
27 52 73.43
27 53 29.682
27 54 57.871
27 55 18.358
27 56 92.179
27 57 15.297
27 58 49.0
27 59 21.401
27 60 93.638
28 13 41 17
28 29 29.833
28 30 54.562
28 31 14.213
28 32 54.406
28 33 36.222
28 34 46.69
28 35 53.151
28 36 66.4
28 37 42.942
28 38 64.281
28 39 81.32
28 40 14.142
28 41 53.141
28 42 6.708
28 43 31.305
28 44 57.219
28 45 15.232
28 46 68.469
28 47 25.06
28 48 86.023
28 49 29.411
28 50 68.593
28 51 83.096
28 52 70.235
28 53 26.42
28 54 54.589
28 55 18.439
28 56 89.006
28 57 18.028
28 58 47.096
28 59 18.028
28 60 92.849
29 36 60 19
29 30 26.476
29 31 30.463
29 32 29.155
29 33 61.27
29 34 41.11
29 35 41.725
29 36 66.189
29 37 41.785
29 38 43.012
29 39 69.203
29 40 34.205
29 41 45.804
29 42 27.803
29 43 12.728
29 44 47.202
29 45 37.121
29 46 46.325
29 47 35.128
29 48 66.408
29 49 43.417
29 50 38.949
29 51 61.847
29 52 41.437
29 53 6.0
29 54 38.079
29 55 32.28
29 56 60.166
29 57 43.046
29 58 32.558
29 59 12.042
29 60 82.976
30 62 65 8
30 31 50.329
30 32 8.544
30 33 80.056
30 34 61.098
30 35 35.128
30 36 64.125
30 37 45.354
30 38 23.431
30 39 55.227
30 40 60.638
30 41 42.012
30 42 50.774
30 43 35.228
30 44 63.285
30 45 57.385
30 46 24.839
30 47 61.033
30 48 45.222
30 49 57.689
30 50 24.0
30 51 39.446
30 52 15.811
30 53 28.231
30 54 50.804
30 55 50.21
30 56 34.482
30 57 63.781
30 58 27.074
30 59 36.77
30 60 69.642
31 24 32 5
31 32 48.021
31 33 30.887
31 34 58.189
31 35 41.049
31 36 52.202
31 37 29.155
31 38 55.082
31 39 68.447
31 40 28.32
31 41 40.025
31 42 7.81
31 43 37.121
31 44 67.912
31 45 7.071
31 46 59.481
31 47 38.601
31 48 75.326
31 49 16.155
31 50 68.505
31 51 73.164
31 52 66.068
31 53 25.06
31 54 63.071
31 55 4.243
31 56 84.404
31 57 13.454
31 58 36.497
31 59 19.416
31 60 79.379
32 65 57 17
32 33 76.42
32 34 67.082
32 35 27.0
32 36 56.009
32 37 38.626
32 38 15.62
32 39 46.872
32 40 62.29
32 41 34.059
32 42 49.769
32 43 39.85
32 44 70.214
32 45 54.918
32 46 17.889
32 47 64.281
32 48 38.471
32 49 53.151
32 50 32.14
32 51 33.242
32 52 19.723
32 53 29.155
32 54 58.138
32 55 47.202
32 56 36.797
32 57 61.294
32 58 19.647
32 59 37.483
32 60 61.294
33 9 5 18
33 34 82.098
33 35 61.327
33 36 57.14
33 37 44.944
33 38 79.925
33 39 83.024
33 40 46.39
33 41 56.921
33 42 34.482
33 43 66.483
33 44 93.005
33 45 24.166
33 46 84.38
33 47 58.549
33 48 96.208
33 49 24.187
33 50 99.323
33 51 95.755
33 52 95.483
33 53 55.946
33 54 90.796
33 55 30.0
33 56 113.217
33 57 18.682
33 58 60.745
33 59 49.769
33 60 90.006
34 5 87 18
34 35 82.759
34 36 105.437
34 37 80.449
34 38 82.365
34 39 110.259
34 40 36.056
34 41 86.371
34 42 50.961
34 43 28.425
34 44 11.402
34 45 61.612
34 46 84.971
34 47 24.331
34 48 105.546
34 49 74.33
34 50 57.035
34 51 100.225
34 52 71.197
34 53 45.277
34 54 17.889
34 55 62.032
34 56 87.144
34 57 64.63
34 58 73.661
34 59 42.72
34 60 124.085
35 65 30 5
35 36 29.017
35 37 16.643
35 38 20.809
35 39 28.636
35 40 65.46
35 41 7.28
35 42 46.69
35 43 54.452
35 44 88.73
35 45 46.098
35 46 24.839
35 47 72.007
35 48 35.171
35 49 37.336
35 50 59.076
35 51 34.438
35 52 45.122
35 53 37.643
35 54 78.492
35 55 38.013
35 56 58.592
35 57 51.478
35 58 9.434
35 59 42.544
35 60 41.617
36 66 1 10
36 37 25.0
36 38 47.297
36 39 30.232
36 40 80.43
36 41 22.204
36 42 59.816
36 43 78.39
36 44 113.018
36 45 53.712
36 46 50.289
36 47 89.828
36 48 50.329
36 49 39.395
36 50 88.091
36 51 53.254
36 52 73.553
36 53 60.902
36 54 104.216
36 55 48.01
36 56 85.071
36 57 56.462
36 58 37.483
36 59 62.801
36 60 33.377
37 51 21 15
37 38 36.77
37 39 40.112
37 40 56.604
37 41 12.166
37 42 36.235
37 43 53.666
37 44 88.193
37 45 32.558
37 46 41.037
37 47 65.299
37 48 51.264
37 49 21.378
37 50 68.884
37 51 51.0
37 52 58.181
37 53 36.249
37 54 79.85
37 55 25.298
37 56 73.498
37 57 37.054
37 58 19.235
37 59 37.802
37 60 50.289
38 77 47 14
38 39 32.202
38 40 74.108
38 41 27.785
38 42 58.694
38 43 54.626
38 44 85.802
38 45 61.351
38 46 4.472
38 47 77.666
38 48 23.409
38 49 55.758
38 50 44.598
38 51 19.105
38 52 27.074
38 53 41.593
38 54 73.756
38 55 53.141
38 56 38.079
38 57 67.417
38 58 19.235
38 59 49.163
38 60 46.53
39 91 18 3
39 40 93.984
39 41 28.443
39 42 74.726
39 43 81.835
39 44 115.278
39 45 72.56
39 46 32.573
39 47 100.623
39 48 22.472
39 49 61.008
39 50 76.694
39 51 27.459
39 52 58.241
39 53 65.734
39 54 104.062
39 55 64.938
39 56 64.008
39 57 77.162
39 58 36.892
39 59 71.12
39 60 14.422
40 3 51 10
40 41 66.212
40 42 20.616
40 43 30.0
40 44 47.265
40 45 28.844
40 46 78.026
40 47 12.166
40 48 96.747
40 49 43.417
40 50 70.178
40 51 93.193
40 52 75.584
40 53 33.136
40 54 47.539
40 55 32.558
40 56 94.244
40 57 30.083
40 58 58.464
40 59 25.0
40 60 106.024
41 63 23 4
41 42 46.487
41 43 58.412
41 44 93.005
41 45 44.181
41 46 31.623
41 47 73.783
41 48 39.395
41 49 33.541
41 50 66.008
41 51 39.661
41 52 52.393
41 53 41.11
41 54 83.355
41 55 36.497
41 56 65.742
41 57 49.0
41 58 15.297
41 59 44.822
41 60 39.812
42 19 38 8
42 43 32.016
42 44 61.0
42 45 11.0
42 46 62.968
42 47 30.806
42 48 80.006
42 49 23.707
42 50 66.708
42 51 77.318
42 52 66.573
42 53 23.345
42 54 57.035
42 55 12.042
42 56 85.235
42 57 15.811
42 58 41.0
42 59 15.811
42 60 86.163
43 27 69 2
43 44 34.67
43 45 42.755
43 46 57.585
43 47 26.683
43 48 78.0
43 49 52.086
43 50 40.311
43 51 73.055
43 52 48.26
43 53 17.493
43 54 26.683
43 55 40.0
43 56 66.287
43 57 47.802
43 58 45.277
43 59 18.028
43 60 95.671
44 8 98 9
44 45 71.847
44 46 87.92
44 47 35.693
44 48 108.453
44 49 83.934
44 50 54.745
44 51 102.728
44 52 71.169
44 53 52.154
44 54 13.342
44 55 71.568
44 56 85.51
44 57 75.24
44 58 79.398
44 59 51.078
44 60 129.402
45 19 27 14
45 46 65.788
45 47 40.249
45 48 80.895
45 49 14.866
45 50 75.452
45 51 79.076
45 52 73.11
45 53 31.906
45 54 68.029
45 55 8.246
45 56 91.4
45 57 6.403
45 58 42.45
45 59 25.632
45 60 82.71
46 81 49 18
46 47 81.216
46 48 20.591
46 49 60.208
46 50 44.283
46 51 15.524
46 52 25.71
46 53 45.277
46 54 75.604
46 55 57.585
46 56 34.785
46 57 71.868
46 58 23.707
46 59 53.038
46 60 46.615
47 1 63 20
47 48 100.896
47 49 54.378
47 50 66.31
47 51 96.69
47 52 74.813
47 53 36.139
47 54 37.736
47 55 42.802
47 56 92.962
47 57 42.059
47 58 64.078
47 59 29.547
47 60 113.371
48 99 39 17
48 49 72.422
48 50 62.201
48 51 6.708
48 52 42.438
48 53 64.761
48 54 96.021
48 55 72.691
48 56 43.566
48 57 86.493
48 58 39.013
48 59 72.007
48 60 33.0
49 30 17 9
49 50 78.791
49 51 71.694
49 52 72.622
49 53 37.483
49 54 78.518
49 55 12.369
49 56 89.828
49 57 17.088
49 58 36.62
49 59 34.059
49 60 69.871
50 62 89 4
50 51 55.606
50 52 19.849
50 53 43.6
50 54 41.437
50 55 69.462
50 56 30.806
50 57 81.609
50 58 51.039
50 59 50.99
50 60 90.874
51 96 45 17
51 52 35.805
51 53 60.671
51 54 90.139
51 55 70.831
51 56 37.216
51 57 84.9
51 58 36.674
51 59 68.264
51 60 39.115
52 75 74 5
52 53 43.829
52 54 57.94
52 55 65.795
52 56 18.788
52 57 79.511
52 58 39.0
52 59 52.326
52 60 72.111
53 36 54 17
53 54 43.658
53 55 26.571
53 56 62.61
53 57 38.013
53 58 28.844
53 59 8.544
53 60 79.202
54 21 95 4
54 55 66.272
54 56 72.18
54 57 72.339
54 58 69.065
54 59 44.553
54 60 118.343
55 27 29 5
55 56 83.869
55 57 14.318
55 58 34.205
55 59 22.023
55 60 75.584
56 92 82 7
56 57 97.801
56 58 54.406
56 59 71.113
56 60 76.322
57 14 23 2
57 58 48.384
57 59 31.305
57 60 86.683
58 60 38 13
58 59 34.54
58 60 50.448
59 28 51 20
59 60 84.06
60 99 6 20
