10 2 3
1 1 46 4
1 2 34.438
1 3 43.417
1 4 86.035
1 5 94.34
1 6 61.294
1 7 88.837
1 8 55.543
1 9 30.594
1 10 31.828
2 16 15 16
2 3 56.859
2 4 89.196
2 5 82.28
2 6 59.034
2 7 98.234
2 8 85.024
2 9 9.055
2 10 10.63
3 39 67 6
3 4 43.738
3 5 63.063
3 6 27.459
3 7 45.486
3 8 41.4
3 9 60.208
3 10 46.819
4 82 75 16
4 5 39.217
4 6 30.48
4 7 17.72
4 8 72.45
4 9 95.425
4 10 78.645
5 95 38 12
5 6 35.847
5 7 56.921
5 8 102.005
5 9 90.708
5 10 73.546
6 62 52 19
6 7 42.72
6 8 67.882
6 9 65.734
6 10 48.6
7 77 92 6
7 8 63.506
7 9 103.325
7 10 87.618
8 14 100 9
8 9 84.291
8 10 77.524
9 7 16 4
9 10 17.464
10 23 23 12
