100 4
1 17 14 1
1 2 71.568
1 3 49.406
1 4 48.374
1 5 51.4
1 6 77.0
1 7 83.6
1 8 40.853
1 9 51.01
1 10 46.065
1 11 13.0
1 12 55.758
1 13 9.0
1 14 78.772
1 15 34.132
1 16 42.048
1 17 43.658
1 18 82.006
1 19 55.579
1 20 93.477
1 21 25.0
1 22 57.983
1 23 62.008
1 24 91.214
1 25 78.918
1 26 36.62
1 27 68.884
1 28 84.929
1 29 62.0
1 30 94.795
1 31 42.45
1 32 87.046
1 33 2.236
1 34 68.964
1 35 1.414
1 36 14.318
1 37 103.586
1 38 54.745
1 39 61.587
1 40 93.193
1 41 63.159
1 42 81.302
1 43 55.543
1 44 56.143
1 45 37.216
1 46 72.422
1 47 80.623
1 48 25.495
1 49 34.928
1 50 33.061
1 51 9.434
1 52 81.006
1 53 77.104
1 54 85.071
1 55 85.586
1 56 53.451
1 57 100.424
1 58 82.735
1 59 61.847
1 60 75.425
1 61 73.348
1 62 40.262
1 63 58.258
1 64 82.225
1 65 42.059
1 66 91.263
1 67 45.1
1 68 82.073
1 69 18.358
1 70 48.374
1 71 90.272
1 72 78.518
1 73 26.077
1 74 41.012
1 75 50.04
1 76 61.008
1 77 71.176
1 78 59.641
1 79 73.553
1 80 44.688
1 81 28.284
1 82 26.019
1 83 85.0
1 84 68.731
1 85 52.01
1 86 50.99
1 87 103.392
1 88 68.593
1 89 54.009
1 90 29.732
1 91 52.0
1 92 53.009
1 93 26.476
1 94 39.205
1 95 90.139
1 96 53.009
1 97 34.785
1 98 115.974
1 99 88.391
1 100 76.164
2 86 33 15
2 3 45.177
2 4 80.411
2 5 30.463
2 6 20.616
2 7 16.643
2 8 31.257
2 9 75.153
2 10 52.802
2 11 61.847
2 12 24.597
2 13 62.936
2 14 82.735
2 15 38.484
2 16 31.016
2 17 58.31
2 18 23.854
2 19 30.414
2 20 69.08
2 21 49.163
2 22 35.609
2 23 19.313
2 24 37.121
2 25 32.28
2 26 49.244
2 27 97.617
2 28 81.835
2 29 20.248
2 30 50.16
2 31 62.032
2 32 40.311
2 33 73.082
2 34 67.897
2 35 70.342
2 36 57.28
2 37 49.031
2 38 18.028
2 39 48.836
2 40 61.685
2 41 58.796
2 42 98.082
2 43 18.248
2 44 81.841
2 45 35.341
2 46 3.0
2 47 38.601
2 48 64.281
2 49 62.817
2 50 68.447
2 51 80.654
2 52 20.1
2 53 93.236
2 54 13.892
2 55 40.608
2 56 18.248
2 57 44.147
2 58 15.264
2 59 9.849
2 60 82.807
2 61 5.831
2 62 81.492
2 63 41.231
2 64 11.0
2 65 59.808
2 66 58.523
2 67 28.844
2 68 43.012
2 69 53.935
2 70 27.459
2 71 52.393
2 72 29.411
2 73 71.344
2 74 33.287
2 75 28.32
2 76 19.698
2 77 14.142
2 78 25.0
2 79 38.471
2 80 36.401
2 81 65.62
2 82 68.359
2 83 32.016
2 84 92.962
2 85 26.249
2 86 66.648
2 87 58.0
2 88 10.05
2 89 25.0
2 90 50.22
2 91 21.024
2 92 28.636
2 93 64.382
2 94 46.573
2 95 59.135
2 96 28.636
2 97 81.216
2 98 65.115
2 99 43.417
2 100 15.652
3 46 54 7
3 4 35.903
3 5 15.0
3 6 62.482
3 7 61.774
3 8 26.571
3 9 30.083
3 10 8.062
3 11 48.104
3 12 20.591
3 13 44.721
3 14 42.048
3 15 37.336
3 16 23.77
3 17 14.036
3 18 67.007
3 19 54.589
3 20 45.222
3 21 26.571
3 22 12.042
3 23 51.088
3 24 45.88
3 25 71.449
3 26 12.806
3 27 52.479
3 28 44.385
3 29 51.856
3 30 46.228
3 31 18.028
3 32 39.825
3 33 51.614
3 34 27.514
3 35 48.01
3 36 39.925
3 37 56.824
3 38 39.825
3 39 12.649
3 40 43.909
3 41 18.439
3 42 54.562
3 43 28.425
3 44 36.674
3 45 36.878
3 46 43.863
3 47 33.121
3 48 28.302
3 49 21.84
3 50 27.893
3 51 58.258
3 52 42.012
3 53 49.578
3 54 53.852
3 55 38.079
3 56 32.558
3 57 54.626
3 58 60.415
3 59 39.825
3 60 40.817
3 61 50.249
3 62 39.013
3 63 9.434
3 64 55.154
3 65 16.0
3 66 41.881
3 67 40.311
3 68 33.601
3 69 33.615
3 70 20.616
3 71 41.037
3 72 69.296
3 73 34.015
3 74 40.804
3 75 46.957
3 76 50.448
3 77 54.672
3 78 20.881
3 79 25.554
3 80 12.083
3 81 27.731
3 82 31.305
3 83 40.522
3 84 48.01
3 85 47.011
3 86 21.471
3 87 54.489
3 88 49.82
3 89 48.021
3 90 50.01
3 91 27.586
3 92 16.643
3 93 27.785
3 94 10.296
3 95 40.817
3 96 16.643
3 97 40.608
3 98 67.476
3 99 40.497
3 100 58.6
4 11 62 15
4 5 49.98
4 6 95.88
4 7 96.773
4 8 55.0
4 9 7.616
4 10 27.893
4 11 55.973
4 12 55.973
4 13 50.289
4 14 34.482
4 15 60.208
4 16 53.254
4 17 22.136
4 18 100.722
4 19 82.807
4 20 60.216
4 21 42.012
4 22 47.518
4 23 82.662
4 24 78.409
4 25 103.228
4 26 32.45
4 27 21.471
4 28 42.438
4 29 83.235
4 30 74.041
4 31 18.385
4 32 70.859
4 33 50.249
4 34 31.623
4 35 47.518
4 36 49.244
4 37 87.098
4 38 71.561
4 39 39.205
4 40 64.413
4 41 32.573
4 42 33.015
4 43 62.65
4 44 8.246
4 45 61.522
4 46 79.379
4 47 64.498
4 48 25.495
4 49 19.799
4 50 17.0
4 51 53.038
4 52 77.524
4 53 29.069
4 54 89.739
4 55 68.884
4 56 65.368
4 57 86.145
4 58 95.462
4 59 73.79
4 60 30.414
4 61 85.088
4 62 9.849
4 63 43.105
4 64 90.758
4 65 20.616
4 66 63.977
4 67 68.015
4 68 63.151
4 69 44.777
4 70 53.666
4 71 66.731
4 72 101.514
4 73 22.361
4 74 66.468
4 75 75.073
4 76 81.841
4 77 88.193
4 78 56.754
4 79 57.219
4 80 44.283
4 81 22.361
4 82 23.087
4 83 74.061
4 84 20.396
4 85 75.928
4 86 16.125
4 87 80.411
4 88 83.648
4 89 77.466
4 90 67.231
4 91 60.828
4 92 51.865
4 93 24.597
4 94 34.482
4 95 62.169
4 96 51.865
4 97 15.811
4 98 93.776
4 99 70.406
4 100 92.59
5 58 45 2
5 6 47.508
5 7 46.957
5 8 16.279
5 9 44.721
5 10 22.361
5 11 46.228
5 12 6.083
5 13 44.553
5 14 55.758
5 15 28.862
5 16 13.342
5 17 27.857
5 18 52.01
5 19 41.437
5 20 52.038
5 21 26.401
5 22 10.0
5 23 36.62
5 24 39.825
5 25 56.727
5 26 20.025
5 27 67.417
5 28 56.859
5 29 37.443
5 30 44.944
5 31 31.623
5 32 36.235
5 33 53.413
5 34 40.817
5 35 50.0
5 36 38.897
5 37 52.345
5 38 25.554
5 39 22.472
5 40 48.052
5 41 31.385
5 42 69.311
5 43 13.454
5 44 51.478
5 45 27.295
5 46 29.411
5 47 30.232
5 48 36.497
5 49 33.136
5 50 39.051
5 51 60.803
5 52 31.048
5 53 64.351
5 54 40.311
5 55 35.0
5 56 18.028
5 57 49.041
5 58 45.618
5 59 24.839
5 60 55.0
5 61 35.355
5 62 51.624
5 63 14.56
5 64 40.804
5 65 29.411
5 66 45.354
5 67 28.284
5 68 32.65
5 69 33.302
5 70 7.071
5 71 42.154
5 72 54.489
5 73 43.29
5 74 30.0
5 75 34.205
5 76 36.056
5 77 39.699
5 78 8.544
5 79 24.166
5 80 7.28
5 81 37.121
5 82 40.311
5 83 33.601
5 84 63.008
5 85 33.838
5 86 36.359
5 87 53.852
5 88 34.828
5 89 34.54
5 90 43.012
5 91 13.038
5 92 2.0
5 93 36.346
5 94 17.0
5 95 44.911
5 96 2.0
5 97 52.038
5 98 65.605
5 99 38.013
5 100 43.6
6 94 14 8
6 7 11.662
6 8 41.785
6 9 91.526
6 10 69.405
6 11 65.192
6 12 42.426
6 13 68.0
6 14 102.176
6 15 43.105
6 16 42.953
6 17 74.33
6 18 5.099
6 19 23.409
6 20 89.694
6 21 58.941
6 22 54.562
6 23 15.033
6 24 56.223
6 25 12.042
6 26 63.53
6 27 114.621
6 28 101.833
6 29 15.0
6 30 70.036
6 31 77.698
6 32 60.415
6 33 78.026
6 34 87.207
6 35 76.007
6 36 63.071
6 37 67.03
6 38 24.698
6 39 68.118
6 40 82.219
6 41 77.897
6 42 116.692
6 43 34.059
6 44 98.473
6 45 40.2
6 46 23.409
6 47 59.135
6 48 76.217
6 49 76.922
6 50 81.939
6 51 85.147
6 52 39.459
6 53 111.759
6 54 26.306
6 55 60.877
6 56 30.529
6 57 62.032
6 58 12.083
6 59 22.672
6 60 101.912
6 61 14.866
6 62 95.341
6 63 60.208
6 64 19.235
6 65 75.472
6 66 79.057
6 67 32.14
6 68 63.569
6 69 61.66
6 70 42.438
6 71 72.801
6 72 9.055
6 73 83.169
6 74 36.014
6 75 27.074
6 76 16.031
6 77 7.81
6 78 44.045
6 79 59.034
6 80 51.865
6 81 78.186
6 82 80.324
6 83 51.788
6 84 110.422
6 85 25.02
6 86 83.6
6 87 77.414
6 88 12.728
6 89 23.022
6 90 50.01
6 91 35.228
6 92 46.011
6 93 76.551
6 94 61.4
6 95 79.712
6 96 46.011
6 97 93.984
6 98 83.096
6 99 63.561
6 100 5.099
7 100 24 1
7 8 45.277
7 9 91.679
7 10 69.318
7 11 72.567
7 12 41.183
7 13 74.673
7 14 99.035
7 15 49.497
7 16 45.706
7 17 74.733
7 18 11.045
7 19 33.287
7 20 83.241
7 21 63.198
7 22 52.202
7 23 22.847
7 24 47.297
7 25 22.561
7 26 65.146
7 27 114.237
7 28 97.745
7 29 23.259
7 30 61.685
7 31 78.39
7 32 52.555
7 33 84.853
7 34 84.291
7 35 82.492
7 36 69.354
7 37 57.14
7 38 29.017
7 39 65.299
7 40 75.153
7 41 75.286
7 42 114.634
7 43 34.176
7 44 98.412
7 45 46.39
7 46 18.439
7 47 52.355
7 48 79.429
7 49 78.746
7 50 84.202
7 51 92.228
7 52 31.385
7 53 109.809
7 54 16.125
7 55 53.31
7 56 32.558
7 57 52.154
7 58 1.414
7 59 23.537
7 60 99.247
7 61 11.705
7 62 97.417
7 63 57.801
7 64 9.487
7 65 76.158
7 66 72.014
7 67 38.639
7 68 56.824
7 69 67.007
7 70 43.324
7 71 65.391
7 72 19.647
7 73 86.493
7 74 42.953
7 75 35.114
7 76 23.77
7 77 13.0
7 78 41.617
7 79 53.6
7 80 52.555
7 81 81.025
7 82 83.546
7 83 43.658
7 84 109.604
7 85 32.894
7 86 83.241
7 87 68.447
7 88 15.033
7 89 31.016
7 90 58.523
7 91 36.401
7 92 45.177
7 93 79.624
7 94 62.626
7 95 72.897
7 96 45.177
7 97 96.773
7 98 73.027
7 99 55.714
7 100 8.602
8 55 29 16
8 9 51.624
8 10 31.064
8 11 32.802
8 12 17.493
8 13 32.65
8 14 68.542
8 15 12.649
8 16 3.0
8 17 34.713
8 18 46.819
8 19 28.601
8 20 68.184
8 21 18.0
8 22 26.173
8 23 27.785
8 24 53.263
8 25 48.26
8 26 22.672
8 27 74.967
8 28 70.88
8 29 28.302
8 30 60.374
8 31 37.483
8 32 51.108
8 33 42.544
8 34 54.083
8 35 39.56
8 36 26.833
8 37 66.219
8 38 17.088
8 39 37.336
8 40 64.327
8 41 44.922
8 42 79.881
8 43 14.765
8 44 58.694
8 45 11.045
8 46 31.78
8 47 45.618
8 48 34.482
8 49 35.511
8 50 40.249
8 51 50.16
8 52 40.804
8 53 74.887
8 54 44.385
8 55 50.12
8 56 13.038
8 57 62.37
8 58 44.181
8 59 22.0
8 60 67.082
8 61 34.015
8 62 53.666
8 63 30.017
8 64 42.19
8 65 35.355
8 66 61.612
8 67 13.892
8 68 48.466
8 69 22.804
8 70 9.849
8 71 58.189
8 72 46.648
8 73 41.485
8 74 14.318
8 75 20.809
8 76 26.926
8 77 34.482
8 78 21.954
8 79 40.162
8 80 14.56
8 81 36.401
8 82 38.601
8 83 46.861
8 84 71.505
8 85 21.26
8 86 44.822
8 87 69.318
8 88 30.594
8 89 22.627
8 90 26.926
8 91 11.18
8 92 16.763
8 93 34.785
8 94 21.26
8 95 61.188
8 96 16.763
8 97 52.202
8 98 80.455
8 99 53.235
8 100 39.294
9 18 65 11
9 10 22.361
9 11 57.07
9 12 50.567
9 13 51.624
9 14 28.792
9 15 58.249
9 16 49.578
9 17 17.205
9 18 96.255
9 19 79.981
9 20 52.802
9 21 40.706
9 22 41.231
9 23 78.873
9 24 71.176
9 25 99.489
9 26 29.0
9 27 23.345
9 28 36.235
9 29 79.511
9 30 66.483
9 31 14.142
9 32 63.506
9 33 53.038
9 34 24.207
9 35 50.0
9 36 49.729
9 37 79.624
9 38 67.624
9 39 32.016
9 40 56.824
9 41 25.0
9 42 31.048
9 43 57.801
9 44 7.071
9 45 59.203
9 46 73.926
9 47 57.219
9 48 26.306
9 49 18.385
9 50 18.028
9 51 56.719
9 52 71.021
9 53 26.476
9 54 83.815
9 55 61.522
9 56 61.033
9 57 78.772
9 58 90.338
9 59 69.116
9 60 25.0
9 61 80.062
9 62 16.279
9 63 36.497
9 64 85.235
9 65 16.279
9 66 56.365
9 67 65.115
9 68 55.731
9 69 44.598
9 70 49.092
9 71 59.135
9 72 97.617
9 73 25.179
9 74 64.031
9 75 72.18
9 76 78.102
9 77 83.762
9 78 50.922
9 79 50.04
9 80 39.661
9 81 23.195
9 82 25.0
9 83 67.0
9 84 20.248
9 85 72.835
9 86 9.055
9 87 72.801
9 88 79.076
9 89 74.25
9 90 66.708
9 91 56.303
9 92 46.519
9 93 25.318
9 94 30.48
9 95 54.562
9 96 46.519
9 97 21.633
9 98 86.163
9 99 62.968
9 100 87.983
10 38 55 14
10 11 46.872
10 12 28.231
10 13 42.72
10 14 38.328
10 15 40.162
10 16 28.601
10 17 6.0
10 18 74.061
10 19 59.641
10 20 47.413
10 21 26.019
10 22 20.0
10 23 57.28
10 24 53.16
10 25 77.833
10 26 11.0
10 27 45.222
10 28 42.107
10 29 57.983
10 30 52.154
10 31 10.0
10 32 46.615
10 33 48.301
10 34 25.02
10 35 44.721
10 36 38.639
10 37 63.561
10 38 45.967
10 39 16.279
10 40 47.634
10 41 17.464
10 42 48.826
10 43 35.511
10 44 29.155
10 45 40.311
10 46 51.624
10 47 39.925
10 48 22.627
10 49 14.765
10 50 20.616
10 51 54.378
10 52 50.04
10 53 43.829
10 54 61.847
10 55 44.777
10 56 39.051
10 57 61.685
10 58 67.978
10 59 46.872
10 60 36.401
10 61 57.706
10 62 31.064
10 63 16.492
10 64 62.968
10 65 8.062
10 66 46.011
10 67 44.944
10 68 39.825
10 69 32.388
10 70 27.019
10 71 46.228
10 72 75.822
10 73 27.459
10 74 44.721
10 75 51.865
10 76 56.569
10 77 61.612
10 78 28.862
10 79 32.311
10 80 17.692
10 81 21.401
10 82 25.0
10 83 48.052
10 84 41.11
10 85 52.202
10 86 14.213
10 87 60.0
10 88 56.859
10 89 53.413
10 90 51.478
10 91 34.205
10 92 24.166
10 93 21.932
10 94 10.44
10 95 44.688
10 96 24.166
10 97 32.985
10 98 73.239
10 99 46.957
10 100 65.734
11 29 9 4
11 12 49.497
11 13 5.831
11 14 83.006
11 15 23.409
11 16 34.713
11 17 46.098
11 18 70.114
11 19 43.105
11 20 93.301
11 21 21.541
11 22 54.378
11 23 50.359
11 24 85.563
11 25 66.37
11 26 36.139
11 27 77.253
11 28 88.204
11 29 50.249
11 30 91.022
11 31 46.011
11 32 82.462
11 33 13.342
11 34 71.449
11 35 12.53
11 36 8.246
11 37 98.351
11 38 44.272
11 39 60.745
11 40 91.706
11 41 64.327
11 42 88.074
11 43 47.434
11 44 63.063
11 45 26.571
11 46 63.071
11 47 76.4
11 48 30.806
11 49 39.205
11 50 39.294
11 51 20.0
11 52 73.6
11 53 83.546
11 54 75.644
11 55 81.216
11 56 44.294
11 57 94.752
11 58 71.805
11 59 52.0
11 60 80.1
11 61 62.936
11 62 49.193
11 63 55.902
11 64 72.111
11 65 45.011
11 66 89.443
11 67 33.956
11 68 78.492
11 69 14.56
11 70 41.725
11 71 87.464
11 72 66.121
11 73 34.015
11 74 29.614
11 75 38.118
11 76 49.366
11 77 59.841
11 78 53.759
11 79 69.893
11 80 40.497
11 81 33.956
11 82 32.894
11 83 79.196
11 84 76.243
11 85 40.2
11 86 55.036
11 87 99.865
11 88 57.723
11 89 42.19
11 90 16.763
11 91 43.829
11 92 47.508
11 93 31.78
11 94 37.947
11 95 88.566
11 96 47.508
11 97 44.418
11 98 111.826
11 99 84.202
11 100 64.777
12 64 44 20
12 13 48.415
12 14 60.0
12 15 29.967
12 16 15.0
12 17 33.838
12 18 46.755
12 19 38.833
12 20 53.151
12 21 30.887
12 22 12.53
12 23 32.65
12 24 36.069
12 25 52.202
12 26 26.0
12 27 73.062
12 28 60.415
12 29 33.541
12 30 42.953
12 31 37.643
12 32 33.615
12 33 57.689
12 34 45.0
12 35 54.378
12 36 42.638
12 37 48.918
12 38 22.136
12 39 26.077
12 40 48.166
12 41 35.609
12 42 74.277
12 43 8.944
12 44 57.245
12 45 27.857
12 46 23.409
12 47 28.231
12 48 42.297
12 49 39.205
12 50 45.1
12 51 65.192
12 52 25.632
12 53 69.354
12 54 34.234
12 55 32.65
12 56 14.56
12 57 45.255
12 58 39.825
12 59 19.849
12 60 59.548
12 61 29.682
12 62 57.706
12 63 18.028
12 64 34.785
12 65 35.44
12 66 45.277
12 67 27.074
12 68 31.321
12 69 37.443
12 70 7.81
12 71 41.231
12 72 49.82
12 73 49.163
12 74 29.614
12 75 32.14
12 76 32.202
12 77 34.655
12 78 4.472
12 79 23.345
12 80 13.038
12 81 43.046
12 82 46.174
12 83 29.698
12 84 68.505
12 85 31.401
12 86 42.059
12 87 51.894
12 88 29.698
12 89 31.78
12 90 44.283
12 91 10.05
12 92 4.123
12 93 42.19
12 94 23.022
12 95 45.1
12 96 4.123
12 97 58.078
12 98 62.968
12 99 35.777
12 100 38.288
13 26 14 20
13 14 78.026
13 15 25.179
13 16 34.132
13 17 41.437
13 18 73.007
13 19 46.69
13 20 89.694
13 21 18.601
13 22 52.01
13 23 53.009
13 24 84.291
13 25 70.036
13 26 32.311
13 27 71.512
13 28 83.487
13 29 53.0
13 30 88.865
13 31 41.049
13 32 80.66
13 33 10.198
13 34 66.91
13 35 8.062
13 36 5.831
13 37 96.897
13 38 45.891
13 39 57.271
13 40 88.589
13 41 60.166
13 42 82.565
13 43 47.413
13 44 57.489
13 45 28.284
13 46 63.906
13 47 74.411
13 48 25.318
13 49 34.015
13 50 33.734
13 51 17.72
13 52 73.246
13 53 78.09
13 54 76.551
13 55 79.31
13 56 44.944
13 57 93.509
13 58 73.824
13 59 53.16
13 60 75.007
13 61 64.537
13 62 43.382
13 63 53.0
13 64 73.498
13 65 40.2
13 66 86.452
13 67 36.125
13 68 76.217
13 69 11.402
13 70 40.804
13 71 84.876
13 72 69.584
13 73 28.231
13 74 32.016
13 75 41.049
13 76 52.01
13 77 62.201
13 78 52.498
13 79 67.624
13 80 38.288
13 81 28.443
13 82 27.203
13 83 77.987
13 84 70.605
13 85 43.012
13 86 50.01
13 87 97.617
13 88 59.682
13 89 45.011
13 90 21.471
13 91 43.829
13 92 46.011
13 93 26.306
13 94 34.438
13 95 85.475
13 96 46.011
13 97 38.588
13 98 109.877
13 99 82.219
13 100 67.186
14 28 92 9
14 15 78.447
14 16 65.795
14 17 37.216
14 18 106.217
14 19 96.602
14 20 32.388
14 21 63.64
14 22 47.634
14 23 92.358
14 24 64.846
14 25 112.201
14 26 49.031
14 27 29.155
14 28 8.602
14 29 93.193
14 30 54.745
14 31 37.0
14 32 56.303
14 33 80.895
14 34 15.0
14 35 77.647
14 36 75.06
14 37 68.884
14 38 81.302
14 39 34.059
14 40 40.0
14 41 24.413
14 42 18.248
14 43 68.819
14 44 26.627
14 45 78.435
14 46 80.623
14 47 51.894
14 48 53.339
14 49 44.102
14 50 45.891
14 51 85.147
14 52 71.561
14 53 15.033
14 54 87.201
14 55 54.424
14 56 73.783
14 57 69.857
14 58 97.622
14 59 79.812
14 60 4.243
14 61 88.414
14 62 44.294
14 63 42.012
14 64 90.785
14 65 38.053
14 66 41.11
14 67 82.347
14 68 48.466
14 69 69.181
14 70 62.266
14 71 46.69
14 72 109.809
14 73 53.6
14 74 82.638
14 75 89.0
14 76 91.81
14 77 94.493
14 78 58.138
14 79 47.17
14 80 54.129
14 81 50.488
14 82 52.953
14 83 63.071
14 84 23.259
14 85 89.006
14 86 28.018
14 87 58.009
14 88 89.499
14 89 89.944
14 90 89.627
14 91 68.797
14 92 56.859
14 93 52.345
14 94 48.765
14 95 39.115
14 96 56.859
14 97 50.09
14 98 70.178
14 99 54.406
14 100 97.745
15 51 17 8
15 16 15.524
15 17 42.485
15 18 48.166
15 19 23.707
15 20 80.505
15 21 18.439
15 22 38.639
15 23 28.071
15 24 65.215
15 25 46.487
15 26 29.967
15 27 81.216
15 28 81.584
15 29 28.16
15 30 72.918
15 31 44.418
15 32 63.53
15 33 35.355
15 34 64.537
15 35 33.061
15 36 20.0
15 37 78.237
15 38 20.881
15 39 49.01
15 40 76.903
15 41 55.731
15 42 88.119
15 43 25.495
15 44 65.215
15 45 3.162
15 46 39.825
15 47 58.181
15 48 36.401
15 49 40.46
15 50 43.863
15 51 42.755
15 52 51.624
15 53 83.187
15 54 52.326
15 55 62.61
15 56 21.401
15 57 74.202
15 58 48.662
15 59 28.636
15 60 76.551
15 61 39.56
15 62 56.851
15 63 42.107
15 64 48.703
15 65 42.544
15 66 74.216
15 67 11.0
15 68 61.098
15 69 18.974
15 70 22.472
15 71 70.838
15 72 45.607
15 73 42.72
15 74 7.28
15 75 16.763
15 76 27.074
15 77 37.054
15 78 34.438
15 79 52.811
15 80 26.0
15 81 39.051
15 82 40.224
15 83 58.822
15 84 78.492
15 85 18.439
15 86 52.773
15 87 81.86
15 88 34.525
15 89 20.396
15 90 14.318
15 91 22.023
15 92 29.411
15 93 37.014
15 94 29.732
15 95 73.756
15 96 29.411
15 97 54.083
15 98 92.785
15 99 65.742
15 100 42.048
16 55 32 2
16 17 32.527
16 18 47.927
16 19 31.064
16 20 65.192
16 21 18.248
16 22 23.195
16 23 29.411
16 24 50.99
16 25 50.0
16 26 20.809
16 27 72.918
16 28 68.007
16 29 30.0
16 30 57.706
16 31 35.468
16 32 48.549
16 33 43.829
16 34 51.264
16 35 40.719
16 36 28.302
16 37 63.891
16 38 18.358
16 39 34.366
16 40 61.392
16 41 42.059
16 42 77.421
16 43 13.601
16 44 56.639
16 45 14.036
16 46 31.257
16 47 42.942
16 48 33.734
16 49 34.0
16 50 39.0
16 51 51.43
16 52 39.115
16 53 72.422
16 54 43.738
16 55 47.508
16 56 13.153
16 57 60.141
16 58 44.553
16 59 22.204
16 60 64.413
16 61 34.234
16 62 52.393
16 63 27.019
16 64 42.012
16 65 33.302
16 66 58.694
16 67 16.553
16 68 45.695
16 69 23.77
16 70 7.211
16 71 55.362
16 72 48.26
16 73 40.792
16 74 17.263
16 75 23.324
16 76 28.601
16 77 35.468
16 78 19.416
16 79 37.336
16 80 11.705
16 81 35.44
16 82 37.855
16 83 44.598
16 84 69.311
16 85 23.601
16 86 42.521
16 87 66.648
16 88 31.321
16 89 24.839
16 90 29.732
16 91 10.198
16 92 13.928
16 93 33.956
16 94 19.105
16 95 58.249
16 96 13.928
16 97 51.245
16 98 77.936
16 99 50.606
16 100 40.162
17 32 55 6
17 18 79.076
17 19 63.253
17 20 50.478
17 21 26.476
17 22 26.0
17 23 61.717
17 24 58.941
17 25 82.329
17 26 12.53
17 27 40.46
17 28 42.107
17 29 62.37
17 30 57.306
17 31 4.0
17 32 52.202
17 33 45.88
17 34 25.495
17 35 42.379
17 36 38.013
17 37 69.08
17 38 50.448
17 39 21.095
17 40 51.624
17 41 19.723
17 42 45.651
17 43 40.706
17 44 24.207
17 45 43.046
17 46 57.245
17 47 45.541
17 48 18.868
17 49 9.899
17 50 15.264
17 51 51.43
17 52 56.036
17 53 40.706
17 54 67.683
17 55 50.329
17 56 43.829
17 57 67.357
17 58 73.41
17 59 51.971
17 60 34.713
17 61 63.071
17 62 25.08
17 63 22.361
17 64 68.622
17 65 2.236
17 66 50.249
17 67 48.415
17 68 45.188
17 69 32.016
17 70 31.906
17 71 51.039
17 72 80.43
17 73 22.672
17 74 47.707
17 75 55.444
17 76 60.959
17 77 66.573
17 78 34.713
17 79 37.947
17 80 22.472
17 81 17.029
17 82 20.518
17 83 53.935
17 84 36.797
17 85 55.973
17 86 10.296
17 87 64.9
17 88 61.911
17 89 57.315
17 90 52.631
17 91 39.115
17 92 29.732
17 93 18.028
17 94 13.454
17 95 48.795
17 96 29.732
17 97 27.203
17 98 78.23
17 99 52.393
17 100 70.831
18 99 13 3
18 19 27.893
18 20 92.612
18 21 64.031
18 22 58.694
18 23 20.1
18 24 57.871
18 25 11.705
18 26 68.425
18 27 119.281
18 28 105.603
18 29 20.025
18 30 72.035
18 31 82.492
18 32 62.642
18 33 83.006
18 34 91.285
18 35 81.025
18 36 68.118
18 37 68.066
18 38 29.732
18 39 72.18
18 40 84.865
18 41 82.037
18 42 121.017
18 43 38.601
18 44 103.175
18 45 45.277
18 46 26.42
18 47 61.847
18 48 81.271
18 49 81.86
18 50 86.925
18 51 90.089
18 52 41.485
18 53 116.103
18 54 27.019
18 55 63.246
18 56 35.355
18 57 63.071
18 58 12.0
18 59 27.203
18 60 106.075
18 61 18.028
18 62 100.319
18 63 64.351
18 64 20.1
18 65 80.262
18 66 81.707
18 67 37.216
18 68 66.31
18 69 66.753
18 70 47.17
18 71 75.273
18 72 8.944
18 73 88.233
18 74 41.049
18 75 32.016
18 76 21.095
18 77 12.53
18 78 48.104
18 79 62.266
18 80 56.604
18 81 83.217
18 82 85.381
18 83 53.852
18 84 115.0
18 85 30.0
18 86 88.233
18 87 79.076
18 88 17.205
18 89 28.0
18 90 54.745
18 91 39.962
18 92 50.448
18 93 81.597
18 94 66.242
18 95 82.462
18 96 50.448
18 97 99.02
18 98 84.006
18 99 65.803
18 100 8.485
19 72 6 13
19 20 91.788
19 21 41.881
19 22 50.961
19 23 11.402
19 24 66.219
19 25 23.345
19 26 50.99
19 27 103.276
19 28 98.234
19 29 10.63
19 30 77.647
19 31 65.856
19 32 67.602
19 33 56.321
19 34 81.86
19 35 54.745
19 36 42.45
19 37 78.746
19 38 17.029
19 39 63.906
19 40 86.093
19 41 72.498
19 42 108.467
19 43 30.265
19 44 87.046
19 45 21.633
19 46 33.106
19 47 64.07
19 48 59.908
19 49 63.032
19 50 67.007
19 51 63.071
19 52 49.649
19 53 103.47
19 54 42.802
19 55 67.365
19 56 24.331
19 57 74.0
19 58 33.015
19 59 23.537
19 60 95.383
19 61 27.803
19 62 80.212
19 63 55.973
19 64 36.797
19 65 63.781
19 66 83.054
19 67 14.866
19 68 68.007
19 69 42.544
19 70 34.54
19 71 78.026
19 72 23.022
19 73 66.37
19 74 16.643
19 75 7.81
19 76 10.817
19 77 20.616
19 78 42.426
19 79 61.131
19 80 42.544
19 81 62.426
19 82 63.812
19 83 60.415
19 84 100.005
19 85 7.616
19 86 73.41
19 87 86.145
19 88 21.401
19 89 7.071
19 90 27.074
19 91 28.862
19 92 40.804
19 93 60.465
19 94 49.82
19 95 83.15
19 96 40.804
19 97 77.698
19 98 94.641
19 99 70.456
19 100 24.698
20 60 97 17
20 21 71.784
20 22 42.048
20 23 84.172
20 24 39.623
20 25 101.242
20 26 57.385
20 27 61.131
20 28 25.0
20 29 85.147
20 30 26.077
20 31 52.802
20 32 31.89
20 33 95.713
20 34 28.601
20 35 92.13
20 36 85.094
20 37 39.395
20 38 74.813
20 39 32.573
20 40 9.434
20 41 30.806
20 42 50.04
20 43 61.522
20 44 54.203
20 45 79.228
20 46 66.31
20 47 30.887
20 48 69.34
20 49 60.216
20 50 64.661
20 51 101.71
20 52 52.154
20 53 47.381
20 54 68.505
20 55 30.61
20 56 67.476
20 57 41.677
20 58 81.884
20 59 70.093
20 60 35.903
20 61 74.847
20 62 68.884
20 63 38.471
20 64 73.926
20 65 52.431
20 66 12.042
20 67 80.025
20 68 26.42
20 69 78.772
20 70 59.008
20 71 19.105
20 72 98.433
20 73 72.622
20 74 82.024
20 75 85.288
20 76 83.952
20 77 82.873
20 78 49.366
20 79 31.048
20 80 54.745
20 81 67.424
20 82 70.803
20 83 40.608
20 84 55.082
20 85 84.481
20 86 46.669
20 87 26.683
20 88 78.109
20 89 84.717
20 90 94.202
20 91 63.198
20 92 52.0
20 93 68.505
20 94 55.362
20 95 10.63
20 96 52.0
20 97 73.593
20 98 38.0
20 99 29.0
20 100 84.694
21 37 29 8
21 22 33.422
21 23 44.272
21 24 66.219
21 25 63.977
21 26 15.033
21 27 63.246
21 28 68.029
21 29 44.598
21 30 70.292
21 31 27.514
21 32 62.225
21 33 27.019
21 34 51.0
21 35 23.601
21 36 13.416
21 37 78.645
21 38 34.525
21 39 39.217
21 40 70.214
21 41 43.29
21 42 71.309
21 43 31.78
21 44 47.508
21 45 20.248
21 46 49.497
21 47 55.902
21 48 18.028
21 49 22.472
21 50 25.456
21 51 34.409
21 52 56.365
21 53 66.483
21 54 61.984
21 55 60.828
21 56 31.016
21 57 75.432
21 58 62.129
21 59 40.0
21 60 61.188
21 61 52.01
21 62 38.419
21 63 34.482
21 64 60.133
21 65 25.962
21 66 68.0
21 67 27.731
21 68 57.628
21 69 7.211
21 70 23.77
21 71 66.287
21 72 62.769
21 73 24.597
21 74 25.239
21 75 34.482
21 76 43.324
21 77 51.971
21 78 34.67
21 79 49.041
21 80 19.799
21 81 20.616
21 82 21.954
21 83 60.0
21 84 60.902
21 85 35.777
21 86 36.401
21 87 79.025
21 88 48.374
21 89 37.577
21 90 26.249
21 91 28.443
21 92 28.018
21 93 18.601
21 94 16.492
21 95 67.082
21 96 28.018
21 97 35.847
21 98 91.351
21 99 63.702
21 100 56.886
22 58 55 13
22 23 45.177
22 24 34.438
22 25 64.637
22 26 22.825
22 27 62.65
22 28 47.885
22 29 46.065
22 30 36.878
22 31 30.0
22 32 29.206
22 33 60.108
22 34 32.65
22 35 56.569
22 36 46.615
22 37 46.043
22 38 34.54
22 39 13.601
22 40 38.328
22 41 23.345
22 42 62.482
22 43 21.471
22 44 47.434
22 45 37.216
22 46 33.838
22 47 22.672
22 48 39.395
22 49 33.734
22 50 39.812
22 51 67.209
22 52 30.067
22 53 57.628
22 54 42.72
22 55 27.659
22 56 26.926
22 57 43.417
22 58 50.804
22 59 32.202
22 60 47.381
22 61 41.11
22 62 51.039
22 63 5.657
22 64 44.777
22 65 28.018
22 66 35.735
22 67 38.21
22 68 24.207
22 69 40.608
22 70 17.029
22 71 33.121
22 72 62.201
22 73 45.541
22 74 40.0
22 75 43.932
22 76 44.721
22 77 46.861
22 78 10.63
22 79 15.62
22 80 13.892
22 81 39.217
22 82 42.72
22 83 28.792
22 84 57.706
22 85 43.417
22 86 32.28
22 87 45.607
22 88 41.869
22 89 43.966
22 90 52.631
22 91 22.136
22 92 10.198
22 93 39.0
22 94 19.723
22 95 35.171
22 96 10.198
22 97 52.612
22 98 58.0
22 99 30.414
22 100 50.21
23 79 15 6
23 24 55.902
23 25 20.616
23 26 50.22
23 27 102.176
23 28 93.059
23 29 1.0
23 30 68.066
23 31 64.815
23 32 58.034
23 33 63.071
23 34 77.389
23 35 61.0
23 36 48.042
23 37 68.154
23 38 11.314
23 39 58.669
23 40 77.782
23 41 67.956
23 42 105.646
23 43 23.707
23 44 85.913
23 45 25.179
23 46 22.136
23 47 55.145
23 48 61.847
23 49 63.285
23 50 68.0
23 51 70.257
23 52 39.051
23 53 100.658
23 54 31.401
23 55 58.0
23 56 18.601
23 57 63.325
23 58 22.361
23 59 14.142
23 60 91.608
23 61 16.401
23 62 81.413
23 63 50.606
23 64 25.456
23 65 62.626
23 66 74.673
23 67 17.117
23 68 59.304
23 69 46.69
23 70 30.48
23 71 69.181
23 72 18.868
23 73 68.71
23 74 21.0
23 75 12.369
23 76 1.0
23 77 9.849
23 78 35.468
23 79 53.151
23 80 39.598
23 81 63.977
23 82 65.924
23 83 50.359
23 84 98.351
23 85 10.198
23 86 71.449
23 87 76.322
23 88 10.0
23 89 8.246
23 90 35.735
23 91 23.601
23 92 35.511
23 93 62.241
23 94 48.415
23 95 74.967
23 96 35.511
23 97 79.706
23 98 84.172
23 99 61.008
23 100 14.56
24 89 70 20
24 25 68.264
24 26 57.245
24 27 88.685
24 28 60.374
24 29 56.886
24 30 14.765
24 31 62.817
24 32 8.544
24 33 93.236
24 34 52.953
24 35 89.811
24 36 78.568
24 37 13.038
24 38 50.329
24 39 39.205
24 40 30.414
24 41 47.043
24 42 82.861
24 43 39.962
24 44 76.0
24 45 62.682
24 46 34.132
24 47 14.0
24 48 73.824
24 49 67.676
24 50 73.682
24 51 100.603
24 52 17.029
24 53 78.848
24 54 31.321
24 55 10.44
24 56 45.177
24 57 9.22
24 58 46.098
24 59 42.72
24 60 66.761
24 61 42.0
24 62 83.744
24 63 36.688
24 64 37.855
24 65 61.131
24 66 27.586
24 67 59.481
24 68 16.492
24 69 73.11
24 70 43.863
24 71 20.518
24 72 65.276
24 73 79.85
24 74 63.135
24 75 62.032
24 76 56.089
24 77 51.01
24 78 31.828
24 79 21.213
24 80 46.615
24 81 73.539
24 82 77.078
24 83 6.403
24 84 82.873
24 85 60.407
24 86 62.29
24 87 21.213
24 88 47.17
24 89 59.775
24 90 79.322
24 91 43.267
24 92 38.288
24 93 73.41
24 94 54.12
24 95 29.069
24 96 38.288
24 97 86.128
24 98 28.46
24 99 10.817
24 100 51.157
25 95 2 2
25 26 70.803
25 27 122.788
25 28 112.361
25 29 20.0
25 30 82.037
25 31 85.428
25 32 72.367
25 33 79.63
25 34 97.201
25 35 78.09
25 36 65.734
25 37 79.006
25 38 31.89
25 39 78.237
25 40 93.963
25 41 87.801
25 42 125.992
25 43 43.417
25 44 106.527
25 45 44.011
25 46 35.171
25 47 70.88
25 48 81.841
25 49 83.762
25 50 88.323
25 51 86.284
25 52 51.478
25 53 121.017
25 54 38.118
25 55 72.78
25 56 38.897
25 57 74.007
25 58 23.345
25 59 32.45
25 60 111.665
25 61 26.683
25 62 101.71
25 63 70.214
25 64 31.064
25 65 83.241
25 66 90.802
25 67 36.249
25 68 75.286
25 69 65.46
25 70 50.912
25 71 84.646
25 72 3.0
25 73 88.566
25 74 39.217
25 75 29.732
25 76 21.401
25 77 18.385
25 78 54.378
25 79 70.385
25 80 60.141
25 81 84.119
25 82 85.866
25 83 63.789
25 84 118.929
25 85 28.231
25 86 92.022
25 87 89.454
25 88 23.259
25 89 26.401
25 90 50.04
25 91 43.863
25 92 55.444
25 93 82.298
25 94 69.029
25 95 91.395
25 96 55.444
25 97 99.73
25 98 95.047
25 99 75.505
25 100 17.117
26 38 44 6
26 27 52.326
26 28 53.085
26 29 50.804
26 30 58.796
26 31 14.866
26 32 51.865
26 33 38.833
26 34 36.014
26 35 35.228
26 36 27.893
26 37 68.797
26 38 39.115
26 39 25.06
26 40 56.604
26 41 28.284
26 42 58.181
26 43 31.048
26 44 36.069
26 45 30.529
26 46 48.662
26 47 45.222
26 48 16.763
26 49 13.601
26 50 19.235
26 51 45.453
26 52 50.804
26 53 53.235
26 54 60.133
26 55 50.22
26 56 33.106
26 57 66.242
26 58 63.891
26 59 41.785
26 60 46.84
26 61 53.451
26 62 32.28
26 63 21.932
26 64 60.017
26 65 12.806
26 66 54.644
26 67 36.125
26 68 46.098
26 69 21.587
26 70 21.84
26 71 53.814
26 72 69.065
26 73 23.345
26 74 35.228
26 75 43.186
26 76 49.406
26 77 55.902
26 78 28.284
26 79 37.802
26 80 13.038
26 81 17.117
26 82 20.396
26 83 51.478
26 84 49.041
26 85 43.841
26 86 22.825
26 87 67.179
26 88 51.478
26 89 45.277
26 90 40.608
26 91 28.792
26 92 22.023
26 93 16.492
26 94 3.162
26 95 53.535
26 96 22.023
26 97 32.14
26 98 80.056
26 99 52.802
26 100 60.415
27 1 81 10
27 28 37.577
27 29 102.825
27 30 81.025
27 31 37.483
27 32 80.399
27 33 70.612
27 34 36.014
27 35 68.154
27 36 70.682
27 37 95.0
27 38 90.907
27 39 51.245
27 40 67.897
27 41 41.976
27 42 16.643
27 43 80.709
27 44 16.279
27 45 82.329
27 46 96.177
27 47 74.813
27 48 46.957
27 49 40.804
27 50 38.471
27 51 72.443
27 52 91.395
27 53 15.62
27 54 105.309
27 55 78.409
27 56 84.202
27 57 95.131
27 58 112.872
27 59 92.087
27 60 25.298
27 61 102.728
27 62 28.636
27 63 57.385
27 64 107.331
27 65 39.623
27 66 68.469
27 67 88.414
27 68 72.339
27 69 66.242
27 70 72.201
27 71 73.062
27 72 120.88
27 73 43.324
27 74 87.207
27 75 95.483
27 76 101.415
27 77 106.832
27 78 72.897
27 79 68.447
27 80 62.801
27 81 43.829
27 82 44.385
27 83 85.51
27 84 6.083
27 85 96.167
27 86 31.064
27 87 85.586
27 88 102.078
27 89 97.591
27 90 88.685
27 91 79.404
27 92 69.116
27 93 46.065
27 94 53.814
27 95 66.483
27 96 69.116
27 97 34.366
27 98 98.311
27 99 79.158
27 100 110.941
28 35 97 4
28 29 93.941
28 30 49.041
28 31 42.579
28 32 51.884
28 33 87.098
28 34 17.117
28 35 83.744
28 36 80.1
28 37 63.063
28 38 82.292
28 39 34.438
28 40 33.377
28 41 25.962
28 42 25.08
28 43 69.354
28 44 34.828
28 45 81.253
28 46 79.511
28 47 48.26
28 48 59.439
28 49 50.01
28 50 52.498
28 51 91.761
28 52 68.884
28 53 22.804
28 54 84.959
28 55 50.12
28 56 74.686
28 57 64.514
28 58 96.333
28 59 79.925
28 60 12.806
28 61 87.618
28 62 52.154
28 63 42.485
28 64 89.107
28 65 43.29
28 66 34.928
28 67 84.433
28 68 44.418
28 69 74.027
28 70 63.695
28 71 41.11
28 72 109.836
28 73 60.407
28 74 85.165
28 75 90.824
28 76 92.59
28 77 94.303
28 78 57.983
28 79 44.598
28 80 56.321
28 81 56.754
28 82 59.481
28 83 59.363
28 84 31.765
28 85 90.62
28 86 33.956
28 87 51.352
28 88 89.308
28 89 91.389
28 90 93.536
28 91 69.778
28 92 57.697
28 93 58.464
28 94 52.345
28 95 32.985
28 96 57.697
28 97 57.801
28 98 63.0
28 99 49.659
28 100 97.201
29 79 14 9
29 30 69.065
29 31 65.437
29 32 59.034
29 33 63.032
29 34 78.23
29 35 61.008
29 36 48.094
29 37 69.123
29 38 12.042
29 39 59.54
29 40 78.772
29 41 68.797
29 42 106.405
29 43 24.597
29 44 86.556
29 45 25.318
29 46 23.087
29 47 56.143
29 48 62.241
29 49 63.812
29 50 68.476
29 51 70.178
29 52 40.025
29 53 101.415
29 54 32.202
29 55 59.0
29 56 19.416
29 57 64.288
29 58 22.825
29 59 15.133
29 60 92.418
29 61 17.205
29 62 81.884
29 63 51.478
29 64 26.173
29 65 63.253
29 66 75.664
29 67 17.263
29 68 60.299
29 69 46.872
29 70 31.241
29 71 70.178
29 72 18.358
29 73 69.08
29 74 21.024
29 75 12.166
29 76 1.414
29 77 10.296
29 78 36.401
29 79 54.129
29 80 40.311
29 81 64.405
29 82 66.31
29 83 51.352
29 84 99.035
29 85 10.05
29 86 72.139
29 87 77.318
29 88 10.817
29 89 8.062
29 90 35.44
29 91 24.413
29 92 36.359
29 93 62.65
29 94 49.041
29 95 75.954
29 96 36.359
29 97 80.112
29 98 85.147
29 99 62.008
29 100 14.866
30 82 83 15
30 31 60.828
30 32 10.05
30 33 96.938
30 34 45.1
30 35 93.381
30 36 83.409
30 37 14.142
30 38 61.0
30 39 36.235
30 40 16.643
30 41 41.485
30 42 72.993
30 43 49.041
30 44 70.214
30 45 70.774
30 46 47.17
30 47 14.765
30 48 74.404
30 49 66.888
30 50 72.56
30 51 103.947
30 52 30.594
30 53 69.462
30 54 45.88
30 55 10.44
30 56 54.818
30 57 15.652
30 58 60.44
30 59 54.231
30 60 57.315
30 61 55.444
30 62 80.777
30 63 36.878
30 64 52.202
30 65 59.54
30 66 14.318
30 67 68.964
30 68 12.728
30 69 77.466
30 70 50.537
30 71 8.062
30 72 79.076
30 73 79.612
30 74 72.111
30 75 72.567
30 76 68.118
30 77 64.281
30 78 38.484
30 79 21.26
30 80 50.606
30 81 73.498
30 82 77.104
30 83 18.248
30 84 75.007
30 85 71.197
30 86 58.189
30 87 8.944
30 88 60.075
30 89 70.859
30 90 87.235
30 91 51.865
30 92 43.909
30 93 73.817
30 94 55.902
30 95 16.155
30 96 43.909
30 97 84.095
30 98 21.26
30 99 7.28
30 100 64.938
31 28 55 3
31 32 55.973
31 33 44.643
31 34 26.571
31 35 41.231
31 36 38.118
31 37 72.801
31 38 53.6
31 39 24.597
31 40 54.489
31 41 22.023
31 42 43.863
31 43 44.283
31 44 21.213
31 45 45.222
31 46 61.033
31 47 49.336
31 48 17.088
31 49 7.616
31 50 12.042
31 51 49.769
31 52 60.033
31 53 39.0
31 54 71.589
31 55 54.083
31 56 47.17
31 57 71.169
31 58 77.078
31 59 55.471
31 60 34.132
31 61 66.708
31 62 21.095
31 63 26.306
31 64 72.422
31 65 2.236
31 66 53.263
31 67 50.99
31 68 48.847
31 69 32.388
31 70 35.355
31 71 54.378
31 72 83.6
31 73 19.849
31 74 50.0
31 75 58.052
31 76 64.031
31 77 69.971
31 78 38.639
31 79 41.761
31 80 25.942
31 81 14.765
31 82 18.028
31 83 57.871
31 84 34.205
31 85 58.694
31 86 9.055
31 87 68.264
31 88 65.368
31 89 60.108
31 90 53.759
31 91 42.544
31 92 33.526
31 93 16.155
31 94 16.401
31 95 51.74
31 96 33.526
31 97 23.409
31 98 81.633
31 99 56.08
31 100 74.303
32 81 73 12
32 33 89.14
32 34 44.553
32 35 85.633
32 36 75.073
32 37 17.0
32 38 50.99
32 39 31.78
32 40 23.022
32 41 39.013
32 42 74.33
32 43 39.217
32 44 68.066
32 45 61.27
32 46 37.336
32 47 6.708
32 48 68.096
32 49 61.327
32 50 67.231
32 51 96.333
32 52 21.19
32 53 70.342
32 54 37.121
32 55 2.0
32 56 44.922
32 57 15.297
32 58 51.264
32 59 44.181
32 60 58.241
32 61 45.706
32 62 76.655
32 63 30.414
32 64 43.081
32 65 54.424
32 66 20.0
32 67 59.135
32 68 8.062
32 69 69.311
32 70 41.34
32 71 13.038
32 72 69.426
32 73 73.79
32 74 62.394
32 75 62.586
32 76 58.078
32 77 54.452
32 78 29.155
32 79 14.318
32 80 42.426
32 81 67.535
32 82 71.12
32 83 8.944
32 84 74.545
32 85 61.188
32 86 54.745
32 87 18.682
32 88 50.16
32 89 60.828
32 90 77.827
32 91 42.154
32 92 35.0
32 93 67.602
32 94 48.826
32 95 21.26
32 96 35.0
32 97 79.379
32 98 29.411
32 99 3.162
32 100 55.317
33 16 12 16
33 34 71.169
33 35 3.606
33 36 15.811
33 37 105.646
33 38 56.089
33 39 63.812
33 40 95.415
33 41 65.391
33 42 83.217
33 43 57.271
33 44 58.078
33 45 38.471
33 46 74.0
33 47 82.735
33 48 27.659
33 49 37.108
33 50 35.128
33 51 7.616
33 52 82.855
33 53 79.057
33 54 86.649
33 55 87.693
33 56 55.027
33 57 102.45
33 58 84.012
33 59 63.325
33 60 77.524
33 61 74.733
33 62 41.976
33 63 60.44
33 64 83.678
33 65 44.272
33 66 93.477
33 67 46.271
33 68 84.22
33 69 20.248
33 70 50.249
33 71 92.455
33 72 79.31
33 73 28.018
33 74 42.107
33 75 51.0
33 76 62.073
33 77 72.339
33 78 61.612
33 79 75.69
33 80 46.755
33 81 30.414
33 82 28.071
33 83 87.006
33 84 70.576
33 85 53.009
33 86 53.151
33 87 105.551
33 88 69.871
33 89 55.009
33 90 30.083
33 91 53.712
33 92 55.0
33 93 28.636
33 94 41.4
33 95 92.358
33 96 55.0
33 97 36.401
33 98 118.106
33 99 90.51
33 100 77.318
34 37 80 17
34 35 67.72
34 36 63.285
34 37 59.008
34 38 66.37
34 39 19.105
34 40 33.242
34 41 9.434
34 42 30.887
34 43 53.824
34 44 26.0
34 45 64.288
34 46 65.856
34 47 39.294
34 48 43.658
34 49 34.176
34 50 37.59
34 51 76.322
34 52 57.706
34 53 26.401
34 54 72.945
34 55 42.579
34 56 58.83
34 57 59.135
34 58 82.879
34 59 64.815
34 60 15.0
34 61 73.539
34 62 40.361
34 63 27.019
34 64 76.217
34 65 26.926
34 66 33.242
34 67 67.779
34 68 36.497
34 69 57.14
34 70 47.413
34 71 37.216
34 72 94.81
34 73 45.651
34 74 68.308
34 75 74.324
34 76 76.851
34 77 79.511
34 78 43.186
34 79 33.615
34 80 39.56
34 81 41.231
34 82 44.283
34 83 50.289
34 84 30.067
34 85 74.25
34 86 18.868
34 87 50.22
34 88 74.518
34 89 75.133
34 90 76.42
34 91 53.852
34 92 41.881
34 93 42.72
34 94 35.228
34 95 31.321
34 96 41.881
34 97 45.277
34 98 63.325
34 99 43.186
34 100 82.807
35 18 15 12
35 36 13.153
35 37 102.176
35 38 53.6
35 39 60.208
35 40 91.81
35 41 61.847
35 42 80.399
35 43 54.231
35 44 55.227
35 45 36.125
35 46 71.169
35 47 79.209
35 48 24.331
35 49 33.734
35 50 32.016
35 51 10.817
35 52 79.649
35 53 76.164
35 54 83.815
35 55 84.172
35 56 52.202
35 57 99.02
35 58 81.615
35 59 60.638
35 60 74.33
35 61 72.18
35 62 39.56
35 63 56.851
35 64 81.025
35 65 40.804
35 66 89.872
35 67 44.045
35 68 80.66
35 69 17.0
35 70 47.011
35 71 88.865
35 72 77.647
35 73 25.179
35 74 40.0
35 75 49.092
35 76 60.0
35 77 70.114
35 78 58.249
35 79 72.139
35 80 43.278
35 81 27.166
35 82 25.0
35 83 83.6
35 84 67.897
35 85 51.039
35 86 49.82
35 87 101.98
35 88 67.476
35 89 53.038
35 90 29.155
35 91 50.695
35 92 51.614
35 93 25.318
35 94 37.802
35 95 88.752
35 96 51.614
35 97 34.176
35 98 114.56
35 99 86.977
35 100 75.107
36 31 17 5
36 37 91.22
36 38 40.447
36 39 52.555
36 40 83.63
36 41 56.089
36 42 80.777
36 43 41.593
36 44 55.973
36 45 23.022
36 46 58.189
36 47 68.884
36 48 23.77
36 49 31.575
36 50 32.311
36 51 23.409
36 52 67.417
36 53 76.158
36 54 70.838
36 55 73.756
36 56 39.217
36 57 87.784
36 58 68.469
36 59 47.539
36 60 72.25
36 61 59.034
36 62 43.267
36 63 47.885
36 64 67.912
36 65 37.014
36 66 81.413
36 67 31.0
36 68 70.803
36 69 6.325
36 70 35.0
36 71 79.612
36 72 65.115
36 73 28.018
36 74 27.074
36 75 36.346
36 76 47.043
36 77 57.035
36 78 46.755
36 79 62.201
36 80 32.802
36 81 26.926
36 82 26.42
36 83 72.25
36 84 69.289
36 85 38.21
36 86 47.17
36 87 92.201
36 88 54.332
36 89 40.2
36 90 19.105
36 91 38.013
36 92 40.311
36 93 24.698
36 94 29.732
36 95 80.498
36 96 40.311
36 97 39.051
36 98 104.35
36 99 76.694
36 100 62.032
37 96 81 15
37 38 63.159
37 39 48.384
37 40 30.083
37 41 54.745
37 42 87.132
37 43 53.0
37 44 83.726
37 45 75.717
37 46 46.098
37 47 23.707
37 48 85.088
37 49 78.294
37 50 84.172
37 51 112.929
37 52 29.12
37 53 83.6
37 54 41.049
37 55 18.788
37 56 58.181
37 57 5.0
37 58 56.08
37 59 55.362
37 60 71.449
37 61 53.46
37 62 93.301
37 63 47.413
37 64 48.01
37 65 71.309
37 66 28.16
37 67 72.471
37 68 24.042
37 69 85.633
37 70 56.727
37 71 22.204
37 72 76.007
37 73 90.785
37 74 76.158
37 75 74.847
37 76 68.411
37 77 62.514
37 78 44.598
37 79 31.305
37 80 58.898
37 81 84.534
37 82 88.119
37 83 19.416
37 84 89.006
37 85 73.164
37 86 71.063
37 87 14.142
37 88 59.034
37 89 72.45
37 90 92.358
37 91 56.303
37 92 50.912
37 93 84.599
37 94 65.734
37 95 30.083
37 96 50.912
37 97 96.208
37 98 16.125
37 99 16.763
37 100 62.073
38 71 23 4
38 39 47.854
38 40 69.065
38 41 56.939
38 42 94.366
38 43 13.342
38 44 74.653
38 45 17.72
38 46 19.849
38 47 47.17
38 48 51.546
38 49 52.355
38 50 57.271
38 51 63.561
38 52 34.482
38 53 89.376
38 54 31.906
38 55 50.636
38 56 7.616
38 57 58.6
38 58 28.071
38 59 8.485
38 60 80.449
38 61 18.682
38 62 70.682
38 63 39.812
38 64 27.857
38 65 51.4
38 66 66.03
38 67 10.817
38 68 51.039
38 69 38.0
38 70 19.209
38 71 61.074
38 72 30.0
38 73 58.523
38 74 15.264
38 75 11.705
38 76 10.63
38 77 17.464
38 78 25.495
38 79 44.102
38 80 28.284
38 81 53.488
38 82 55.66
38 83 44.272
38 84 87.046
38 85 10.198
38 86 60.141
38 87 69.635
38 88 14.0
38 89 10.0
38 90 32.202
38 91 12.53
38 92 24.597
38 93 51.865
38 94 37.202
38 95 66.121
38 96 24.597
38 97 69.289
38 98 78.772
38 99 53.759
38 100 22.361
39 50 66 10
39 40 31.623
39 41 10.0
39 42 49.406
39 43 34.986
39 44 37.216
39 45 48.166
39 46 46.861
39 47 25.318
39 48 38.897
39 49 30.806
39 50 36.359
39 51 70.214
39 52 40.162
39 53 44.654
39 54 54.589
39 55 29.833
39 56 40.249
39 57 47.074
39 58 63.891
39 59 45.804
39 60 33.971
39 61 54.452
39 62 44.922
39 63 8.062
39 64 57.428
39 65 23.324
39 66 29.833
39 67 50.448
39 68 24.352
39 69 46.239
39 70 29.411
39 71 30.0
39 72 75.802
39 73 43.6
39 74 51.624
39 75 56.613
39 76 58.181
39 77 60.44
39 78 24.083
39 79 18.028
39 80 23.022
39 81 37.643
39 82 41.231
39 83 35.014
39 84 45.88
39 85 56.303
39 86 23.087
39 87 43.829
39 88 55.444
39 89 57.009
39 90 62.201
39 91 35.341
39 92 23.259
39 93 38.21
39 94 22.847
39 95 28.601
39 96 23.259
39 97 47.927
39 98 57.14
39 99 31.623
39 100 63.702
40 68 92 9
40 41 32.802
40 42 58.078
40 43 56.0
40 44 59.237
40 45 75.313
40 46 58.822
40 47 23.087
40 48 70.178
40 49 61.522
40 50 66.528
40 51 101.833
40 52 43.829
40 53 55.009
40 54 60.033
40 55 21.954
40 56 62.0
40 57 32.249
40 58 73.824
40 59 63.64
40 60 43.105
40 61 67.357
40 62 72.402
40 63 35.847
40 64 65.742
40 65 53.74
40 66 3.162
40 67 75.24
40 68 18.682
40 69 77.369
40 70 54.745
40 71 10.0
40 72 91.093
40 73 74.25
40 74 77.647
40 75 80.006
40 76 77.647
40 77 75.69
40 78 44.045
40 79 25.0
40 80 51.865
40 81 68.622
40 82 72.139
40 83 31.906
40 84 61.814
40 85 79.006
40 86 49.649
40 87 18.028
40 88 71.063
40 89 79.057
40 90 90.956
40 91 58.078
40 92 47.676
40 93 69.426
40 94 54.203
40 95 3.162
40 96 47.676
40 97 76.609
40 98 30.414
40 99 20.0
40 100 77.162
41 42 72 15
41 42 39.408
41 43 44.407
41 44 29.069
41 45 55.317
41 46 56.851
41 47 33.061
41 48 38.588
41 49 29.411
41 50 33.971
41 51 71.12
41 52 49.769
41 53 34.67
41 54 64.498
41 55 37.014
41 56 49.396
41 57 54.148
41 58 73.878
41 59 55.444
41 60 24.042
41 61 64.382
41 62 39.825
41 63 17.692
41 64 67.424
41 65 21.633
41 66 31.906
41 67 58.523
41 68 31.064
41 69 49.82
41 70 38.013
41 71 34.176
41 72 85.428
41 73 41.869
41 74 59.203
41 75 65.0
41 76 67.417
41 77 70.178
41 78 33.941
41 79 26.476
41 80 30.364
41 81 36.62
41 82 40.0
41 83 43.566
41 84 36.401
41 85 64.885
41 86 17.0
41 87 47.927
41 88 65.192
41 89 65.742
41 90 68.066
41 91 44.418
41 92 32.45
41 93 37.736
41 94 27.019
41 95 30.232
41 96 32.45
41 97 43.829
41 98 61.327
41 99 38.21
41 100 73.553
42 10 95 20
42 43 82.735
42 44 25.179
42 45 88.685
42 46 96.213
42 47 69.642
42 48 57.271
42 49 49.336
42 50 48.836
42 51 86.006
42 52 88.589
42 53 5.0
42 54 103.774
42 55 72.422
42 56 87.115
42 57 88.074
42 58 113.23
42 59 94.048
42 60 16.155
42 61 103.586
42 62 42.107
42 63 56.851
42 64 106.832
42 65 45.618
42 66 59.304
42 67 93.744
42 68 66.408
42 69 75.584
42 70 75.166
42 71 64.938
42 72 123.794
42 73 55.227
42 74 93.295
42 75 100.688
42 76 104.995
42 77 108.904
42 78 73.11
42 79 64.405
42 80 66.219
42 81 54.129
42 82 55.579
42 83 80.777
42 84 13.342
42 85 101.02
42 86 35.355
42 87 76.105
42 88 103.966
42 89 102.201
42 90 97.499
42 91 82.134
42 92 70.711
42 93 56.294
42 94 58.83
42 95 57.315
42 96 70.711
42 97 48.166
42 98 88.023
42 99 72.533
42 100 112.539
43 68 36 10
43 44 64.661
43 45 22.804
43 46 18.0
43 47 34.713
43 48 46.098
43 49 44.643
43 50 50.22
43 51 64.885
43 52 26.249
43 53 77.782
43 54 30.265
43 55 38.601
43 56 6.0
43 57 48.826
43 58 32.894
43 59 11.402
43 60 68.25
43 61 22.472
43 62 63.325
43 63 26.926
43 64 29.155
43 65 42.048
43 66 53.009
43 67 19.925
43 68 38.328
43 69 37.336
43 70 9.22
43 71 48.374
43 72 41.11
43 73 53.151
43 74 23.259
43 75 24.021
43 76 23.259
43 77 26.249
43 78 12.166
43 79 31.0
43 80 18.385
43 81 47.381
43 82 50.16
43 83 33.615
43 84 76.4
43 85 23.022
43 86 49.649
43 87 57.871
43 88 21.401
43 89 23.195
43 90 39.408
43 91 3.606
43 92 12.042
43 93 46.174
43 94 28.46
43 95 53.009
43 96 12.042
43 97 62.968
43 98 67.978
43 99 41.761
43 100 30.232
44 13 70 11
44 45 66.219
44 46 80.529
44 47 62.0
44 48 32.28
44 49 25.06
44 50 23.77
44 51 61.131
44 52 76.903
44 53 21.0
44 54 90.139
44 55 66.068
44 56 68.007
44 57 83.217
44 58 97.062
44 59 76.007
44 60 22.472
44 61 86.833
44 62 18.028
44 63 42.45
44 64 91.788
44 65 23.345
44 66 59.135
44 67 72.18
44 68 60.133
44 69 51.078
44 70 56.036
44 71 62.586
44 72 104.637
44 73 30.067
44 74 71.063
44 75 79.246
44 76 85.147
44 77 90.697
44 78 57.385
44 79 55.082
44 80 46.615
44 81 29.12
44 82 30.414
44 83 72.173
44 84 13.416
44 85 79.906
44 86 15.232
44 87 75.961
44 88 85.983
44 89 81.32
44 90 73.348
44 91 63.246
44 92 53.235
44 93 31.321
44 94 37.537
44 95 57.245
44 96 53.235
44 97 24.042
44 98 89.185
44 99 67.268
44 100 94.874
45 54 18 15
45 46 36.715
45 47 56.08
45 48 38.275
45 49 41.725
45 50 45.453
45 51 45.891
45 52 48.795
45 53 83.726
45 54 49.193
45 55 60.415
45 56 18.439
45 57 71.61
45 58 45.541
45 59 25.495
45 60 76.694
45 61 36.401
45 62 58.6
45 63 41.0
45 64 45.541
45 65 43.267
45 66 72.567
45 67 8.062
45 68 59.135
45 69 21.587
45 70 20.616
45 71 68.964
45 72 43.012
45 73 44.777
45 74 5.0
45 75 14.318
45 76 24.187
45 77 34.015
45 78 32.311
45 79 50.961
45 80 25.179
45 81 40.804
45 82 42.19
45 83 56.303
45 84 79.404
45 85 15.811
45 86 53.339
45 87 79.706
45 88 31.401
45 89 17.72
45 90 16.643
45 91 19.416
45 92 27.659
45 93 38.833
45 94 29.967
45 95 72.18
45 96 27.659
45 97 56.08
45 98 90.427
45 99 63.561
45 100 39.013
46 86 36 18
46 47 35.735
46 48 64.07
46 49 62.169
46 50 67.897
46 51 81.597
46 52 17.117
46 53 91.4
46 54 12.649
46 55 37.656
46 56 18.974
46 57 41.231
46 58 17.029
46 59 11.402
46 60 80.808
46 61 8.544
46 62 80.808
46 63 39.408
46 64 11.402
46 65 58.822
46 66 55.66
46 67 30.61
46 68 40.162
46 69 54.571
46 70 27.074
46 71 49.477
46 72 32.28
46 73 71.113
46 74 35.0
46 75 30.61
46 76 22.472
46 77 17.117
46 78 23.324
46 79 35.847
46 80 35.693
46 81 65.276
46 82 68.118
46 83 29.017
46 84 91.417
46 85 28.601
46 86 65.307
46 87 55.0
46 88 13.038
46 89 27.459
46 90 52.01
46 91 21.095
46 92 27.514
46 93 64.125
46 94 45.891
46 95 56.303
46 96 27.514
46 97 80.753
46 98 62.169
46 99 40.447
46 100 18.385
47 75 70 11
47 48 61.4
47 49 54.626
47 50 60.539
47 51 89.872
47 52 21.401
47 53 65.46
47 54 37.802
47 55 5.0
47 56 40.608
47 57 21.84
47 58 51.0
47 59 41.049
47 60 53.488
47 61 44.272
47 62 70.093
47 63 23.707
47 64 43.046
47 65 47.76
47 66 19.925
47 67 54.571
47 68 4.472
47 69 63.032
47 70 35.777
47 71 14.036
47 72 68.007
47 73 67.082
47 74 57.567
47 75 58.549
47 76 55.082
47 77 52.631
47 78 23.77
47 79 7.616
47 80 36.125
47 81 60.828
47 82 64.413
47 83 11.18
47 84 69.051
47 85 57.315
47 86 48.374
47 87 23.707
47 88 48.052
47 89 57.14
47 90 72.498
47 91 37.363
47 92 29.155
47 93 60.902
47 94 42.202
47 95 20.616
47 96 29.155
47 97 72.732
47 98 35.468
47 99 7.81
47 100 54.083
48 22 39 17
48 49 9.487
48 50 8.544
48 51 32.696
48 52 67.469
48 53 52.773
48 54 76.007
48 55 66.37
48 56 46.872
48 57 82.735
48 58 78.262
48 59 55.902
48 60 50.09
48 61 67.897
48 62 20.518
48 63 37.736
48 64 75.24
48 65 17.0
48 66 68.622
48 67 45.651
48 68 61.855
48 69 19.416
48 70 37.014
48 71 68.768
48 72 80.529
48 73 7.071
48 74 43.267
48 75 52.479
48 76 60.926
48 77 68.964
48 78 44.911
48 79 53.852
48 80 29.275
48 81 3.162
48 82 4.123
48 83 68.154
48 84 45.541
48 85 53.712
48 86 25.495
48 87 82.462
48 88 65.0
48 89 55.471
48 90 41.881
48 91 43.29
48 92 38.471
48 93 1.0
48 94 19.925
48 95 67.268
48 96 38.471
48 97 17.889
48 98 95.603
48 99 68.797
48 100 73.763
49 25 48 4
49 50 6.083
49 51 42.154
49 52 63.198
49 53 44.643
49 54 73.437
49 55 59.506
49 56 46.615
49 57 76.322
49 58 77.492
49 59 55.362
49 60 41.0
49 61 67.052
49 62 18.682
49 63 31.016
49 64 73.546
49 65 7.81
49 66 60.141
49 67 48.27
49 68 54.589
49 69 26.249
49 70 35.44
49 71 60.803
49 72 82.152
49 73 12.806
49 74 46.669
49 75 55.317
49 76 62.434
49 77 69.354
49 78 41.0
49 79 47.011
49 80 26.476
49 81 7.211
49 82 10.63
49 83 62.362
49 84 38.471
49 85 56.223
49 86 16.125
49 87 74.632
49 88 65.0
49 89 57.801
49 90 48.332
49 91 42.379
49 92 35.128
49 93 8.544
49 94 16.279
49 95 58.694
49 96 35.128
49 97 19.026
49 98 87.92
49 99 61.717
49 100 73.926
50 19 47 7
50 51 39.294
50 52 69.26
50 53 44.407
50 54 79.31
50 55 65.391
50 56 51.865
50 57 82.28
50 58 82.97
50 59 60.729
50 60 42.426
50 61 72.533
50 62 13.416
50 63 37.0
50 64 79.246
50 65 13.038
50 66 65.299
50 67 52.431
50 68 60.374
50 69 27.785
50 70 41.0
50 71 66.287
50 72 86.833
50 73 8.062
50 74 50.448
50 75 59.405
50 76 67.119
50 77 74.465
50 78 47.011
50 79 52.924
50 80 32.249
50 81 5.385
50 82 7.071
50 83 68.411
50 84 37.0
50 85 60.465
50 86 18.788
50 87 80.156
50 88 70.228
50 89 62.129
50 90 50.249
50 91 47.802
50 92 41.049
50 93 7.616
50 94 22.091
50 95 63.781
50 96 41.049
50 97 13.0
50 98 93.493
50 99 67.543
50 100 79.12
51 9 9 3
51 52 90.427
51 53 82.098
51 54 94.244
51 55 94.847
51 56 62.626
51 57 109.809
51 58 91.411
51 59 70.88
51 60 81.584
51 61 82.225
51 62 44.045
51 63 67.268
51 64 91.214
51 65 49.659
51 66 100.0
51 67 53.6
51 68 91.22
51 69 27.785
51 70 57.801
51 71 99.247
51 72 86.093
51 73 31.575
51 74 49.366
51 75 58.078
51 76 69.26
51 77 79.63
51 78 69.065
51 79 82.735
51 80 54.037
51 81 35.114
51 82 32.28
51 83 94.403
51 84 73.027
51 85 60.133
51 86 57.871
51 87 112.486
51 88 77.279
51 89 62.129
51 90 36.346
51 91 61.327
51 92 62.426
51 93 33.615
51 94 48.166
51 95 98.813
51 96 62.426
51 97 38.118
51 98 125.16
51 99 97.622
51 100 84.593
52 88 53 1
52 53 84.077
52 54 16.401
52 55 21.932
52 56 30.48
52 57 24.352
52 58 30.083
52 59 26.401
52 60 72.56
52 61 25.02
52 62 81.0
52 63 34.525
52 64 21.932
52 65 58.009
52 66 40.706
52 67 44.407
52 68 25.807
52 69 62.65
52 70 32.65
52 71 34.015
52 72 48.508
52 73 74.148
52 74 48.415
52 75 46.065
52 76 39.294
52 77 34.0
52 78 22.561
52 79 24.413
52 80 38.328
52 81 67.897
52 82 71.197
52 83 12.369
52 84 86.035
52 85 44.283
52 86 61.984
52 87 38.053
52 88 30.15
52 89 43.463
52 90 65.192
52 91 29.833
52 92 29.12
52 93 67.268
52 94 47.676
52 95 41.677
52 96 29.12
52 97 82.219
52 98 45.122
52 99 24.352
52 100 34.366
53 13 91 2
53 54 99.126
53 55 68.411
53 56 82.134
53 57 84.345
53 58 108.407
53 59 89.107
53 60 12.166
53 61 98.717
53 62 38.471
53 63 52.01
53 64 102.078
53 65 40.719
53 66 56.036
53 67 88.752
53 68 62.362
53 69 70.88
53 70 70.178
53 71 61.4
53 72 118.828
53 73 51.039
53 74 88.323
53 75 95.692
53 76 100.005
53 77 103.966
53 78 68.25
53 79 60.008
53 80 61.221
53 81 49.649
53 82 51.245
53 83 76.551
53 84 10.817
53 85 96.021
53 86 30.414
53 87 73.0
53 88 99.035
53 89 97.201
53 90 92.698
53 91 77.156
53 92 65.765
53 93 51.788
53 94 53.852
53 95 54.037
53 96 65.765
53 97 44.553
53 98 85.212
53 99 68.659
53 100 107.629
54 98 40 18
54 55 38.079
54 56 31.623
54 57 36.056
54 58 15.033
54 59 23.707
54 60 87.92
54 61 15.0
54 62 91.924
54 63 47.927
54 64 7.071
54 65 69.426
54 66 56.939
54 67 42.72
54 68 42.202
54 69 67.186
54 70 39.051
54 71 50.12
54 72 35.128
54 73 83.0
54 74 47.17
54 75 41.773
54 76 32.016
54 77 23.259
54 78 32.985
54 79 40.361
54 80 47.096
54 81 77.026
54 82 80.0
54 83 28.178
54 84 100.225
54 85 39.623
54 86 74.947
54 87 52.393
54 88 21.401
54 89 38.184
54 90 64.07
54 91 33.541
54 92 38.328
54 93 76.0
54 94 57.219
54 95 57.983
54 96 38.328
54 97 92.266
54 98 57.0
54 99 40.249
54 100 21.587
55 79 73 19
55 56 44.385
55 57 17.263
55 58 52.0
55 59 44.045
55 60 56.321
55 61 46.098
55 62 74.726
55 63 28.653
55 64 43.863
55 65 52.555
55 66 18.868
55 67 58.523
55 68 6.083
55 69 67.941
55 70 40.311
55 71 12.083
55 72 69.857
55 73 72.007
55 74 61.685
55 75 62.169
55 76 58.009
55 77 54.745
55 78 28.178
55 79 12.53
55 80 41.037
55 81 65.765
55 82 69.354
55 83 10.0
55 84 72.56
55 85 60.828
55 86 52.773
55 87 19.313
55 88 50.359
55 89 60.531
55 90 76.922
55 91 41.437
55 92 33.838
55 93 65.863
55 94 47.202
55 95 20.0
55 96 33.838
55 97 77.492
55 98 30.61
55 99 3.162
55 100 55.785
56 68 30 10
56 57 53.852
56 58 31.401
56 59 9.055
56 60 73.007
56 61 21.095
56 62 65.192
56 63 32.202
56 64 29.155
56 65 44.944
56 66 59.008
56 67 14.318
56 68 44.283
56 69 35.693
56 70 12.042
56 71 54.332
56 72 36.797
56 73 53.935
56 74 18.028
56 75 18.028
56 76 18.028
56 77 22.825
56 78 18.111
56 79 37.0
56 80 21.401
56 81 48.508
56 82 50.99
56 83 38.91
56 84 80.156
56 85 17.029
56 86 53.263
56 87 63.6
56 88 18.385
56 89 17.263
56 90 34.713
56 91 5.0
56 92 17.0
56 93 47.074
56 94 30.887
56 95 59.008
56 96 17.0
56 97 64.288
56 98 73.41
56 99 47.539
56 100 27.313
57 96 76 14
57 58 51.088
57 59 50.695
57 60 72.18
57 61 48.508
57 62 91.924
57 63 45.31
57 64 43.012
57 65 69.57
57 66 29.967
57 67 68.096
57 68 23.087
57 69 82.329
57 70 53.038
57 71 23.409
57 72 71.007
57 73 88.64
57 74 71.868
57 75 70.264
57 76 63.6
57 77 57.559
57 78 41.037
57 79 29.411
57 80 55.803
57 81 82.347
57 82 85.907
57 83 15.556
57 84 89.202
57 85 68.542
57 86 70.036
57 87 18.028
57 88 54.129
57 89 67.779
57 90 88.233
57 91 52.202
57 92 47.508
57 93 82.292
57 94 63.135
57 95 31.78
57 96 47.508
57 97 94.557
57 98 21.095
57 99 16.0
57 100 57.079
58 99 25 14
58 59 22.361
58 60 97.837
58 61 10.44
58 62 96.167
58 63 56.4
58 64 8.246
58 65 74.847
58 66 70.682
58 67 37.855
58 68 55.471
58 69 66.03
58 70 42.059
58 71 64.078
58 72 20.396
58 73 85.329
58 74 42.202
58 75 34.54
58 76 23.259
58 77 12.53
58 78 40.224
58 79 52.202
58 80 51.264
58 81 79.831
58 82 82.377
58 83 42.379
58 84 108.227
58 85 32.311
58 86 81.884
58 87 67.268
58 88 14.142
58 89 30.463
58 90 57.94
58 91 35.171
58 92 43.829
58 93 78.447
58 94 61.351
58 95 71.554
58 96 43.829
58 97 95.567
58 98 72.007
58 99 54.424
58 100 8.485
59 77 29 3
59 60 79.398
59 61 12.042
59 62 74.0
59 63 37.802
59 64 20.396
59 65 53.235
59 66 60.531
59 67 19.209
59 68 45.177
59 69 44.407
59 70 20.125
59 71 55.082
59 72 30.0
59 73 62.968
59 74 23.601
59 75 19.723
59 76 14.036
59 77 14.866
59 78 21.954
59 79 39.051
59 80 29.53
59 81 57.489
59 82 60.017
59 83 36.878
59 84 87.801
59 85 17.889
59 86 61.033
59 87 62.65
59 88 10.0
59 89 17.088
59 90 40.608
59 91 13.0
59 92 23.345
59 93 56.089
59 94 39.395
59 95 60.828
59 96 23.345
59 97 73.246
59 98 71.169
59 99 47.096
59 100 18.868
60 25 89 4
60 61 88.414
60 62 40.249
60 63 41.725
60 64 91.214
60 65 35.355
60 66 44.0
60 67 80.951
60 68 50.289
60 69 66.483
60 70 61.294
60 71 49.254
60 72 109.343
60 73 50.01
60 74 81.025
60 75 87.71
60 76 91.022
60 77 94.175
60 78 57.983
60 79 48.301
60 80 52.839
60 81 47.17
60 82 49.497
60 83 64.622
60 84 19.313
60 85 87.818
60 86 25.08
60 87 61.033
60 88 89.196
60 89 88.837
60 90 87.321
60 91 68.007
60 92 56.223
60 93 49.092
60 94 46.819
60 95 42.0
60 96 56.223
60 97 46.098
60 98 73.437
60 99 56.515
60 100 97.591
61 89 28 11
61 62 85.726
61 63 46.755
61 64 9.434
61 65 64.475
61 66 64.195
61 67 29.155
61 68 48.703
61 69 56.223
61 70 31.623
61 71 57.974
61 72 23.77
61 73 74.967
61 74 33.615
61 75 27.203
61 76 17.029
61 77 9.055
61 78 30.48
61 79 44.294
61 80 40.853
61 81 69.426
61 82 72.007
61 83 37.216
61 84 98.184
61 85 25.0
61 86 71.694
61 87 63.071
61 88 6.403
61 89 23.431
61 90 50.12
61 91 24.739
61 92 33.615
61 93 68.066
61 94 50.922
61 95 64.846
61 96 33.615
61 97 85.147
61 98 69.584
61 99 48.836
61 100 9.849
62 7 53 17
62 63 47.381
62 64 92.195
62 65 23.022
62 66 71.694
62 67 65.734
62 68 69.26
62 69 39.699
62 70 54.12
62 71 73.824
62 72 100.24
62 73 15.264
62 74 63.6
62 75 72.67
62 76 80.529
62 77 87.846
62 78 59.211
62 79 62.586
62 80 45.122
62 81 17.804
62 82 17.029
62 83 78.918
62 84 29.0
62 85 73.783
62 86 22.825
62 87 87.664
62 88 83.57
62 89 75.472
62 90 62.008
62 91 61.033
62 92 53.6
62 93 19.849
62 94 34.928
62 95 69.971
62 96 53.6
62 97 6.083
62 98 101.079
62 99 76.538
62 100 92.477
63 54 59 5
63 64 50.249
63 65 24.515
63 66 33.541
63 67 42.755
63 68 24.207
63 69 41.677
63 70 21.587
63 71 32.016
63 72 67.801
63 73 43.382
63 74 44.181
63 75 48.765
63 76 50.12
63 77 52.498
63 78 16.279
63 79 16.125
63 80 16.279
63 81 37.121
63 82 40.706
63 83 31.575
63 84 52.326
63 85 48.384
63 86 27.459
63 87 45.255
63 88 47.508
63 89 49.041
63 90 55.731
63 91 27.313
63 92 15.232
63 93 37.216
63 94 19.105
63 95 32.696
63 96 15.232
63 97 49.477
63 98 58.138
63 99 31.064
63 100 55.866
64 97 33 3
64 65 70.214
64 66 62.61
64 67 38.484
64 68 47.508
64 69 64.777
64 70 38.328
64 71 55.946
64 72 28.071
64 73 82.298
64 74 42.953
64 75 36.62
64 76 26.173
64 77 16.643
64 78 34.438
64 79 44.688
64 80 47.074
64 81 76.531
64 82 79.31
64 83 34.176
64 84 102.474
64 85 34.409
64 86 76.557
64 87 59.034
64 88 15.62
64 89 32.802
64 90 59.54
64 91 32.016
64 92 38.897
64 93 75.326
64 94 57.271
64 95 63.53
64 96 38.897
64 97 92.071
64 98 64.008
64 99 46.239
64 100 14.56
65 30 54 2
65 66 52.402
65 67 48.918
65 68 47.424
65 69 31.145
65 70 33.121
65 71 53.254
65 72 81.4
65 73 20.518
65 74 48.01
65 75 55.973
65 76 61.847
65 77 67.742
65 78 36.497
65 79 40.162
65 80 23.707
65 81 15.0
65 82 18.439
65 83 56.089
65 84 36.235
65 85 56.586
65 86 10.44
65 87 67.119
65 88 63.135
65 89 57.983
65 90 52.202
65 91 40.311
65 92 31.321
65 93 16.125
65 94 14.213
65 95 50.931
65 96 31.321
65 97 25.0
65 98 80.455
65 99 54.626
65 100 72.069
66 69 89 2
66 67 72.339
66 68 15.524
66 69 75.18
66 70 51.971
66 71 7.071
66 72 87.932
66 73 72.918
66 74 74.813
66 75 77.026
66 76 74.545
66 77 72.533
66 78 41.11
66 79 22.023
66 80 49.396
66 81 67.179
66 82 70.725
66 83 28.844
66 84 62.394
66 85 76.0
66 86 48.877
66 87 17.117
66 88 67.912
66 89 76.026
66 90 88.323
66 91 55.145
66 92 44.911
66 93 67.897
66 94 52.154
66 95 2.0
66 96 44.911
66 97 75.717
66 98 30.083
66 99 17.029
66 100 74.0
67 62 17 8
67 68 58.052
67 69 29.614
67 70 21.213
67 71 68.066
67 72 35.114
67 73 52.326
67 74 4.472
67 75 7.071
67 76 16.125
67 77 26.077
67 78 31.257
67 79 50.359
67 80 28.231
67 81 48.021
67 82 49.649
67 83 53.226
67 84 85.147
67 85 8.062
67 86 58.6
67 87 77.795
67 88 23.77
67 89 9.849
67 90 21.401
67 91 17.263
67 92 28.071
67 93 46.141
67 94 35.0
67 95 72.173
67 96 28.071
67 97 63.53
67 98 87.727
67 99 61.685
67 100 31.064
68 73 74 1
68 69 64.815
68 70 38.626
68 71 10.05
68 72 72.422
68 73 67.231
68 74 60.877
68 75 62.29
68 76 59.211
68 77 57.009
68 78 26.926
68 79 8.602
68 80 38.013
68 81 61.057
68 82 64.661
68 83 15.0
68 84 66.483
68 85 61.131
68 86 47.074
68 87 21.401
68 88 52.393
68 89 61.033
68 90 75.392
68 91 40.792
68 92 31.78
68 93 61.294
68 94 43.186
68 95 16.155
68 96 31.78
68 97 72.236
68 98 33.971
68 99 7.28
68 100 58.523
69 33 23 13
69 70 30.017
69 71 73.498
69 72 64.56
69 73 24.759
69 74 26.249
69 75 35.735
69 76 45.706
69 77 55.145
69 78 41.4
69 79 56.223
69 80 26.907
69 81 22.472
69 82 22.672
69 83 66.843
69 84 64.475
69 85 37.363
69 86 41.437
69 87 86.215
69 88 52.0
69 89 39.294
69 90 22.472
69 91 33.838
69 92 34.828
69 93 20.248
69 94 23.409
69 95 74.243
69 96 34.828
69 97 36.125
69 98 98.494
69 99 70.838
69 100 60.133
70 59 38 15
70 71 48.384
70 72 48.836
70 73 44.045
70 74 23.022
70 75 27.203
70 76 29.833
70 77 34.67
70 78 12.207
70 79 30.364
70 80 9.434
70 81 38.21
70 82 41.049
70 83 37.483
70 84 68.118
70 85 26.926
70 86 41.231
70 87 59.481
70 88 30.017
70 89 27.731
70 90 36.77
70 91 7.211
70 92 7.071
70 93 37.054
70 94 19.313
70 95 51.624
70 96 7.071
70 97 53.759
70 98 70.725
70 99 43.417
70 100 38.949
71 74 84 8
71 72 81.744
71 73 73.6
71 74 70.831
71 75 72.339
71 76 69.116
71 77 66.491
71 78 36.878
71 79 18.028
71 80 47.011
71 81 67.624
71 82 71.218
71 83 21.954
71 84 67.03
71 85 71.176
71 86 51.078
71 87 13.892
71 88 61.984
71 89 71.063
71 90 85.094
71 91 50.804
71 92 41.437
71 93 68.118
71 94 51.088
71 95 8.602
71 96 41.437
71 97 77.414
71 98 27.295
71 99 10.0
71 100 67.72
72 95 5 18
72 73 87.321
72 74 38.328
72 75 28.862
72 76 19.723
72 77 15.652
72 78 51.865
72 79 67.624
72 80 58.138
72 81 82.735
72 82 84.581
72 83 60.828
72 84 116.932
72 85 27.203
72 86 90.028
72 87 86.47
72 88 20.591
72 89 25.298
72 90 50.01
72 91 41.725
72 92 53.151
72 93 80.957
72 94 67.201
72 95 88.544
72 96 53.151
72 97 98.412
72 98 92.049
72 99 72.567
72 100 14.142
73 15 40 11
73 74 49.739
73 75 59.059
73 76 67.779
73 77 75.961
73 78 51.624
73 79 59.481
73 80 36.125
73 81 6.325
73 82 3.0
73 83 74.33
73 84 42.755
73 85 60.374
73 86 26.833
73 87 87.419
73 88 72.035
73 89 62.169
73 90 46.861
73 91 50.359
73 92 45.277
73 93 7.0
73 94 26.476
73 95 71.449
73 96 45.277
73 97 11.402
73 98 100.688
73 99 74.303
73 100 80.777
74 58 15 6
74 75 9.487
74 76 20.0
74 77 30.265
74 78 33.956
74 79 52.953
74 80 28.862
74 81 45.804
74 82 47.17
74 83 56.824
74 84 84.202
74 85 11.18
74 86 57.983
74 87 80.994
74 88 28.16
74 89 13.153
74 90 17.029
74 91 20.248
74 92 30.067
74 93 43.829
74 94 34.482
74 95 74.545
74 96 30.067
74 97 61.057
74 98 91.236
74 99 64.846
74 100 35.228
75 67 12 1
75 76 11.402
75 77 22.136
75 78 36.014
75 79 55.009
75 80 34.886
75 81 54.918
75 82 56.436
75 83 55.973
75 84 92.195
75 85 2.236
75 86 65.605
75 87 81.253
75 88 21.095
75 89 4.123
75 90 23.409
75 91 22.091
75 92 33.734
75 93 53.0
75 94 42.012
75 95 77.0
75 96 33.734
75 97 70.328
75 98 90.477
75 99 65.307
75 100 26.926
76 78 15 20
76 77 10.77
76 78 35.114
76 79 52.953
76 80 38.897
76 81 63.071
76 82 65.0
76 83 50.488
76 84 97.622
76 85 9.22
76 86 70.725
76 87 76.42
76 88 10.63
76 89 7.28
76 90 34.785
76 91 23.022
76 92 34.986
76 93 61.327
76 94 47.634
76 95 74.813
76 96 34.986
76 97 78.791
76 98 84.404
76 99 61.033
76 100 15.524
77 88 19 1
77 78 36.401
77 79 52.0
77 80 44.102
77 81 70.838
77 82 73.082
77 83 46.098
77 84 102.616
77 85 19.925
77 86 75.802
77 87 72.028
77 88 5.0
77 89 18.028
77 90 45.541
77 91 27.459
77 92 38.21
77 93 69.26
77 94 53.712
77 95 73.082
77 96 38.21
77 97 86.649
77 98 78.638
77 99 57.559
77 100 5.0
78 66 48 4
78 79 19.105
78 80 15.811
78 81 45.398
78 82 48.662
78 83 25.495
78 84 68.096
78 85 35.128
78 86 42.154
78 87 47.424
78 88 31.401
78 89 35.355
78 90 48.754
78 91 14.036
78 92 6.708
78 93 44.721
78 94 25.179
78 95 41.012
78 96 6.708
78 97 60.008
78 98 58.523
78 99 31.305
78 100 39.623
79 68 67 8
79 80 29.411
79 81 53.235
79 82 56.824
79 83 17.117
79 84 62.817
79 85 54.009
79 86 41.11
79 87 30.0
79 88 47.17
79 89 54.083
79 90 67.067
79 91 33.136
79 92 23.409
79 93 53.339
79 94 34.828
79 95 22.023
79 96 23.409
79 97 65.146
79 98 42.426
79 99 15.0
79 100 54.12
80 51 43 12
80 81 30.017
80 82 33.136
80 83 40.497
80 84 58.796
80 85 34.986
80 86 31.89
80 87 59.405
80 88 39.446
80 89 36.056
80 90 39.459
80 91 16.643
80 92 9.22
80 93 29.155
80 94 10.198
80 95 48.703
80 96 9.22
80 97 45.177
80 98 71.589
80 99 43.932
80 100 48.374
81 21 42 11
81 82 3.606
81 83 68.007
81 84 42.379
81 85 56.08
81 86 22.804
81 87 81.4
81 88 66.761
81 89 57.801
81 90 44.944
81 91 44.721
81 92 39.115
81 93 2.236
81 94 20.224
81 95 65.765
81 96 39.115
81 97 15.811
81 98 94.626
81 99 68.096
81 100 75.584
82 18 40 14
82 83 71.512
82 84 43.417
82 85 57.706
82 86 25.632
82 87 85.0
82 88 69.123
82 89 59.481
82 90 45.0
82 91 47.381
82 92 42.297
82 93 4.0
82 94 23.537
82 95 69.296
82 96 42.297
82 97 13.892
82 98 98.229
82 99 71.694
82 100 77.885
83 85 65 9
83 84 79.831
83 85 54.406
83 86 58.009
83 87 26.019
83 88 42.0
83 89 53.852
83 90 72.945
83 91 36.892
83 92 32.016
83 93 67.779
83 94 48.332
83 95 30.0
83 96 32.016
83 97 81.025
83 98 34.54
83 99 12.083
83 100 46.69
84 7 82 13
84 85 92.763
84 86 26.907
84 87 79.511
84 88 97.801
84 89 94.112
84 90 86.764
84 91 75.286
84 92 64.637
84 93 44.598
84 94 50.249
84 95 60.407
84 96 64.637
84 97 35.014
84 98 92.228
84 99 73.246
84 100 106.607
85 69 13 13
85 86 66.068
85 87 79.831
85 88 18.868
85 89 2.0
85 90 25.632
85 91 21.378
85 92 33.242
85 93 54.203
85 94 42.521
85 95 76.026
85 96 33.242
85 97 71.589
85 98 88.865
85 99 63.953
85 100 24.739
86 27 64 19
86 87 64.885
86 88 71.028
86 89 67.357
86 90 62.642
86 91 48.415
86 92 38.079
86 93 24.515
86 94 23.601
86 95 47.17
86 96 38.079
86 97 27.019
86 98 78.294
86 99 54.342
86 100 79.881
87 86 91 3
87 88 68.007
87 89 79.429
87 90 96.177
87 91 60.745
87 92 52.839
87 93 81.835
87 94 64.351
87 95 19.105
87 96 52.839
87 97 91.302
87 98 13.416
87 99 16.155
87 100 72.339
88 85 23 6
88 89 17.205
88 90 44.283
88 91 22.825
88 92 33.302
88 93 65.253
88 94 49.193
88 95 68.411
88 96 33.302
88 97 82.565
88 98 75.133
88 99 53.235
88 100 8.944
89 71 13 9
89 90 27.514
89 91 21.84
89 92 33.838
89 93 55.946
89 94 43.863
89 95 76.105
89 96 33.838
89 97 73.355
89 98 88.233
89 99 63.64
89 100 22.804
90 45 4 15
90 91 36.056
90 92 43.658
90 93 42.72
90 94 41.195
90 95 87.801
90 96 43.658
90 97 58.052
90 98 107.042
90 99 80.056
90 100 50.289
91 65 34 9
91 92 12.083
91 93 43.417
91 94 26.401
91 95 55.036
91 96 12.083
91 97 60.415
91 98 71.12
91 99 44.598
91 100 31.765
92 60 45 16
92 93 38.328
92 94 19.0
92 95 44.553
92 96 0.0
92 97 54.037
92 98 64.405
92 99 36.892
92 100 42.012
93 22 40 19
93 94 19.647
93 95 66.528
93 96 38.328
93 97 17.464
93 98 95.0
93 99 68.264
93 100 74.041
94 41 45 4
94 95 51.108
94 96 19.0
94 97 35.057
94 98 77.156
94 99 49.82
94 100 58.138
95 67 89 15
95 96 44.553
95 97 74.061
95 98 32.016
95 99 18.385
95 100 74.673
96 60 45 7
96 97 54.037
96 98 64.405
96 99 36.892
96 100 42.012
97 6 47 16
97 98 104.709
97 99 79.48
97 100 91.395
98 98 97 14
98 99 27.659
98 100 78.16
99 80 76 15
99 100 58.464
100 93 19 20
