20 2 10
1 17 71 10
1 2 69.893
1 3 47.885
1 4 74.303
1 5 53.852
1 6 65.276
1 7 31.321
1 8 43.012
1 9 22.804
1 10 54.626
1 11 93.349
1 12 87.006
1 13 69.354
1 14 74.793
1 15 24.187
1 16 68.118
1 17 20.248
1 18 63.063
1 19 35.057
1 20 52.0
2 56 13 17
2 3 22.627
2 4 7.616
2 5 16.279
2 6 58.138
2 7 67.602
2 8 57.14
2 9 54.708
2 10 80.753
2 11 28.862
2 12 30.414
2 13 37.643
2 14 33.422
2 15 89.554
2 16 68.447
2 17 89.694
2 18 88.645
2 19 47.011
2 20 39.051
3 40 29 20
3 4 26.42
3 5 6.403
3 6 55.317
3 7 51.478
3 8 45.618
3 9 36.014
3 10 69.462
3 11 49.649
3 12 47.297
3 13 42.059
3 14 42.297
3 15 68.964
3 16 64.351
3 17 67.978
3 18 78.294
3 19 25.962
3 20 33.302
4 53 6 2
4 5 20.616
4 6 65.742
4 7 74.243
4 8 64.382
4 9 60.638
4 10 88.119
4 11 31.0
4 12 35.114
4 13 45.0
4 14 40.311
4 15 94.921
4 16 76.059
4 17 94.366
4 18 96.104
4 19 48.415
4 20 46.573
5 45 25 12
5 6 54.489
5 7 55.036
5 8 47.434
5 9 40.447
5 10 71.47
5 11 43.382
5 12 41.593
5 13 38.91
5 14 38.079
5 15 74.33
5 16 64.031
5 17 73.824
5 18 80.056
5 19 31.953
5 20 32.802
6 82 65 8
6 7 38.079
6 8 22.561
6 9 43.0
6 10 31.765
6 11 59.034
6 12 47.17
6 13 23.087
6 14 31.0
6 15 68.877
6 16 10.44
6 17 76.217
6 18 36.139
6 19 73.007
6 20 22.023
7 47 80 13
7 8 16.401
7 9 17.0
7 10 23.854
7 11 82.735
7 12 73.246
7 13 50.329
7 14 57.801
7 15 30.887
7 16 38.328
7 17 38.328
7 18 32.802
7 19 54.406
7 20 34.132
8 60 70 11
8 9 21.587
8 10 24.042
8 11 68.352
8 12 58.138
8 13 34.409
8 14 42.19
8 15 47.17
8 16 25.495
8 17 53.852
8 18 32.696
8 19 56.4
8 20 19.647
9 39 65 7
9 10 39.598
9 11 74.202
9 12 66.468
9 13 47.011
9 14 53.009
9 15 35.511
9 16 47.074
9 17 38.288
9 18 48.795
9 19 37.643
9 20 29.53
10 67 93 3
10 11 88.645
10 12 77.369
10 13 52.631
10 14 60.877
10 15 47.043
10 16 25.456
10 17 57.079
10 18 9.22
10 19 77.156
10 20 42.048
11 84 6 6
11 12 12.166
11 13 36.222
11 14 28.071
11 15 109.622
11 16 69.007
11 17 111.946
11 18 94.641
11 19 75.24
11 20 48.847
12 86 18 5
12 13 24.739
12 14 16.492
12 15 101.415
12 16 57.009
12 17 104.69
12 18 83.024
12 19 73.246
12 20 39.115
13 80 42 10
13 14 8.246
13 15 80.056
13 16 33.377
13 17 84.876
13 18 58.421
13 19 65.276
13 20 17.493
14 82 34 17
14 15 86.977
14 16 41.11
14 17 91.214
14 18 66.611
14 19 67.03
14 20 24.042
15 20 95 18
15 16 68.007
15 17 11.18
15 18 53.235
15 19 59.211
15 20 62.936
16 85 75 7
16 17 76.485
16 18 27.731
16 19 80.131
16 20 31.241
17 10 90 10
17 18 63.789
17 19 54.231
17 20 67.424
18 73 100 3
18 19 86.371
18 20 49.649
19 15 36 7
19 20 52.202
20 65 51 5
