30 3
1 17 71 10
1 2 69.893
1 3 47.885
1 4 74.303
1 5 53.852
1 6 65.276
1 7 31.321
1 8 43.012
1 9 22.804
1 10 54.626
1 11 93.349
1 12 87.006
1 13 69.354
1 14 74.793
1 15 24.187
1 16 68.118
1 17 20.248
1 18 63.063
1 19 35.057
1 20 52.0
1 21 47.17
1 22 81.345
1 23 41.437
1 24 67.03
1 25 26.907
1 26 21.095
1 27 55.973
1 28 55.082
1 29 12.806
1 30 78.339
2 56 13 17
2 3 22.627
2 4 7.616
2 5 16.279
2 6 58.138
2 7 67.602
2 8 57.14
2 9 54.708
2 10 80.753
2 11 28.862
2 12 30.414
2 13 37.643
2 14 33.422
2 15 89.554
2 16 68.447
2 17 89.694
2 18 88.645
2 19 47.011
2 20 39.051
2 21 33.015
2 22 17.029
2 23 52.038
2 24 66.212
2 25 43.417
2 26 62.642
2 27 77.279
2 28 45.222
2 29 70.007
2 30 85.428
3 40 29 20
3 4 26.42
3 5 6.403
3 6 55.317
3 7 51.478
3 8 45.618
3 9 36.014
3 10 69.462
3 11 49.649
3 12 47.297
3 13 42.059
3 14 42.297
3 15 68.964
3 16 64.351
3 17 67.978
3 18 78.294
3 19 25.962
3 20 33.302
3 21 24.042
3 22 37.121
3 23 40.249
3 24 62.225
3 25 22.561
3 26 44.045
3 27 67.082
3 28 40.361
3 29 47.381
3 30 80.808
4 53 6 2
4 5 20.616
4 6 65.742
4 7 74.243
4 8 64.382
4 9 60.638
4 10 88.119
4 11 31.0
4 12 35.114
4 13 45.0
4 14 40.311
4 15 94.921
4 16 76.059
4 17 94.366
4 18 96.104
4 19 48.415
4 20 46.573
4 21 40.2
4 22 20.881
4 23 59.211
4 24 73.824
4 25 48.466
4 26 68.659
4 27 84.723
4 28 52.811
4 29 73.246
4 30 93.038
5 45 25 12
5 6 54.489
5 7 55.036
5 8 47.434
5 9 40.447
5 10 71.47
5 11 43.382
5 12 41.593
5 13 38.91
5 14 38.079
5 15 74.33
5 16 64.031
5 17 73.824
5 18 80.056
5 19 31.953
5 20 32.802
5 21 24.187
5 22 30.871
5 23 42.059
5 24 61.847
5 25 27.857
5 26 48.508
5 27 68.71
5 28 39.825
5 29 53.74
5 30 80.802
6 82 65 8
6 7 38.079
6 8 22.561
6 9 43.0
6 10 31.765
6 11 59.034
6 12 47.17
6 13 23.087
6 14 31.0
6 15 68.877
6 16 10.44
6 17 76.217
6 18 36.139
6 19 73.007
6 20 22.023
6 21 31.401
6 22 53.759
6 23 24.0
6 24 8.246
6 25 49.041
6 26 44.721
6 27 26.833
6 28 15.0
6 29 75.027
6 30 27.313
7 47 80 13
7 8 16.401
7 9 17.0
7 10 23.854
7 11 82.735
7 12 73.246
7 13 50.329
7 14 57.801
7 15 30.887
7 16 38.328
7 17 38.328
7 18 32.802
7 19 54.406
7 20 34.132
7 21 35.44
7 22 72.801
7 23 18.601
7 24 37.656
7 25 31.385
7 26 11.402
7 27 24.698
7 28 33.242
7 29 43.463
7 30 47.074
8 60 70 11
8 9 21.587
8 10 24.042
8 11 68.352
8 12 58.138
8 13 34.409
8 14 42.19
8 15 47.17
8 16 25.495
8 17 53.852
8 18 32.696
8 19 56.4
8 20 19.647
8 21 24.187
8 22 59.439
8 23 5.385
8 24 24.187
8 25 31.401
8 26 22.204
8 27 21.471
8 28 17.205
8 29 53.46
8 30 38.588
9 39 65 7
9 10 39.598
9 11 74.202
9 12 66.468
9 13 47.011
9 14 53.009
9 15 35.511
9 16 47.074
9 17 38.288
9 18 48.795
9 19 37.643
9 20 29.53
9 21 26.173
9 22 62.968
9 23 19.0
9 24 45.706
9 25 14.56
9 26 8.062
9 27 39.205
9 28 32.28
9 29 32.062
9 30 59.506
10 67 93 3
10 11 88.645
10 12 77.369
10 13 52.631
10 14 60.877
10 15 47.043
10 16 25.456
10 17 57.079
10 18 9.22
10 19 77.156
10 20 42.048
10 21 48.052
10 22 81.222
10 23 29.411
10 24 26.249
10 25 52.802
10 26 35.228
10 27 5.0
10 28 37.121
10 29 67.082
10 30 26.173
11 84 6 6
11 12 12.166
11 13 36.222
11 14 28.071
11 15 109.622
11 16 69.007
11 17 111.946
11 18 94.641
11 19 75.24
11 20 48.847
11 21 48.26
11 22 12.53
11 23 64.475
11 24 67.0
11 25 66.528
11 26 81.271
11 27 84.172
11 28 51.923
11 29 95.802
11 30 84.481
12 86 18 5
12 13 24.739
12 14 16.492
12 15 101.415
12 16 57.009
12 17 104.69
12 18 83.024
12 19 73.246
12 20 39.115
12 21 40.311
12 22 14.318
12 23 54.708
12 24 55.036
12 25 60.745
12 26 73.0
12 27 72.78
12 28 41.231
12 29 90.918
12 30 72.339
13 80 42 10
13 14 8.246
13 15 80.056
13 16 33.377
13 17 84.876
13 18 58.421
13 19 65.276
13 20 17.493
13 21 23.345
13 22 30.806
13 23 31.828
13 24 31.257
13 25 45.891
13 26 52.202
13 27 48.052
13 28 17.205
13 29 75.961
13 30 49.729
14 82 34 17
14 15 86.977
14 16 41.11
14 17 91.214
14 18 66.611
14 19 67.03
14 20 24.042
14 21 27.731
14 22 23.77
14 23 39.205
14 24 39.051
14 25 49.98
14 26 58.796
14 27 56.294
14 28 25.06
14 29 80.411
14 30 57.07
15 20 95 18
15 16 68.007
15 17 11.18
15 18 53.235
15 19 59.211
15 20 62.936
15 21 61.4
15 22 98.478
15 23 48.415
15 24 67.676
15 25 46.487
15 26 28.425
15 27 50.359
15 28 63.411
15 29 34.54
15 30 73.171
16 85 75 7
16 17 76.485
16 18 27.731
16 19 80.131
16 20 31.241
16 21 40.311
16 22 64.133
16 23 28.792
16 24 2.236
16 25 55.462
16 26 47.043
16 27 20.518
16 28 24.207
16 29 78.918
16 30 17.0
17 10 90 10
17 18 63.789
17 19 54.231
17 20 67.424
17 21 64.382
17 22 100.265
17 23 54.12
17 24 75.928
17 25 46.325
17 26 32.757
17 27 60.008
17 28 68.964
17 29 27.166
17 30 83.0
18 73 100 3
18 19 86.371
18 20 49.649
18 21 56.321
18 22 88.0
18 23 38.079
18 24 29.155
18 25 62.008
18 26 44.204
18 27 11.402
18 28 44.102
18 29 75.664
18 30 22.361
19 15 36 7
19 20 52.202
19 21 43.174
19 22 62.769
19 23 51.865
19 24 78.294
19 25 25.0
19 26 43.566
19 27 76.381
19 28 58.523
19 29 28.16
19 30 94.868
20 65 51 5
20 21 9.434
20 22 39.812
20 23 15.652
20 24 29.069
20 25 30.0
20 26 34.828
20 27 38.328
20 28 7.071
20 29 59.228
20 30 48.01
21 57 46 4
21 22 37.577
21 23 19.026
21 24 38.184
21 25 22.561
21 26 33.015
21 27 44.922
21 28 16.401
21 29 52.811
21 30 56.851
22 73 12 20
22 23 55.082
22 24 61.984
22 25 54.452
22 26 70.328
22 27 77.058
22 28 44.102
22 29 83.409
22 30 80.523
23 58 65 3
23 24 27.203
23 25 26.926
23 26 21.541
23 27 26.833
23 28 15.0
23 29 51.039
23 30 43.012
24 84 73 4
24 25 53.712
24 26 46.0
24 27 21.26
24 28 22.023
24 29 77.647
24 30 19.235
25 35 51 19
25 26 22.204
25 27 51.662
25 28 35.355
25 29 30.463
25 30 69.893
26 38 73 6
26 27 35.777
26 28 36.235
26 29 32.573
26 30 57.567
27 70 89 17
27 28 33.0
27 29 68.154
27 30 23.022
28 70 56 5
28 29 63.388
28 30 41.049
29 7 63 6
29 30 90.139
30 93 90 10
