10 2 3
1 17 71 10
1 2 69.893
1 3 47.885
1 4 74.303
1 5 53.852
1 6 65.276
1 7 31.321
1 8 43.012
1 9 22.804
1 10 54.626
2 56 13 17
2 3 22.627
2 4 7.616
2 5 16.279
2 6 58.138
2 7 67.602
2 8 57.14
2 9 54.708
2 10 80.753
3 40 29 20
3 4 26.42
3 5 6.403
3 6 55.317
3 7 51.478
3 8 45.618
3 9 36.014
3 10 69.462
4 53 6 2
4 5 20.616
4 6 65.742
4 7 74.243
4 8 64.382
4 9 60.638
4 10 88.119
5 45 25 12
5 6 54.489
5 7 55.036
5 8 47.434
5 9 40.447
5 10 71.47
6 82 65 8
6 7 38.079
6 8 22.561
6 9 43.0
6 10 31.765
7 47 80 13
7 8 16.401
7 9 17.0
7 10 23.854
8 60 70 11
8 9 21.587
8 10 24.042
9 39 65 7
9 10 39.598
10 67 93 3
