70 4
1 3 60 4
1 2 65.924
1 3 78.313
1 4 68.096
1 5 3.606
1 6 38.21
1 7 39.962
1 8 66.038
1 9 49.649
1 10 71.868
1 11 91.0
1 12 64.133
1 13 72.615
1 14 98.234
1 15 26.019
1 16 53.254
1 17 68.118
1 18 99.96
1 19 48.508
1 20 88.204
1 21 80.623
1 22 27.459
1 23 87.052
1 24 39.812
1 25 81.302
1 26 76.922
1 27 33.121
1 28 41.785
1 29 86.035
1 30 50.329
1 31 48.166
1 32 66.483
1 33 45.607
1 34 89.989
1 35 22.204
1 36 83.15
1 37 90.874
1 38 84.723
1 39 65.513
1 40 15.524
1 41 53.367
1 42 98.005
1 43 43.829
1 44 74.277
1 45 93.392
1 46 59.135
1 47 51.624
1 48 38.288
1 49 14.142
1 50 41.146
1 51 35.014
1 52 79.31
1 53 22.361
1 54 81.32
1 55 81.345
1 56 62.129
1 57 62.801
1 58 16.643
1 59 61.685
1 60 62.298
1 61 45.222
1 62 68.877
1 63 86.764
1 64 7.071
1 65 48.26
1 66 70.937
1 67 92.892
1 68 54.342
1 69 78.6
1 70 58.052
2 68 49 8
2 3 13.601
2 4 45.398
2 5 67.476
2 6 78.243
2 7 62.936
2 8 46.872
2 9 60.803
2 10 37.054
2 11 28.231
2 12 23.087
2 13 39.051
2 14 46.861
2 15 65.734
2 16 46.065
2 17 15.297
2 18 53.535
2 19 17.464
2 20 28.601
2 21 15.033
2 22 41.231
2 23 23.409
2 24 63.506
2 25 32.249
2 26 23.345
2 27 45.0
2 28 57.306
2 29 43.081
2 30 51.624
2 31 22.672
2 32 38.91
2 33 31.145
2 34 40.497
2 35 52.773
2 36 24.083
2 37 31.623
2 38 32.985
2 39 25.02
2 40 66.31
2 41 26.42
2 42 41.677
2 43 47.17
2 44 45.222
2 45 41.231
2 46 31.321
2 47 23.601
2 48 56.569
2 49 67.067
2 50 67.179
2 51 78.816
2 52 21.541
2 53 45.011
2 54 47.676
2 55 21.095
2 56 51.4
2 57 3.162
2 58 51.039
2 59 29.614
2 60 31.575
2 61 60.208
2 62 41.11
2 63 50.695
2 64 66.121
2 65 70.491
2 66 36.688
2 67 27.731
2 68 25.942
2 69 36.056
2 70 41.231
3 81 53 9
3 4 45.188
3 5 80.1
3 6 86.608
3 7 70.214
3 8 47.413
3 9 73.783
3 10 34.785
3 11 14.765
3 12 24.207
3 13 36.688
3 14 36.235
3 15 79.31
3 16 50.249
3 17 14.866
3 18 44.011
3 19 30.0
3 20 16.401
3 21 3.606
3 22 52.393
3 23 9.849
3 24 76.968
3 25 37.108
3 26 28.46
3 27 54.129
3 28 70.661
3 29 36.125
3 30 56.569
3 31 31.953
3 32 49.204
3 33 38.949
3 34 31.321
3 35 63.246
3 36 13.0
3 37 30.414
3 38 36.346
3 39 25.239
3 40 77.201
3 41 32.202
3 42 40.792
3 43 60.415
3 44 54.203
3 45 30.871
3 46 34.059
3 47 30.887
3 48 64.07
3 49 80.306
3 50 74.404
3 51 87.71
3 52 24.515
3 53 58.078
3 54 55.154
3 55 22.091
3 56 62.936
3 57 16.279
3 58 64.031
3 59 31.401
3 60 33.015
3 61 73.43
3 62 40.311
3 63 45.0
3 64 79.0
3 65 83.726
3 66 45.793
3 67 20.0
3 68 31.401
3 69 42.72
3 70 53.075
4 62 94 12
4 5 71.344
4 6 55.145
4 7 38.0
4 8 3.162
4 9 91.706
4 10 11.314
4 11 46.69
4 12 22.361
4 13 10.0
4 14 37.108
4 15 83.451
4 16 15.524
4 17 31.321
4 18 35.0
4 19 42.45
4 20 40.311
4 21 48.754
4 22 43.186
4 23 46.4
4 24 89.051
4 25 77.647
4 26 68.731
4 27 34.986
4 28 85.235
4 29 22.561
4 30 21.024
4 31 31.953
4 32 80.753
4 33 26.627
4 34 30.083
4 35 46.065
4 36 37.643
4 37 74.947
4 38 78.262
4 39 20.616
4 40 58.189
4 41 23.087
4 42 85.381
4 43 77.82
4 44 88.363
4 45 34.54
4 46 15.297
4 47 27.203
4 48 34.366
4 49 77.621
4 50 41.11
4 51 58.009
4 52 66.491
4 53 58.796
4 54 92.022
4 55 65.253
4 56 89.56
4 57 44.102
4 58 62.241
4 59 16.0
4 60 14.0
4 61 89.185
4 62 5.0
4 63 19.416
4 64 72.67
4 65 98.184
4 66 80.156
4 67 64.885
4 68 22.804
4 69 81.099
4 70 79.555
5 1 57 10
5 6 41.437
5 7 43.566
5 8 69.34
5 9 47.539
5 10 74.847
5 11 93.048
5 12 66.708
5 13 75.644
5 14 100.96
5 15 23.195
5 16 56.613
5 17 70.349
5 18 102.883
5 19 50.16
5 20 90.449
5 21 82.298
5 22 30.083
5 23 89.0
5 24 37.363
5 25 81.492
5 26 77.473
5 27 36.359
5 28 39.812
5 29 88.955
5 30 53.814
5 31 50.488
5 32 65.947
5 33 48.384
5 34 92.72
5 35 25.612
5 36 85.376
5 37 91.548
5 38 85.0
5 39 68.154
5 40 18.974
5 41 56.045
5 42 98.387
5 43 42.638
5 44 73.553
5 45 96.047
5 46 62.032
5 47 54.129
5 48 41.869
5 49 11.0
5 50 44.721
5 51 38.118
5 52 80.056
5 53 23.087
5 54 80.66
5 55 82.219
5 56 60.803
5 57 64.382
5 58 17.088
5 59 64.514
5 60 65.192
5 61 43.081
5 62 72.007
5 63 89.894
5 64 4.123
5 65 45.541
5 66 70.605
5 67 94.149
5 68 57.009
5 69 78.492
5 70 57.28
6 7 98 14
6 7 17.464
6 8 52.086
6 9 85.843
6 10 64.133
6 11 94.937
6 12 64.475
6 13 63.789
6 14 91.924
6 15 64.07
6 16 40.792
6 17 72.471
6 18 90.089
6 19 62.936
6 20 89.889
6 21 89.889
6 22 40.224
6 23 92.574
6 24 77.104
6 25 103.856
6 26 97.0
6 27 33.302
6 28 77.782
6 29 77.524
6 30 34.366
6 31 55.606
6 32 94.826
6 33 47.707
6 34 84.345
6 35 28.653
6 36 85.615
6 37 108.931
6 38 106.405
6 39 64.622
6 40 23.0
6 41 54.589
6 42 118.106
6 43 76.922
6 44 103.31
6 45 88.645
6 46 55.362
6 47 55.758
6 48 22.847
6 49 52.345
6 50 14.036
6 51 4.243
6 52 97.581
6 53 50.596
6 54 109.659
6 55 98.351
6 56 94.868
6 57 75.286
6 58 48.052
6 59 58.523
6 60 57.871
6 61 81.615
6 62 58.549
6 63 74.0
6 64 45.277
6 65 86.006
6 66 97.755
6 67 105.437
6 68 55.471
6 69 103.47
6 70 88.238
7 24 94 14
7 8 35.014
7 9 81.154
7 10 46.69
7 11 77.82
7 12 47.413
7 13 46.39
7 14 74.545
7 15 63.246
7 16 23.345
7 17 55.758
7 18 73.0
7 19 49.092
7 20 72.615
7 21 73.6
7 22 29.614
7 23 75.664
7 24 74.148
7 25 90.736
7 26 83.235
7 27 19.698
7 28 73.246
7 29 60.208
7 30 17.029
7 31 40.361
7 32 84.433
7 33 31.828
7 34 66.91
7 35 21.213
7 36 68.447
7 37 94.26
7 38 92.914
7 39 47.424
7 40 25.495
7 41 38.013
7 42 103.856
7 43 70.114
7 44 92.973
7 45 71.197
7 46 38.079
7 47 39.699
7 48 6.403
7 49 53.226
7 50 4.243
7 51 20.025
7 52 83.241
7 53 44.011
7 54 98.793
7 55 83.63
7 56 86.977
7 57 60.141
7 58 43.566
7 59 41.231
7 60 40.497
7 61 77.318
7 62 41.195
7 63 57.14
7 64 46.53
7 65 83.546
7 66 86.539
7 67 89.499
7 68 38.833
7 69 91.241
7 70 79.076
8 59 95 12
8 9 91.236
8 10 14.213
8 11 49.497
8 12 24.042
8 13 13.038
8 14 40.262
8 15 82.134
8 16 13.0
8 17 33.242
8 18 38.013
8 19 42.755
8 20 43.186
8 21 51.0
8 22 41.725
8 23 49.041
8 24 88.204
8 25 79.076
8 26 70.214
8 27 33.015
8 28 84.599
8 29 25.71
8 30 18.111
8 31 32.016
8 32 81.394
8 33 25.942
8 34 33.242
8 35 43.909
8 36 40.361
8 37 76.896
8 38 79.831
8 39 22.472
8 40 55.714
8 41 23.345
8 42 87.316
8 43 77.473
8 44 89.14
8 45 37.696
8 46 16.0
8 47 27.459
8 48 31.575
8 49 75.928
8 50 38.053
8 51 55.0
8 52 68.154
8 53 57.628
8 54 93.005
8 55 67.052
8 56 89.739
8 57 45.398
8 58 60.828
8 59 17.263
8 60 15.297
8 61 88.589
8 62 7.81
8 63 22.204
8 64 70.803
8 65 97.417
8 66 81.025
8 67 67.231
8 68 23.195
8 69 82.298
8 70 79.831
9 19 13 1
9 10 89.051
9 11 88.51
9 12 75.432
9 13 90.697
9 14 106.888
9 15 25.807
9 16 81.933
9 17 72.835
9 18 112.45
9 19 51.225
9 20 89.404
9 21 73.926
9 22 53.151
9 23 83.528
9 24 11.314
9 25 53.151
9 26 54.571
9 27 64.327
9 28 8.062
9 29 100.005
9 30 82.97
9 31 60.208
9 32 32.016
9 33 65.307
9 34 99.705
9 35 60.033
9 36 84.812
9 37 67.742
9 38 57.14
9 39 77.621
9 40 63.151
9 41 69.116
9 42 70.0
9 43 14.213
9 44 35.693
9 45 101.237
9 46 77.175
9 47 65.192
9 48 76.531
9 49 37.59
9 50 84.024
9 51 83.361
9 52 59.203
9 53 37.216
9 54 42.45
9 55 62.642
9 56 18.682
9 57 59.034
9 58 38.053
9 59 77.936
9 60 79.612
9 61 4.472
9 62 89.694
9 63 105.209
9 64 43.463
9 65 11.045
9 66 38.013
9 67 77.795
9 68 69.642
9 69 47.0
9 70 23.345
10 70 86 3
10 11 35.384
10 12 14.56
10 13 2.0
10 14 28.018
10 15 84.024
10 16 23.345
10 17 22.023
10 18 28.16
10 19 38.079
10 20 29.0
10 21 38.275
10 22 45.177
10 23 35.228
10 24 87.784
10 25 69.029
10 26 60.033
10 27 39.294
10 28 83.241
10 29 14.318
10 30 29.833
10 31 29.069
10 32 74.465
10 33 26.926
10 34 20.224
10 35 50.695
10 36 26.401
10 37 65.0
10 38 69.26
10 39 12.369
10 40 63.953
10 41 20.518
10 42 75.432
10 43 74.887
10 44 81.584
10 45 24.515
10 46 13.038
10 47 24.083
10 48 42.107
10 49 79.756
10 50 50.22
10 51 66.611
10 52 57.315
10 53 59.203
10 54 84.593
10 55 55.731
10 56 84.694
10 57 36.346
10 58 63.514
10 59 11.314
10 60 10.0
10 61 87.006
10 62 6.403
10 63 16.279
10 64 75.584
10 65 96.54
10 66 73.164
10 67 54.129
10 68 19.799
10 69 73.11
10 70 74.465
11 94 60 20
11 12 30.463
11 13 36.878
11 14 25.318
11 15 93.68
11 16 55.758
11 17 23.345
11 18 34.132
11 19 43.566
11 20 6.708
11 21 14.866
11 22 64.195
11 23 5.0
11 24 91.706
11 25 48.301
11 26 40.497
11 27 64.031
11 28 85.422
11 29 30.676
11 30 62.434
11 31 43.186
11 32 62.968
11 33 48.508
11 34 23.345
11 35 74.148
11 36 9.434
11 37 37.855
11 38 46.615
11 39 30.414
11 40 88.284
11 41 40.804
11 42 47.265
11 43 75.18
11 44 67.201
11 45 21.0
11 46 39.825
11 47 40.792
11 48 72.09
11 49 94.048
11 50 81.841
11 51 96.566
11 52 35.847
11 53 71.701
11 54 67.231
11 55 32.65
11 56 77.156
11 57 30.676
11 58 77.524
11 59 36.715
11 60 37.736
11 61 88.193
11 62 41.725
11 63 40.162
11 64 92.266
11 65 98.489
11 66 59.034
11 67 23.022
11 68 39.85
11 69 54.708
11 70 67.476
12 66 72 17
12 13 16.492
12 14 34.54
12 15 72.719
12 16 26.173
12 17 9.434
12 18 38.013
12 19 24.207
12 20 25.71
12 21 27.803
12 22 36.674
12 23 28.302
12 24 75.007
12 25 55.326
12 26 46.39
12 27 34.234
12 28 70.036
12 29 24.759
12 30 32.65
12 31 17.0
12 32 59.908
12 33 19.0
12 34 26.401
12 35 45.011
12 36 21.19
12 37 52.924
12 38 55.902
12 39 2.236
12 40 59.076
12 41 11.0
12 42 63.325
12 43 61.221
12 44 67.082
12 45 29.411
12 46 9.899
12 47 12.649
12 48 41.629
12 49 70.007
12 50 51.478
12 51 66.129
12 52 44.147
12 53 48.301
12 54 70.257
12 55 43.012
12 56 70.264
12 57 22.023
12 58 53.31
12 59 7.211
12 60 8.944
12 61 73.661
12 62 18.028
12 63 30.017
12 64 66.761
12 65 83.451
12 66 58.694
12 67 44.204
12 68 10.0
12 69 59.0
12 70 60.008
13 70 88 11
13 14 28.16
13 15 85.276
13 16 23.087
13 17 24.021
13 18 27.659
13 19 39.825
13 20 30.414
13 21 40.162
13 22 46.141
13 23 36.892
13 24 89.275
13 25 71.028
13 26 62.032
13 27 39.85
13 28 84.812
13 29 14.036
13 30 29.428
13 31 30.61
13 32 76.4
13 33 28.018
13 34 20.616
13 35 51.245
13 36 28.018
13 37 66.94
13 38 71.253
13 39 14.318
13 40 64.327
13 41 21.932
13 42 77.369
13 43 76.551
13 44 83.546
13 45 25.0
13 46 14.213
13 47 25.612
13 48 42.012
13 49 80.777
13 50 49.82
13 51 66.37
13 52 59.304
13 53 60.44
13 54 86.579
13 55 57.706
13 56 86.539
13 57 38.328
13 58 64.637
13 59 12.806
13 60 11.314
13 61 88.6
13 62 5.385
13 63 14.866
13 64 76.479
13 65 98.082
13 66 75.133
13 67 55.946
13 68 21.26
13 69 75.107
13 70 76.322
14 98 85 14
14 15 106.944
14 16 51.245
14 17 34.205
14 18 9.055
14 19 56.859
14 20 20.248
14 21 38.079
14 22 70.88
14 23 29.12
14 24 108.005
14 25 72.801
14 26 64.475
14 27 66.611
14 28 102.45
14 29 14.56
14 30 57.559
14 31 51.478
14 32 85.147
14 33 52.631
14 34 8.246
14 35 77.929
14 36 23.324
14 37 63.151
14 38 71.47
14 39 32.894
14 40 91.548
14 41 44.922
14 42 72.56
14 43 92.849
14 44 90.427
14 45 5.657
14 46 39.459
14 47 47.17
14 48 70.114
14 49 104.547
14 50 77.929
14 51 94.53
14 52 60.166
14 53 82.765
14 54 91.285
14 55 57.245
14 56 98.234
14 57 48.104
14 58 87.846
14 59 36.674
14 60 36.346
14 61 105.759
14 62 33.377
14 63 21.401
14 64 101.193
14 65 115.884
14 66 81.988
14 67 48.26
14 68 43.966
14 69 78.791
14 70 88.091
15 4 34 19
15 16 70.605
15 17 73.41
15 18 110.675
15 19 50.695
15 20 92.698
15 21 80.604
15 22 40.46
15 23 89.022
15 24 14.765
15 25 70.093
15 26 68.469
15 27 50.478
15 28 19.105
15 29 97.082
15 30 69.642
15 31 55.758
15 32 51.078
15 33 57.385
15 34 98.98
15 35 42.544
15 36 87.664
15 37 82.735
15 38 73.98
15 39 74.626
15 40 41.11
15 41 63.6
15 42 87.556
15 43 26.0
15 44 57.306
15 45 101.533
15 46 71.063
15 47 60.465
15 48 60.008
15 49 12.369
15 50 65.253
15 51 61.0
15 52 72.173
15 53 24.839
15 54 64.498
15 55 75.06
15 56 42.012
15 57 63.063
15 58 21.401
15 59 72.801
15 60 74.027
15 61 21.401
15 62 82.807
15 63 100.125
15 64 19.105
15 65 22.361
15 66 56.648
15 67 89.051
15 68 64.405
15 69 65.46
15 70 41.629
16 47 90 10
16 17 35.384
16 18 50.16
16 19 37.216
16 20 50.12
16 21 53.814
16 22 30.232
16 23 54.203
16 24 77.827
16 25 77.162
16 26 68.71
16 27 20.518
16 28 74.847
16 29 37.014
16 30 6.708
16 31 26.306
16 32 76.105
16 33 18.0
16 34 43.566
16 35 31.064
16 36 46.325
16 37 77.524
16 38 78.549
16 39 25.612
16 40 42.72
16 41 19.698
16 42 87.71
16 43 68.68
16 44 84.291
16 45 47.854
16 46 16.279
16 47 23.087
16 48 19.026
16 49 63.655
16 50 26.926
16 51 43.29
16 52 67.543
16 53 46.648
16 54 88.955
16 55 67.119
16 56 82.608
16 57 43.863
16 58 49.204
16 59 19.209
16 60 18.028
16 61 78.924
16 62 18.0
16 63 34.928
16 64 58.258
16 65 87.207
16 66 76.655
16 67 70.178
16 68 20.125
16 69 79.31
16 70 73.171
17 71 64 12
17 18 39.699
17 19 22.825
17 20 20.1
17 21 18.439
17 22 41.012
17 23 20.248
17 24 73.817
17 25 47.011
17 26 38.013
17 27 40.804
17 28 68.25
17 29 28.178
17 30 41.725
17 31 20.0
17 32 53.852
17 33 25.298
17 34 26.87
17 35 50.804
17 36 15.033
17 37 43.658
17 38 47.265
17 39 10.77
17 40 64.938
17 41 17.889
17 42 54.083
17 43 58.728
17 44 60.44
17 45 28.601
17 46 19.209
17 47 17.464
17 48 49.739
17 49 72.277
17 50 59.908
17 51 73.824
17 52 35.355
17 53 50.0
17 54 62.968
17 55 33.956
17 56 65.513
17 57 15.232
17 58 55.543
17 59 16.643
17 60 18.358
17 61 71.589
17 62 26.683
17 63 35.44
17 64 69.871
17 65 81.688
17 66 51.923
17 67 34.828
17 68 17.0
17 69 51.245
17 70 55.227
18 97 94 16
18 19 61.62
18 20 28.636
18 21 46.174
18 22 73.007
18 23 37.656
18 24 112.805
18 25 80.957
18 26 72.45
18 27 67.446
18 28 107.564
18 29 13.928
18 30 56.009
18 31 54.918
18 32 92.282
18 33 54.626
18 34 13.038
18 35 78.848
18 36 31.016
18 37 71.847
18 38 79.812
18 39 36.056
18 40 91.984
18 41 47.413
18 42 81.394
18 43 98.29
18 44 97.944
18 45 13.342
18 46 40.853
18 47 50.249
18 48 69.181
18 49 107.331
18 50 76.059
18 51 93.005
18 52 68.308
18 53 86.093
18 54 99.161
18 55 65.521
18 56 104.862
18 57 54.406
18 58 90.824
18 59 38.484
18 60 37.696
18 61 111.036
18 62 32.249
18 63 16.492
18 64 103.47
18 65 121.017
18 66 89.443
18 67 57.14
18 68 46.53
18 69 86.729
18 70 94.626
19 51 53 13
19 20 42.059
19 21 32.14
19 22 24.187
19 23 39.205
19 24 51.225
19 25 41.677
19 26 34.205
19 27 29.833
19 28 45.967
19 29 48.836
19 30 41.231
19 31 11.0
19 32 39.0
19 33 19.416
19 34 49.204
19 35 36.056
19 36 37.0
19 37 46.098
19 38 43.829
19 39 26.401
19 40 49.193
19 41 19.416
19 42 55.172
19 43 37.014
19 44 47.096
19 45 51.313
19 46 27.203
19 47 15.297
19 48 42.72
19 49 50.488
19 50 53.254
19 51 63.032
19 52 34.655
19 53 28.16
19 54 51.788
19 55 35.609
19 56 47.127
19 57 14.318
19 58 34.059
19 59 27.313
19 60 29.155
19 61 49.518
19 62 39.56
19 63 54.083
19 64 49.0
19 65 59.414
19 66 39.459
19 67 44.944
19 68 19.647
19 69 42.72
19 70 37.108
20 91 66 14
20 21 17.889
20 22 61.008
20 23 9.055
20 24 91.788
20 25 52.555
20 26 44.283
20 27 59.841
20 28 85.755
20 29 24.042
20 30 56.824
20 31 40.05
20 32 65.605
20 33 44.407
20 34 17.029
20 35 70.349
20 36 5.099
20 37 43.29
20 38 51.245
20 39 25.298
20 40 84.481
20 41 36.497
20 42 53.038
20 43 75.717
20 44 70.491
20 45 15.297
20 46 34.54
20 47 37.054
20 48 67.067
20 49 92.195
20 50 76.557
20 51 91.706
20 52 39.925
20 53 69.857
20 54 71.113
20 55 37.0
20 56 79.246
20 57 30.529
20 58 75.505
20 59 31.385
20 60 32.202
20 61 88.752
20 62 35.384
20 63 33.526
20 64 89.944
20 65 99.02
20 66 62.129
20 67 29.069
20 68 35.511
20 69 58.6
20 70 69.296
21 83 50 2
21 22 55.082
21 23 9.899
21 24 77.621
21 25 34.785
21 26 26.401
21 27 57.245
21 28 71.176
21 29 39.013
21 30 60.108
21 31 34.928
21 32 48.166
21 33 42.19
21 34 33.734
21 35 66.129
21 36 15.297
21 37 27.166
21 38 33.734
21 39 28.844
21 40 80.006
21 41 35.609
21 42 37.483
21 43 60.836
21 44 52.697
21 45 32.894
21 46 37.643
21 47 34.132
21 48 67.424
21 49 82.098
21 50 77.801
21 51 90.918
21 52 22.136
21 53 60.0
21 54 53.226
21 55 19.416
21 56 62.29
21 57 18.0
21 58 66.008
21 59 35.0
21 60 36.62
21 61 73.79
21 62 43.863
21 63 48.042
21 64 81.056
21 65 84.077
21 66 44.407
21 67 16.401
21 68 34.828
21 69 40.719
21 70 52.631
22 30 65 12
22 23 60.531
22 24 47.927
22 25 63.781
22 26 57.315
22 27 11.18
22 28 45.607
22 29 59.093
22 30 30.083
22 31 21.024
22 32 55.154
22 33 18.385
22 34 62.642
22 35 12.042
22 36 56.0
22 37 70.0
22 38 66.483
22 39 38.079
22 40 25.08
22 41 25.962
22 42 78.645
22 43 41.049
22 44 63.695
22 45 65.97
22 46 32.202
22 47 24.187
22 48 24.083
22 49 34.67
22 50 33.242
22 51 39.699
22 52 58.412
22 53 16.553
22 54 69.778
22 55 59.641
22 56 57.428
22 57 38.079
22 58 19.105
22 59 34.54
22 60 35.341
22 61 49.729
22 62 43.012
22 63 60.745
22 64 30.463
22 65 57.385
22 66 57.706
22 67 68.942
22 68 26.926
22 69 63.246
22 70 49.477
23 90 57 17
23 24 86.816
23 25 43.863
23 26 35.847
23 27 61.033
23 28 80.498
23 29 32.558
23 30 60.803
23 31 39.623
23 32 58.052
23 33 45.541
23 34 26.0
23 35 70.831
23 36 8.944
23 37 34.234
23 38 42.379
23 39 28.601
23 40 84.929
23 41 38.079
23 42 44.011
23 43 70.235
23 44 62.426
23 45 24.331
23 46 38.013
23 47 37.643
23 48 69.771
23 49 89.677
23 50 79.756
23 51 94.021
23 52 31.305
23 53 67.365
23 54 62.65
23 55 28.231
23 56 72.18
23 57 25.962
23 58 73.246
23 59 35.0
23 60 36.235
23 61 83.241
23 62 41.4
23 63 41.976
23 64 88.091
23 65 93.536
23 66 54.203
23 67 20.224
23 68 37.162
23 69 50.12
23 70 62.482
24 11 21 4
24 25 61.131
24 26 61.205
24 27 58.873
24 28 7.0
24 29 99.765
24 30 78.0
24 31 58.728
24 32 40.608
24 33 62.426
24 34 100.424
24 35 52.953
24 36 86.954
24 37 75.027
24 38 65.123
24 39 77.104
24 40 54.148
24 41 67.357
24 42 78.409
24 43 17.263
24 44 45.541
24 45 102.416
24 46 75.286
24 47 63.702
24 48 70.093
24 49 26.926
24 50 76.655
24 51 74.33
24 52 65.49
24 53 31.385
24 54 52.555
24 55 68.731
24 56 29.069
24 57 61.294
24 58 30.594
24 59 76.485
24 60 77.987
24 61 7.211
24 62 87.618
24 63 104.062
24 64 33.242
24 65 9.487
24 66 46.53
24 67 83.546
24 68 68.015
24 69 55.579
24 70 31.257
25 72 17 13
25 26 9.0
25 27 71.281
25 28 54.148
25 29 72.993
25 30 82.079
25 31 51.478
25 32 21.213
25 33 60.415
25 34 68.411
25 35 75.743
25 36 50.0
25 37 15.232
25 38 4.0
25 39 57.219
25 40 87.115
25 41 57.567
25 42 17.464
25 43 44.553
25 44 21.095
25 45 67.676
25 46 63.348
25 47 54.083
25 48 84.38
25 49 76.694
25 50 94.874
25 51 103.479
25 52 12.649
25 53 59.076
25 54 19.209
25 55 15.652
25 56 36.139
25 57 33.734
25 58 64.661
25 59 61.814
25 60 63.789
25 61 55.0
25 62 73.335
25 63 81.498
25 64 78.715
25 65 64.195
25 66 15.297
25 67 29.0
25 68 57.28
25 69 7.211
25 70 30.0
26 72 26 3
26 27 64.031
26 28 54.231
26 29 64.133
26 30 73.824
26 31 43.417
26 32 24.187
26 33 52.355
26 34 59.775
26 35 69.354
26 36 41.437
26 37 14.318
26 38 9.849
26 39 48.26
26 40 81.4
26 41 49.041
26 42 21.401
26 43 44.045
26 44 26.907
26 45 59.237
26 46 54.571
26 47 45.695
26 48 76.844
26 49 73.763
26 50 87.419
26 51 96.876
26 52 5.0
26 53 54.562
26 54 26.833
26 55 8.602
26 56 39.357
26 57 25.0
26 58 60.415
26 59 52.953
26 60 54.918
26 61 55.731
26 62 64.382
26 63 72.56
26 64 75.027
26 65 65.513
26 66 19.209
26 67 23.707
26 68 48.703
26 69 14.318
26 70 31.321
27 32 76 10
27 28 56.754
27 29 53.6
27 30 19.235
27 31 22.472
27 32 64.846
27 33 15.524
27 34 58.421
27 35 11.402
27 36 55.109
27 37 75.664
27 38 73.6
27 39 35.057
27 40 25.02
27 41 23.345
27 42 84.959
27 43 52.154
27 44 73.376
27 45 62.201
27 46 27.166
27 47 23.409
27 48 13.601
27 49 43.139
27 50 23.707
27 51 33.838
27 52 64.382
27 53 27.514
27 54 79.12
27 55 65.069
27 56 68.184
27 57 42.012
27 58 29.155
27 59 30.067
27 60 30.265
27 61 60.877
27 62 35.847
27 63 53.712
27 64 37.802
27 65 68.352
27 66 66.851
27 67 72.402
27 68 24.331
27 69 71.589
27 70 59.841
28 18 21 6
28 29 94.763
28 30 75.584
28 31 54.203
28 32 33.734
28 33 58.669
28 34 95.016
28 35 52.086
28 36 80.994
28 37 68.029
28 38 58.138
28 39 72.18
28 40 55.109
28 41 63.008
28 42 71.449
28 43 10.44
28 44 39.0
28 45 96.83
28 46 71.028
28 47 59.203
28 48 68.731
28 49 30.232
28 50 76.059
28 51 75.313
28 52 58.549
28 53 29.428
28 54 46.098
28 55 61.814
28 56 23.022
28 57 55.227
28 58 30.017
28 59 72.007
28 60 73.6
28 61 4.123
28 62 83.487
28 63 99.489
28 64 35.777
28 65 13.454
28 66 39.623
28 67 76.688
28 68 63.6
28 69 48.662
28 70 24.331
29 84 89 3
29 30 43.186
29 31 41.4
29 32 81.939
29 33 40.719
29 34 8.485
29 35 65.0
29 36 24.083
29 37 66.03
29 38 72.443
29 39 22.672
29 40 78.262
29 41 33.615
29 42 76.164
29 43 85.796
29 44 88.255
29 45 12.806
29 46 26.926
29 47 36.62
29 48 56.0
29 49 93.477
29 50 63.506
29 51 80.225
29 52 60.531
29 53 72.402
29 54 90.25
29 55 58.215
29 56 93.648
29 57 43.382
29 58 77.026
29 59 24.597
29 60 23.77
29 61 98.351
29 62 19.026
29 63 9.487
29 64 89.554
29 65 108.19
29 66 79.712
29 67 52.773
29 68 32.757
29 69 78.102
29 70 83.355
30 41 93 20
30 31 30.676
30 32 79.63
30 33 21.84
30 34 50.01
30 35 28.284
30 36 53.0
30 37 83.217
30 38 83.672
30 39 32.202
30 40 38.471
30 41 25.239
30 42 93.295
30 43 70.214
30 44 87.966
30 45 54.342
30 46 22.804
30 47 28.178
30 48 13.601
30 49 61.717
30 50 20.396
30 51 37.054
30 52 72.945
30 53 46.615
30 54 92.962
30 55 72.719
30 56 85.094
30 57 49.244
30 58 48.374
30 59 25.807
30 60 24.698
30 61 79.699
30 62 24.187
30 63 40.311
30 64 55.866
30 65 87.464
30 66 80.604
30 67 76.42
30 68 25.807
30 69 83.815
30 70 76.007
31 51 64 1
31 32 50.0
31 33 8.944
31 34 43.382
31 35 31.321
31 36 35.014
31 37 53.907
31 38 53.235
31 39 18.868
31 40 45.354
31 41 8.944
31 42 63.6
31 43 46.141
31 44 58.078
31 45 46.239
31 46 17.0
31 47 5.0
31 48 33.971
31 49 53.141
31 50 44.598
31 51 56.303
31 52 43.012
31 53 31.305
31 54 62.65
31 55 43.278
31 56 57.723
31 57 19.799
31 58 36.401
31 59 17.804
31 60 19.416
31 61 58.009
31 62 29.53
31 63 45.343
31 64 50.22
31 65 67.476
31 66 50.359
31 67 49.93
31 68 9.434
31 69 53.16
31 70 47.854
32 51 14 3
32 33 58.138
32 34 79.259
32 35 66.189
32 36 61.855
32 37 36.139
32 38 25.179
32 39 62.097
32 40 75.213
32 41 58.138
32 42 38.013
32 43 25.08
32 44 8.544
32 45 79.612
32 46 65.49
32 47 54.083
32 48 78.447
32 49 59.363
32 50 88.255
32 51 93.648
32 52 29.155
32 53 45.607
32 54 15.0
32 55 32.757
32 56 15.232
32 57 38.626
32 58 50.249
32 59 64.938
32 60 66.91
32 61 34.132
32 62 77.279
32 63 89.196
32 64 62.626
32 65 43.046
32 66 6.0
32 67 47.885
32 68 58.215
32 69 15.033
32 70 9.487
33 47 72 8
33 34 44.385
33 35 26.019
33 36 39.623
33 37 62.626
33 38 62.177
33 39 20.1
33 40 40.112
33 41 8.0
33 42 72.422
33 43 51.624
33 44 66.37
33 45 47.854
33 46 13.892
33 47 8.062
33 48 25.495
33 49 52.839
33 50 36.069
33 51 48.765
33 52 51.865
33 53 32.558
33 54 71.197
33 55 52.01
33 56 64.777
33 57 28.425
33 58 36.62
33 59 16.155
33 60 17.0
33 61 62.65
33 62 25.456
33 63 42.802
33 64 48.847
33 65 71.561
33 66 58.856
33 67 57.801
33 68 9.0
33 69 61.984
33 70 55.227
34 90 83 4
34 35 69.721
34 36 18.439
34 37 60.133
34 38 67.469
34 39 24.698
34 40 83.385
34 41 36.688
34 42 70.007
34 43 85.586
34 44 85.0
34 45 4.472
34 46 31.257
34 47 39.0
34 48 62.29
34 49 96.385
34 50 70.406
34 51 86.833
34 52 55.785
34 53 74.686
34 54 86.377
34 55 53.151
34 56 91.837
34 57 41.4
34 58 79.706
34 59 28.443
34 60 28.16
34 61 98.412
34 62 25.962
34 63 17.493
34 64 92.973
34 65 108.467
34 66 76.485
34 67 46.098
34 68 35.735
34 69 74.0
34 70 81.609
35 21 73 18
35 36 65.49
35 37 82.006
35 38 78.492
35 39 46.011
35 40 14.142
35 41 34.015
35 42 90.686
35 43 49.497
35 44 74.686
35 45 73.437
35 46 38.471
35 47 33.377
35 48 17.464
35 49 33.601
35 50 24.0
35 51 27.803
35 52 70.434
35 53 23.087
35 54 81.006
35 55 71.61
35 56 66.94
35 57 49.649
35 58 22.361
35 59 41.304
35 60 41.593
35 61 56.143
35 62 47.17
35 63 65.0
35 64 27.586
35 65 62.37
35 66 69.116
35 67 80.498
35 68 35.014
35 69 75.0
35 70 59.808
36 86 65 5
36 37 42.0
36 38 49.031
36 39 21.024
36 40 79.63
36 41 31.78
36 42 52.086
36 43 71.028
36 44 67.119
36 45 17.889
36 46 30.414
36 47 32.14
36 48 62.769
36 49 87.098
36 50 72.45
36 51 87.316
36 52 37.363
36 53 64.761
36 54 68.154
36 55 34.713
36 56 75.166
36 57 25.807
36 58 70.406
36 59 27.295
36 60 28.302
36 61 84.054
36 62 32.65
36 63 33.377
36 64 84.853
36 65 94.303
36 66 58.669
36 67 28.862
36 68 30.806
36 69 55.714
36 70 65.115
37 86 23 13
37 38 11.662
37 39 54.424
37 40 94.578
37 41 57.983
37 42 10.44
37 43 58.009
37 44 36.235
37 45 58.549
37 46 62.169
37 47 55.218
37 48 87.864
37 49 88.057
37 50 98.494
37 51 109.124
37 52 11.662
37 53 68.542
37 54 33.422
37 55 10.63
37 56 51.245
37 57 34.205
37 58 74.465
37 59 60.008
37 60 61.847
37 61 69.26
37 62 70.214
37 63 75.166
37 64 89.196
37 65 78.772
37 66 30.364
37 67 15.652
37 68 57.454
37 69 22.361
37 70 44.407
38 76 17 10
38 39 57.706
38 40 90.139
38 41 58.873
38 42 13.601
38 43 48.508
38 44 24.597
38 45 66.483
38 46 64.288
38 47 55.543
38 48 86.533
38 49 80.411
38 50 97.082
38 51 106.151
38 52 12.0
38 53 62.434
38 54 21.932
38 55 14.318
38 56 40.025
38 57 34.785
38 58 68.096
38 59 62.586
38 60 64.537
38 61 59.0
38 62 73.824
38 63 81.154
38 64 82.292
38 65 68.184
38 66 19.235
38 67 26.249
38 68 58.523
38 69 10.77
38 70 34.0
39 67 74 12
39 40 60.008
39 41 12.166
39 42 64.846
39 43 63.411
39 44 69.231
39 45 27.893
39 46 9.434
39 47 14.318
39 48 41.785
39 49 71.694
39 50 51.43
39 51 66.408
39 52 45.891
39 53 50.12
39 54 72.339
39 55 44.643
39 56 72.498
39 57 24.083
39 58 55.036
39 59 6.403
39 60 7.81
39 61 75.822
39 62 16.125
39 63 27.785
39 64 68.308
39 65 85.586
39 66 60.828
39 67 45.222
39 68 11.18
39 69 61.008
39 70 62.241
40 7 75 20
40 41 48.094
40 42 102.801
40 43 55.154
40 44 83.487
40 45 87.207
40 46 52.154
40 47 47.518
40 48 25.239
40 49 29.614
40 50 26.077
40 51 20.224
40 52 82.928
40 53 29.682
40 54 90.211
40 55 84.38
40 56 73.41
40 57 63.159
40 58 26.0
40 59 55.082
40 60 55.227
40 61 58.856
40 62 59.908
40 63 77.492
40 64 22.561
40 65 63.008
40 66 78.873
40 67 94.021
40 68 49.092
40 69 85.586
40 70 67.742
41 55 72 18
41 42 68.096
41 43 55.073
41 44 66.008
41 45 40.025
41 46 8.062
41 47 4.123
41 48 31.906
41 49 59.933
41 50 42.202
41 51 55.946
41 52 47.854
41 53 38.833
41 54 70.178
41 55 47.508
41 56 66.483
41 57 24.166
41 58 43.417
41 59 9.22
41 60 10.63
41 61 66.851
41 62 20.591
41 63 36.77
41 64 56.303
41 65 76.217
41 66 58.034
41 67 51.662
41 68 1.0
41 69 60.017
41 70 56.515
42 89 13 17
42 43 61.984
42 44 35.693
42 45 68.184
42 46 72.498
42 47 65.192
42 48 97.453
42 49 93.984
42 50 108.074
42 51 118.106
42 52 20.616
42 53 75.664
42 54 31.016
42 55 20.591
42 56 52.24
42 57 44.102
42 58 81.413
42 59 70.385
42 60 72.236
42 61 72.111
42 62 80.654
42 63 85.376
42 64 95.755
42 65 81.006
42 66 32.016
42 67 24.331
42 68 67.602
42 69 23.0
42 70 47.17
43 28 24 14
43 44 31.623
43 45 87.207
43 46 63.135
43 47 51.108
43 48 65.0
43 49 34.828
43 50 73.335
43 51 74.947
43 52 48.26
43 53 26.476
43 54 38.833
43 55 51.478
43 56 18.358
43 57 45.222
43 58 29.155
43 59 63.812
43 60 65.513
43 61 13.038
43 62 75.664
43 63 91.022
43 64 38.949
43 65 23.324
43 66 30.676
43 67 66.287
43 68 55.57
43 69 39.56
43 70 15.652
44 54 6 6
44 45 85.0
44 46 73.171
44 47 62.0
44 48 86.977
44 49 66.4
44 50 96.799
44 51 102.083
44 52 31.828
44 53 53.824
44 54 7.211
44 55 35.355
44 56 17.117
44 57 45.354
44 58 58.258
44 59 72.443
44 60 74.431
44 61 38.601
44 62 84.717
44 63 95.88
44 64 70.093
44 65 46.39
44 66 8.544
44 67 49.82
44 68 66.03
44 69 13.892
44 70 16.279
45 94 81 1
45 46 35.057
45 47 42.059
45 48 66.483
45 49 99.368
45 50 74.733
45 51 91.082
45 52 55.027
45 53 77.473
45 54 86.006
45 55 52.202
45 56 92.617
45 57 42.45
45 58 82.638
45 59 32.14
45 60 32.016
45 61 100.125
45 62 30.364
45 63 21.401
45 64 96.167
45 65 110.259
45 66 76.538
45 67 44.011
45 68 39.051
45 69 73.539
45 70 82.462
46 59 79 3
46 47 12.083
46 48 32.573
46 49 66.731
46 50 42.048
46 51 57.28
46 52 52.811
46 53 46.228
46 54 77.006
46 55 52.0
46 56 74.33
46 57 29.614
46 58 50.478
46 59 3.162
46 60 3.162
46 61 74.887
46 62 12.53
46 63 29.069
46 64 62.65
46 65 84.202
46 66 65.031
46 67 54.037
46 68 7.616
46 69 66.37
46 70 64.288
47 54 68 1
47 48 33.422
47 49 57.385
47 50 43.932
47 51 56.824
47 52 44.777
47 53 35.847
47 54 66.272
47 55 44.654
47 56 62.362
47 57 21.095
47 58 40.719
47 59 12.806
47 60 14.422
47 61 63.008
47 62 24.597
47 63 40.361
47 64 54.12
47 65 72.471
47 66 54.083
47 67 49.82
47 68 4.472
47 69 56.294
47 70 52.393
48 28 89 13
48 49 50.774
48 50 10.63
48 51 24.739
48 52 76.837
48 53 39.319
48 54 92.698
48 55 77.233
48 56 81.498
48 57 53.759
48 58 39.56
48 59 35.735
48 60 35.171
48 61 72.835
48 62 37.014
48 63 53.759
48 64 44.407
48 65 79.555
48 66 80.411
48 67 83.241
48 68 32.757
48 69 84.971
48 70 73.348
49 1 46 20
49 50 54.781
49 51 49.092
49 52 76.903
49 53 22.361
49 54 73.6
49 55 79.429
49 56 52.345
49 57 64.125
49 58 16.763
49 59 68.884
49 60 69.836
49 61 33.121
49 62 77.666
49 63 95.415
49 64 7.071
49 65 34.713
49 66 64.498
49 67 92.439
49 68 60.836
49 69 72.897
49 70 50.22
50 21 97 7
50 51 17.117
50 52 87.459
50 53 47.043
50 54 102.694
50 55 87.864
50 56 90.427
50 57 64.382
50 58 46.174
50 59 45.188
50 60 44.385
50 61 80.1
50 62 44.553
50 63 60.008
50 64 47.927
50 65 85.988
50 66 90.471
50 67 93.723
50 68 43.012
50 69 95.294
50 70 82.71
51 4 95 18
51 52 97.673
51 53 48.847
51 54 108.559
51 55 98.595
51 56 93.048
51 57 75.802
51 58 45.88
51 59 60.44
51 60 59.908
51 61 79.076
51 62 61.205
51 63 77.058
51 64 42.048
51 65 83.096
51 66 96.799
51 67 106.231
51 68 56.859
51 69 102.801
51 70 86.764
52 76 29 4
52 53 57.009
52 54 31.385
52 55 3.606
52 56 44.294
52 57 23.707
52 58 62.968
52 59 50.961
52 60 52.887
52 61 60.208
52 62 61.984
52 63 69.181
52 64 77.795
52 65 70.093
52 66 24.207
52 67 18.788
52 68 47.424
52 69 18.868
52 70 36.056
53 23 50 17
53 54 60.605
53 55 59.135
53 56 44.272
53 57 42.0
53 58 6.083
53 59 48.01
53 60 49.204
53 61 33.541
53 62 58.0
53 63 75.286
53 64 21.213
53 65 40.853
53 66 49.518
53 67 71.197
53 68 39.661
53 69 56.727
53 70 38.079
54 60 2 8
54 55 34.67
54 56 23.77
54 57 48.26
54 58 65.192
54 59 76.026
54 60 78.026
54 61 45.541
54 62 88.142
54 63 98.27
54 64 77.233
54 65 52.953
54 66 12.369
54 67 48.104
54 68 70.114
54 69 12.53
54 70 23.431
55 79 31 2
55 56 47.885
55 57 23.601
55 58 65.146
55 59 49.98
55 60 51.865
55 61 63.561
55 62 60.638
55 63 67.03
55 64 80.081
55 65 73.498
55 66 27.803
55 67 15.232
55 68 47.011
55 69 22.204
55 70 39.56
56 37 8 20
56 57 50.478
56 58 47.424
56 59 74.33
56 60 76.217
56 61 21.932
56 62 86.649
56 63 100.18
56 64 57.009
56 65 29.275
56 66 20.881
56 67 63.063
56 68 66.761
56 69 29.428
56 70 10.296
57 65 50 4
57 58 48.01
57 59 28.16
57 60 30.15
57 61 58.249
57 62 40.0
57 63 50.596
57 64 63.071
57 65 68.505
57 66 36.878
57 67 30.871
57 68 23.77
57 69 37.014
57 70 40.224
58 17 51 2
58 59 52.479
58 60 53.535
58 61 34.0
58 62 61.847
58 63 79.404
58 64 15.133
58 65 40.025
58 66 54.489
58 67 77.279
58 68 44.294
58 69 62.008
58 70 42.202
59 62 78 3
59 60 2.0
59 61 75.802
59 62 12.369
59 63 27.586
59 64 65.0
59 65 85.276
59 66 64.195
59 67 51.4
59 68 8.485
59 69 65.123
59 70 64.195
60 62 80 20
60 61 77.421
60 62 10.44
60 63 26.173
60 64 65.795
60 65 86.833
60 66 66.189
60 67 53.009
60 68 10.0
60 69 67.119
60 70 66.098
61 17 17 8
61 62 87.367
61 63 103.233
61 64 39.0
61 65 10.296
61 66 40.112
61 67 78.588
61 68 67.424
61 69 49.163
61 70 25.0
62 65 90 4
62 63 17.889
62 64 73.062
62 65 96.607
62 66 76.42
62 67 59.942
62 68 20.125
62 69 77.006
62 70 76.538
63 81 98 9
63 64 90.918
63 65 112.805
63 66 87.361
63 67 62.169
63 68 36.069
63 69 86.313
63 70 89.9
64 2 53 15
64 65 41.437
64 66 67.424
64 67 92.396
64 68 57.245
64 69 75.472
64 70 53.814
65 8 12 18
65 66 49.041
65 67 88.6
65 68 76.837
65 69 58.009
65 70 34.366
66 57 14 16
66 67 42.72
66 68 58.009
66 69 9.055
66 70 15.297
67 93 37 18
67 68 50.931
67 69 36.125
67 70 54.781
68 56 72 17
68 69 59.841
68 70 56.754
69 66 13 19
69 70 24.331
70 42 17 16
