20 2 10
1 1 46 4
1 2 34.438
1 3 43.417
1 4 86.035
1 5 94.34
1 6 61.294
1 7 88.837
1 8 55.543
1 9 30.594
1 10 31.828
1 11 39.115
1 12 27.0
1 13 87.023
1 14 95.713
1 15 55.036
1 16 36.401
1 17 49.092
1 18 37.121
1 19 73.498
1 20 87.596
2 16 15 16
2 3 56.859
2 4 89.196
2 5 82.28
2 6 59.034
2 7 98.234
2 8 85.024
2 9 9.055
2 10 10.63
2 11 36.878
2 12 59.908
2 13 77.621
2 14 71.197
2 15 64.351
2 16 54.818
2 17 72.993
2 18 51.264
2 19 57.271
2 20 68.066
3 39 67 6
3 4 43.738
3 5 63.063
3 6 27.459
3 7 45.486
3 8 41.4
3 9 60.208
3 10 46.819
3 11 24.021
3 12 38.471
3 13 54.129
3 14 80.212
3 15 12.166
3 16 9.055
3 17 22.825
3 18 6.403
3 19 51.856
3 20 66.528
4 82 75 16
4 5 39.217
4 6 30.48
4 7 17.72
4 8 72.45
4 9 95.425
4 10 78.645
4 11 52.802
4 12 81.025
4 13 31.575
4 14 73.11
4 15 31.575
4 16 52.469
4 17 55.317
4 18 49.477
4 19 49.031
4 20 57.035
5 95 38 12
5 6 35.847
5 7 56.921
5 8 102.005
5 9 90.708
5 10 73.546
5 11 55.227
5 12 100.305
5 13 9.22
5 14 37.108
5 15 53.824
5 16 71.589
5 17 83.006
5 18 65.924
5 19 25.495
5 20 22.825
6 62 52 19
6 7 42.72
6 8 67.882
6 9 65.734
6 10 48.6
6 11 23.77
6 12 64.514
6 13 27.203
6 14 55.462
6 15 20.248
6 16 35.777
6 17 48.795
6 18 30.083
6 19 26.926
6 20 40.497
7 77 92 6
7 8 63.506
7 9 103.325
7 10 87.618
7 11 61.4
7 12 78.339
7 13 49.244
7 14 90.449
7 15 34.713
7 16 52.773
7 17 49.254
7 18 51.865
7 19 65.192
7 20 74.33
8 14 100 9
8 9 84.291
8 10 77.524
8 11 62.65
8 12 29.967
8 13 92.801
8 14 121.606
8 15 48.27
8 16 35.777
8 17 19.105
8 18 42.059
8 19 93.236
8 20 107.815
9 7 16 4
9 10 17.464
9 11 42.638
9 12 57.315
9 13 85.703
9 14 80.231
9 15 68.884
9 16 56.859
9 17 74.041
9 18 54.203
9 19 65.924
9 20 77.026
10 23 23 12
10 11 26.249
10 12 54.626
10 13 68.308
10 14 66.408
10 15 53.852
10 16 45.541
10 17 64.195
10 18 41.485
10 19 49.163
10 20 61.205
11 40 43 1
11 12 49.204
11 13 48.01
11 14 61.62
11 15 28.231
11 16 26.926
11 17 45.607
11 18 20.881
11 19 35.777
11 20 50.606
12 1 73 9
12 13 91.706
12 14 110.752
12 15 50.16
12 16 29.428
12 17 30.414
12 18 34.482
12 19 84.599
12 20 99.569
13 88 44 4
13 14 42.048
13 15 44.654
13 16 62.769
13 17 73.817
13 18 57.245
13 19 23.345
13 20 26.306
14 86 2 11
14 15 75.591
14 16 86.556
14 17 102.903
14 18 80.156
14 19 28.653
14 20 16.125
15 51 69 12
15 16 21.024
15 17 29.206
15 18 18.028
15 19 46.957
15 20 60.745
16 30 68 14
16 17 19.105
16 18 6.403
16 19 58.694
16 20 73.593
17 28 87 2
17 18 24.739
17 19 74.404
17 20 88.865
18 34 63 7
18 19 52.345
18 20 67.268
19 72 27 3
19 20 15.0
20 84 18 5
