100 4
1 3 60 4
1 2 65.924
1 3 78.313
1 4 68.096
1 5 3.606
1 6 38.21
1 7 39.962
1 8 66.038
1 9 49.649
1 10 71.868
1 11 91.0
1 12 64.133
1 13 72.615
1 14 98.234
1 15 26.019
1 16 53.254
1 17 68.118
1 18 99.96
1 19 48.508
1 20 88.204
1 21 80.623
1 22 27.459
1 23 87.052
1 24 39.812
1 25 81.302
1 26 76.922
1 27 33.121
1 28 41.785
1 29 86.035
1 30 50.329
1 31 48.166
1 32 66.483
1 33 45.607
1 34 89.989
1 35 22.204
1 36 83.15
1 37 90.874
1 38 84.723
1 39 65.513
1 40 15.524
1 41 53.367
1 42 98.005
1 43 43.829
1 44 74.277
1 45 93.392
1 46 59.135
1 47 51.624
1 48 38.288
1 49 14.142
1 50 41.146
1 51 35.014
1 52 79.31
1 53 22.361
1 54 81.32
1 55 81.345
1 56 62.129
1 57 62.801
1 58 16.643
1 59 61.685
1 60 62.298
1 61 45.222
1 62 68.877
1 63 86.764
1 64 7.071
1 65 48.26
1 66 70.937
1 67 92.892
1 68 54.342
1 69 78.6
1 70 58.052
1 71 89.961
1 72 37.054
1 73 18.028
1 74 42.953
1 75 86.701
1 76 93.263
1 77 23.022
1 78 39.294
1 79 40.0
1 80 11.314
1 81 44.407
1 82 75.69
1 83 56.569
1 84 89.499
1 85 62.968
1 86 57.871
1 87 72.014
1 88 38.275
1 89 76.792
1 90 50.774
1 91 51.0
1 92 75.326
1 93 49.244
1 94 105.702
1 95 21.26
1 96 41.231
1 97 41.012
1 98 70.114
1 99 59.54
1 100 44.102
2 68 49 8
2 3 13.601
2 4 45.398
2 5 67.476
2 6 78.243
2 7 62.936
2 8 46.872
2 9 60.803
2 10 37.054
2 11 28.231
2 12 23.087
2 13 39.051
2 14 46.861
2 15 65.734
2 16 46.065
2 17 15.297
2 18 53.535
2 19 17.464
2 20 28.601
2 21 15.033
2 22 41.231
2 23 23.409
2 24 63.506
2 25 32.249
2 26 23.345
2 27 45.0
2 28 57.306
2 29 43.081
2 30 51.624
2 31 22.672
2 32 38.91
2 33 31.145
2 34 40.497
2 35 52.773
2 36 24.083
2 37 31.623
2 38 32.985
2 39 25.02
2 40 66.31
2 41 26.42
2 42 41.677
2 43 47.17
2 44 45.222
2 45 41.231
2 46 31.321
2 47 23.601
2 48 56.569
2 49 67.067
2 50 67.179
2 51 78.816
2 52 21.541
2 53 45.011
2 54 47.676
2 55 21.095
2 56 51.4
2 57 3.162
2 58 51.039
2 59 29.614
2 60 31.575
2 61 60.208
2 62 41.11
2 63 50.695
2 64 66.121
2 65 70.491
2 66 36.688
2 67 27.731
2 68 25.942
2 69 36.056
2 70 41.231
2 71 50.922
2 72 79.202
2 73 70.264
2 74 26.926
2 75 21.0
2 76 33.287
2 77 43.174
2 78 61.27
2 79 59.414
2 80 60.083
2 81 21.587
2 82 42.202
2 83 9.487
2 84 38.833
2 85 52.202
2 86 64.382
2 87 20.0
2 88 34.482
2 89 11.0
2 90 43.909
2 91 40.311
2 92 20.591
2 93 41.34
2 94 44.553
2 95 57.706
2 96 62.177
2 97 72.498
2 98 8.602
2 99 22.204
2 100 70.235
3 81 53 9
3 4 45.188
3 5 80.1
3 6 86.608
3 7 70.214
3 8 47.413
3 9 73.783
3 10 34.785
3 11 14.765
3 12 24.207
3 13 36.688
3 14 36.235
3 15 79.31
3 16 50.249
3 17 14.866
3 18 44.011
3 19 30.0
3 20 16.401
3 21 3.606
3 22 52.393
3 23 9.849
3 24 76.968
3 25 37.108
3 26 28.46
3 27 54.129
3 28 70.661
3 29 36.125
3 30 56.569
3 31 31.953
3 32 49.204
3 33 38.949
3 34 31.321
3 35 63.246
3 36 13.0
3 37 30.414
3 38 36.346
3 39 25.239
3 40 77.201
3 41 32.202
3 42 40.792
3 43 60.415
3 44 54.203
3 45 30.871
3 46 34.059
3 47 30.887
3 48 64.07
3 49 80.306
3 50 74.404
3 51 87.71
3 52 24.515
3 53 58.078
3 54 55.154
3 55 22.091
3 56 62.936
3 57 16.279
3 58 64.031
3 59 31.401
3 60 33.015
3 61 73.43
3 62 40.311
3 63 45.0
3 64 79.0
3 65 83.726
3 66 45.793
3 67 20.0
3 68 31.401
3 69 42.72
3 70 53.075
3 71 44.181
3 72 87.818
3 73 80.957
3 74 40.522
3 75 8.944
3 76 20.518
3 77 55.326
3 78 74.733
3 79 66.611
3 80 71.589
3 81 34.015
3 82 50.537
3 83 22.023
3 84 29.411
3 85 63.655
3 86 76.837
3 87 27.295
3 88 48.083
3 89 4.472
3 90 48.795
3 91 45.277
3 92 14.318
3 93 46.755
3 94 39.825
3 95 68.007
3 96 75.584
3 97 86.006
3 98 8.544
3 99 34.059
3 100 83.63
4 62 94 12
4 5 71.344
4 6 55.145
4 7 38.0
4 8 3.162
4 9 91.706
4 10 11.314
4 11 46.69
4 12 22.361
4 13 10.0
4 14 37.108
4 15 83.451
4 16 15.524
4 17 31.321
4 18 35.0
4 19 42.45
4 20 40.311
4 21 48.754
4 22 43.186
4 23 46.4
4 24 89.051
4 25 77.647
4 26 68.731
4 27 34.986
4 28 85.235
4 29 22.561
4 30 21.024
4 31 31.953
4 32 80.753
4 33 26.627
4 34 30.083
4 35 46.065
4 36 37.643
4 37 74.947
4 38 78.262
4 39 20.616
4 40 58.189
4 41 23.087
4 42 85.381
4 43 77.82
4 44 88.363
4 45 34.54
4 46 15.297
4 47 27.203
4 48 34.366
4 49 77.621
4 50 41.11
4 51 58.009
4 52 66.491
4 53 58.796
4 54 92.022
4 55 65.253
4 56 89.56
4 57 44.102
4 58 62.241
4 59 16.0
4 60 14.0
4 61 89.185
4 62 5.0
4 63 19.416
4 64 72.67
4 65 98.184
4 66 80.156
4 67 64.885
4 68 22.804
4 69 81.099
4 70 79.555
4 71 23.195
4 72 57.079
4 73 60.166
4 74 55.714
4 75 52.479
4 76 43.417
4 77 50.21
4 78 87.092
4 79 35.057
4 80 57.245
4 81 42.72
4 82 86.093
4 83 42.107
4 84 30.871
4 85 90.521
4 86 97.99
4 87 65.276
4 88 61.27
4 89 48.104
4 90 17.464
4 91 17.205
4 92 31.385
4 93 18.868
4 94 84.971
4 95 48.466
4 96 88.752
4 97 96.047
4 98 39.56
4 99 63.388
4 100 96.021
5 1 57 10
5 6 41.437
5 7 43.566
5 8 69.34
5 9 47.539
5 10 74.847
5 11 93.048
5 12 66.708
5 13 75.644
5 14 100.96
5 15 23.195
5 16 56.613
5 17 70.349
5 18 102.883
5 19 50.16
5 20 90.449
5 21 82.298
5 22 30.083
5 23 89.0
5 24 37.363
5 25 81.492
5 26 77.473
5 27 36.359
5 28 39.812
5 29 88.955
5 30 53.814
5 31 50.488
5 32 65.947
5 33 48.384
5 34 92.72
5 35 25.612
5 36 85.376
5 37 91.548
5 38 85.0
5 39 68.154
5 40 18.974
5 41 56.045
5 42 98.387
5 43 42.638
5 44 73.553
5 45 96.047
5 46 62.032
5 47 54.129
5 48 41.869
5 49 11.0
5 50 44.721
5 51 38.118
5 52 80.056
5 53 23.087
5 54 80.66
5 55 82.219
5 56 60.803
5 57 64.382
5 58 17.088
5 59 64.514
5 60 65.192
5 61 43.081
5 62 72.007
5 63 89.894
5 64 4.123
5 65 45.541
5 66 70.605
5 67 94.149
5 68 57.009
5 69 78.492
5 70 57.28
5 71 93.038
5 72 40.2
5 73 21.213
5 74 43.658
5 75 88.363
5 76 95.525
5 77 25.08
5 78 37.0
5 79 43.6
5 80 14.866
5 81 46.098
5 82 75.166
5 83 58.215
5 84 92.179
5 85 61.612
5 86 55.714
5 87 72.615
5 88 38.471
5 89 78.409
5 90 54.083
5 91 54.203
5 92 77.647
5 93 52.479
5 94 106.405
5 95 24.839
5 96 38.897
5 97 38.013
5 98 72.007
5 99 59.933
5 100 41.304
6 7 98 14
6 7 17.464
6 8 52.086
6 9 85.843
6 10 64.133
6 11 94.937
6 12 64.475
6 13 63.789
6 14 91.924
6 15 64.07
6 16 40.792
6 17 72.471
6 18 90.089
6 19 62.936
6 20 89.889
6 21 89.889
6 22 40.224
6 23 92.574
6 24 77.104
6 25 103.856
6 26 97.0
6 27 33.302
6 28 77.782
6 29 77.524
6 30 34.366
6 31 55.606
6 32 94.826
6 33 47.707
6 34 84.345
6 35 28.653
6 36 85.615
6 37 108.931
6 38 106.405
6 39 64.622
6 40 23.0
6 41 54.589
6 42 118.106
6 43 76.922
6 44 103.31
6 45 88.645
6 46 55.362
6 47 55.758
6 48 22.847
6 49 52.345
6 50 14.036
6 51 4.243
6 52 97.581
6 53 50.596
6 54 109.659
6 55 98.351
6 56 94.868
6 57 75.286
6 58 48.052
6 59 58.523
6 60 57.871
6 61 81.615
6 62 58.549
6 63 74.0
6 64 45.277
6 65 86.006
6 66 97.755
6 67 105.437
6 68 55.471
6 69 103.47
6 70 88.238
6 71 78.006
6 72 2.236
6 73 20.224
6 74 66.038
6 75 95.525
6 76 94.244
6 77 43.382
6 78 76.236
6 79 20.881
6 80 30.265
6 81 59.464
6 82 103.446
6 83 69.426
6 84 84.723
6 85 95.818
6 86 94.048
6 87 92.098
6 88 65.307
6 89 87.092
6 90 40.522
6 91 43.324
6 92 77.473
6 93 41.437
6 94 122.674
6 95 24.166
6 96 78.23
6 97 79.158
6 98 78.23
6 99 82.42
6 100 82.006
7 24 94 14
7 8 35.014
7 9 81.154
7 10 46.69
7 11 77.82
7 12 47.413
7 13 46.39
7 14 74.545
7 15 63.246
7 16 23.345
7 17 55.758
7 18 73.0
7 19 49.092
7 20 72.615
7 21 73.6
7 22 29.614
7 23 75.664
7 24 74.148
7 25 90.736
7 26 83.235
7 27 19.698
7 28 73.246
7 29 60.208
7 30 17.029
7 31 40.361
7 32 84.433
7 33 31.828
7 34 66.91
7 35 21.213
7 36 68.447
7 37 94.26
7 38 92.914
7 39 47.424
7 40 25.495
7 41 38.013
7 42 103.856
7 43 70.114
7 44 92.973
7 45 71.197
7 46 38.079
7 47 39.699
7 48 6.403
7 49 53.226
7 50 4.243
7 51 20.025
7 52 83.241
7 53 44.011
7 54 98.793
7 55 83.63
7 56 86.977
7 57 60.141
7 58 43.566
7 59 41.231
7 60 40.497
7 61 77.318
7 62 41.195
7 63 57.14
7 64 46.53
7 65 83.546
7 66 86.539
7 67 89.499
7 68 38.833
7 69 91.241
7 70 79.076
7 71 61.074
7 72 19.235
7 73 25.612
7 74 55.027
7 75 79.057
7 76 76.896
7 77 35.057
7 78 72.835
7 79 3.606
7 80 29.069
7 81 46.141
7 82 92.477
7 83 54.672
7 84 67.268
7 85 87.966
7 86 89.051
7 87 78.492
7 88 56.089
7 89 71.063
7 90 23.087
7 91 26.0
7 92 60.374
7 93 24.166
7 94 107.48
7 95 19.313
7 96 74.813
7 97 78.16
7 98 62.008
7 99 70.214
7 100 80.05
8 59 95 12
8 9 91.236
8 10 14.213
8 11 49.497
8 12 24.042
8 13 13.038
8 14 40.262
8 15 82.134
8 16 13.0
8 17 33.242
8 18 38.013
8 19 42.755
8 20 43.186
8 21 51.0
8 22 41.725
8 23 49.041
8 24 88.204
8 25 79.076
8 26 70.214
8 27 33.015
8 28 84.599
8 29 25.71
8 30 18.111
8 31 32.016
8 32 81.394
8 33 25.942
8 34 33.242
8 35 43.909
8 36 40.361
8 37 76.896
8 38 79.831
8 39 22.472
8 40 55.714
8 41 23.345
8 42 87.316
8 43 77.473
8 44 89.14
8 45 37.696
8 46 16.0
8 47 27.459
8 48 31.575
8 49 75.928
8 50 38.053
8 51 55.0
8 52 68.154
8 53 57.628
8 54 93.005
8 55 67.052
8 56 89.739
8 57 45.398
8 58 60.828
8 59 17.263
8 60 15.297
8 61 88.589
8 62 7.81
8 63 22.204
8 64 70.803
8 65 97.417
8 66 81.025
8 67 67.231
8 68 23.195
8 69 82.298
8 70 79.831
8 71 26.077
8 72 54.037
8 73 57.567
8 74 55.66
8 75 54.918
8 76 46.4
8 77 48.836
8 78 86.284
8 79 32.14
8 80 55.073
8 81 42.72
8 82 87.006
8 83 43.0
8 84 34.015
8 85 90.708
8 86 97.693
8 87 66.611
8 88 60.926
8 89 50.16
8 90 15.264
8 91 15.556
8 92 33.838
8 93 17.029
8 94 87.235
8 95 46.098
8 96 87.983
8 97 95.0
8 98 41.437
8 99 64.125
8 100 95.131
9 19 13 1
9 10 89.051
9 11 88.51
9 12 75.432
9 13 90.697
9 14 106.888
9 15 25.807
9 16 81.933
9 17 72.835
9 18 112.45
9 19 51.225
9 20 89.404
9 21 73.926
9 22 53.151
9 23 83.528
9 24 11.314
9 25 53.151
9 26 54.571
9 27 64.327
9 28 8.062
9 29 100.005
9 30 82.97
9 31 60.208
9 32 32.016
9 33 65.307
9 34 99.705
9 35 60.033
9 36 84.812
9 37 67.742
9 38 57.14
9 39 77.621
9 40 63.151
9 41 69.116
9 42 70.0
9 43 14.213
9 44 35.693
9 45 101.237
9 46 77.175
9 47 65.192
9 48 76.531
9 49 37.59
9 50 84.024
9 51 83.361
9 52 59.203
9 53 37.216
9 54 42.45
9 55 62.642
9 56 18.682
9 57 59.034
9 58 38.053
9 59 77.936
9 60 79.612
9 61 4.472
9 62 89.694
9 63 105.209
9 64 43.463
9 65 11.045
9 66 38.013
9 67 77.795
9 68 69.642
9 69 47.0
9 70 23.345
9 71 106.827
9 72 85.159
9 73 66.708
9 74 37.014
9 75 78.715
9 76 94.048
9 77 46.53
9 78 10.817
9 79 79.404
9 80 55.579
9 81 49.649
9 82 39.319
9 83 55.866
9 84 98.311
9 85 18.974
9 86 8.246
9 87 51.546
9 88 30.529
9 89 69.971
9 90 78.772
9 91 76.694
9 92 79.981
9 93 75.961
9 94 81.154
9 95 63.032
9 96 9.22
9 97 18.028
9 98 69.029
9 99 40.249
9 100 13.342
10 70 86 3
10 11 35.384
10 12 14.56
10 13 2.0
10 14 28.018
10 15 84.024
10 16 23.345
10 17 22.023
10 18 28.16
10 19 38.079
10 20 29.0
10 21 38.275
10 22 45.177
10 23 35.228
10 24 87.784
10 25 69.029
10 26 60.033
10 27 39.294
10 28 83.241
10 29 14.318
10 30 29.833
10 31 29.069
10 32 74.465
10 33 26.926
10 34 20.224
10 35 50.695
10 36 26.401
10 37 65.0
10 38 69.26
10 39 12.369
10 40 63.953
10 41 20.518
10 42 75.432
10 43 74.887
10 44 81.584
10 45 24.515
10 46 13.038
10 47 24.083
10 48 42.107
10 49 79.756
10 50 50.22
10 51 66.611
10 52 57.315
10 53 59.203
10 54 84.593
10 55 55.731
10 56 84.694
10 57 36.346
10 58 63.514
10 59 11.314
10 60 10.0
10 61 87.006
10 62 6.403
10 63 16.279
10 64 75.584
10 65 96.54
10 66 73.164
10 67 54.129
10 68 19.799
10 69 73.11
10 70 74.465
10 71 18.601
10 72 65.924
10 73 66.483
10 74 52.154
10 75 41.593
10 76 32.202
10 77 51.624
10 78 85.703
10 79 43.417
10 80 61.685
10 81 39.408
10 82 78.918
10 83 35.735
10 84 20.616
10 85 85.615
10 86 94.668
10 87 57.035
10 88 58.6
10 89 38.079
10 90 24.021
10 91 22.091
10 92 20.616
10 93 24.083
10 94 74.324
10 95 53.935
10 96 87.207
10 97 95.462
10 98 30.15
10 99 57.009
10 100 94.847
11 94 60 20
11 12 30.463
11 13 36.878
11 14 25.318
11 15 93.68
11 16 55.758
11 17 23.345
11 18 34.132
11 19 43.566
11 20 6.708
11 21 14.866
11 22 64.195
11 23 5.0
11 24 91.706
11 25 48.301
11 26 40.497
11 27 64.031
11 28 85.422
11 29 30.676
11 30 62.434
11 31 43.186
11 32 62.968
11 33 48.508
11 34 23.345
11 35 74.148
11 36 9.434
11 37 37.855
11 38 46.615
11 39 30.414
11 40 88.284
11 41 40.804
11 42 47.265
11 43 75.18
11 44 67.201
11 45 21.0
11 46 39.825
11 47 40.792
11 48 72.09
11 49 94.048
11 50 81.841
11 51 96.566
11 52 35.847
11 53 71.701
11 54 67.231
11 55 32.65
11 56 77.156
11 57 30.676
11 58 77.524
11 59 36.715
11 60 37.736
11 61 88.193
11 62 41.725
11 63 40.162
11 64 92.266
11 65 98.489
11 66 59.034
11 67 23.022
11 68 39.85
11 69 54.708
11 70 67.476
11 71 38.079
11 72 96.385
11 73 91.782
11 74 55.027
11 75 12.083
11 76 7.28
11 77 68.007
11 78 89.471
11 79 74.25
11 80 83.385
11 81 47.381
11 82 63.246
11 83 35.903
11 84 21.378
11 85 77.833
11 86 91.4
11 87 40.46
11 88 62.626
11 89 18.601
11 90 55.073
11 91 51.884
11 92 17.464
11 93 53.666
11 94 42.426
11 95 78.645
11 96 90.338
11 97 100.722
11 98 21.378
11 99 48.6
11 100 98.387
12 66 72 17
12 13 16.492
12 14 34.54
12 15 72.719
12 16 26.173
12 17 9.434
12 18 38.013
12 19 24.207
12 20 25.71
12 21 27.803
12 22 36.674
12 23 28.302
12 24 75.007
12 25 55.326
12 26 46.39
12 27 34.234
12 28 70.036
12 29 24.759
12 30 32.65
12 31 17.0
12 32 59.908
12 33 19.0
12 34 26.401
12 35 45.011
12 36 21.19
12 37 52.924
12 38 55.902
12 39 2.236
12 40 59.076
12 41 11.0
12 42 63.325
12 43 61.221
12 44 67.082
12 45 29.411
12 46 9.899
12 47 12.649
12 48 41.629
12 49 70.007
12 50 51.478
12 51 66.129
12 52 44.147
12 53 48.301
12 54 70.257
12 55 43.012
12 56 70.264
12 57 22.023
12 58 53.31
12 59 7.211
12 60 8.944
12 61 73.661
12 62 18.028
12 63 30.017
12 64 66.761
12 65 83.451
12 66 58.694
12 67 44.204
12 68 10.0
12 69 59.0
12 70 60.008
12 71 31.401
12 72 65.924
12 73 62.29
12 74 38.419
12 75 32.527
12 76 30.414
12 77 42.059
12 78 72.863
12 79 43.829
12 80 55.145
12 81 26.173
12 82 64.498
12 83 21.19
12 84 25.632
12 85 71.176
12 86 80.709
12 87 43.046
12 88 45.277
12 89 26.42
12 90 25.0
12 91 21.633
12 92 13.0
12 93 23.324
12 94 63.812
12 95 49.163
12 96 74.25
12 97 83.096
12 98 17.464
12 99 42.45
12 100 82.073
13 70 88 11
13 14 28.16
13 15 85.276
13 16 23.087
13 17 24.021
13 18 27.659
13 19 39.825
13 20 30.414
13 21 40.162
13 22 46.141
13 23 36.892
13 24 89.275
13 25 71.028
13 26 62.032
13 27 39.85
13 28 84.812
13 29 14.036
13 30 29.428
13 31 30.61
13 32 76.4
13 33 28.018
13 34 20.616
13 35 51.245
13 36 28.018
13 37 66.94
13 38 71.253
13 39 14.318
13 40 64.327
13 41 21.932
13 42 77.369
13 43 76.551
13 44 83.546
13 45 25.0
13 46 14.213
13 47 25.612
13 48 42.012
13 49 80.777
13 50 49.82
13 51 66.37
13 52 59.304
13 53 60.44
13 54 86.579
13 55 57.706
13 56 86.539
13 57 38.328
13 58 64.637
13 59 12.806
13 60 11.314
13 61 88.6
13 62 5.385
13 63 14.866
13 64 76.479
13 65 98.082
13 66 75.133
13 67 55.946
13 68 21.26
13 69 75.107
13 70 76.322
13 71 17.493
13 72 65.62
13 73 66.753
13 74 53.852
13 75 43.382
13 76 33.422
13 77 52.697
13 78 87.207
13 79 43.186
13 80 62.298
13 81 41.049
13 82 80.895
13 83 37.643
13 84 21.19
13 85 87.464
13 86 96.385
13 87 59.034
13 88 60.216
13 89 40.025
13 90 24.021
13 91 22.361
13 92 22.472
13 93 24.331
13 94 76.158
13 95 54.342
13 96 88.73
13 97 96.876
13 98 32.14
13 99 58.941
13 100 96.333
14 98 85 14
14 15 106.944
14 16 51.245
14 17 34.205
14 18 9.055
14 19 56.859
14 20 20.248
14 21 38.079
14 22 70.88
14 23 29.12
14 24 108.005
14 25 72.801
14 26 64.475
14 27 66.611
14 28 102.45
14 29 14.56
14 30 57.559
14 31 51.478
14 32 85.147
14 33 52.631
14 34 8.246
14 35 77.929
14 36 23.324
14 37 63.151
14 38 71.47
14 39 32.894
14 40 91.548
14 41 44.922
14 42 72.56
14 43 92.849
14 44 90.427
14 45 5.657
14 46 39.459
14 47 47.17
14 48 70.114
14 49 104.547
14 50 77.929
14 51 94.53
14 52 60.166
14 53 82.765
14 54 91.285
14 55 57.245
14 56 98.234
14 57 48.104
14 58 87.846
14 59 36.674
14 60 36.346
14 61 105.759
14 62 33.377
14 63 21.401
14 64 101.193
14 65 115.884
14 66 81.988
14 67 48.26
14 68 43.966
14 69 78.791
14 70 88.091
14 71 17.692
14 72 93.771
14 73 94.26
14 74 70.605
14 75 37.108
14 76 18.111
14 77 76.551
14 78 105.802
14 79 71.344
14 80 88.645
14 81 59.682
14 82 86.77
14 83 51.088
14 84 8.944
14 85 99.02
14 86 111.036
14 87 63.53
14 88 78.006
14 89 40.706
14 90 52.038
14 91 50.01
14 92 26.907
14 93 52.01
14 94 67.03
14 95 81.498
14 96 107.005
14 97 116.499
14 98 38.288
14 99 69.029
14 100 115.0
15 4 34 19
15 16 70.605
15 17 73.41
15 18 110.675
15 19 50.695
15 20 92.698
15 21 80.604
15 22 40.46
15 23 89.022
15 24 14.765
15 25 70.093
15 26 68.469
15 27 50.478
15 28 19.105
15 29 97.082
15 30 69.642
15 31 55.758
15 32 51.078
15 33 57.385
15 34 98.98
15 35 42.544
15 36 87.664
15 37 82.735
15 38 73.98
15 39 74.626
15 40 41.11
15 41 63.6
15 42 87.556
15 43 26.0
15 44 57.306
15 45 101.533
15 46 71.063
15 47 60.465
15 48 60.008
15 49 12.369
15 50 65.253
15 51 61.0
15 52 72.173
15 53 24.839
15 54 64.498
15 55 75.06
15 56 42.012
15 57 63.063
15 58 21.401
15 59 72.801
15 60 74.027
15 61 21.401
15 62 82.807
15 63 100.125
15 64 19.105
15 65 22.361
15 66 56.648
15 67 89.051
15 68 64.405
15 69 65.46
15 70 41.629
15 71 102.616
15 72 63.008
15 73 44.0
15 74 38.833
15 75 86.313
15 76 97.739
15 77 33.302
15 78 15.0
15 79 62.394
15 80 34.713
15 81 47.424
15 82 59.933
15 83 57.871
15 84 98.005
15 85 42.638
15 86 33.615
15 87 64.195
15 88 31.401
15 89 76.485
15 90 67.624
15 91 66.603
15 92 81.025
15 93 65.299
15 94 97.324
15 95 43.966
15 96 16.643
15 97 15.133
15 98 72.422
15 99 51.088
15 100 18.111
16 47 90 10
16 17 35.384
16 18 50.16
16 19 37.216
16 20 50.12
16 21 53.814
16 22 30.232
16 23 54.203
16 24 77.827
16 25 77.162
16 26 68.71
16 27 20.518
16 28 74.847
16 29 37.014
16 30 6.708
16 31 26.306
16 32 76.105
16 33 18.0
16 34 43.566
16 35 31.064
16 36 46.325
16 37 77.524
16 38 78.549
16 39 25.612
16 40 42.72
16 41 19.698
16 42 87.71
16 43 68.68
16 44 84.291
16 45 47.854
16 46 16.279
16 47 23.087
16 48 19.026
16 49 63.655
16 50 26.926
16 51 43.29
16 52 67.543
16 53 46.648
16 54 88.955
16 55 67.119
16 56 82.608
16 57 43.863
16 58 49.204
16 59 19.209
16 60 18.028
16 61 78.924
16 62 18.0
16 63 34.928
16 64 58.258
16 65 87.207
16 66 76.655
16 67 70.178
16 68 20.125
16 69 79.31
16 70 73.171
16 71 38.639
16 72 42.579
16 73 44.643
16 74 48.26
16 75 58.694
16 76 54.129
16 77 37.443
16 78 76.026
16 79 20.1
16 80 42.19
16 81 36.0
16 82 82.735
16 83 39.85
16 84 43.932
16 85 83.6
16 86 88.888
16 87 64.514
16 88 52.393
16 89 52.01
16 90 3.162
16 91 6.083
16 92 38.601
16 93 6.083
16 94 89.404
16 95 33.106
16 96 77.82
16 97 84.06
16 98 42.802
16 99 59.54
16 100 84.599
17 71 64 12
17 18 39.699
17 19 22.825
17 20 20.1
17 21 18.439
17 22 41.012
17 23 20.248
17 24 73.817
17 25 47.011
17 26 38.013
17 27 40.804
17 28 68.25
17 29 28.178
17 30 41.725
17 31 20.0
17 32 53.852
17 33 25.298
17 34 26.87
17 35 50.804
17 36 15.033
17 37 43.658
17 38 47.265
17 39 10.77
17 40 64.938
17 41 17.889
17 42 54.083
17 43 58.728
17 44 60.44
17 45 28.601
17 46 19.209
17 47 17.464
17 48 49.739
17 49 72.277
17 50 59.908
17 51 73.824
17 52 35.355
17 53 50.0
17 54 62.968
17 55 33.956
17 56 65.513
17 57 15.232
17 58 55.543
17 59 16.643
17 60 18.358
17 61 71.589
17 62 26.683
17 63 35.44
17 64 69.871
17 65 81.688
17 66 51.923
17 67 34.828
17 68 17.0
17 69 51.245
17 70 55.227
17 71 35.847
17 72 73.79
17 73 68.447
17 74 36.401
17 75 23.431
17 76 25.179
17 77 45.277
17 78 71.61
17 79 52.154
17 80 60.133
17 81 26.0
17 82 57.489
17 83 16.971
17 84 25.495
17 85 66.37
17 86 77.337
17 87 35.128
17 88 43.829
17 89 17.0
17 90 33.971
17 91 30.48
17 92 7.616
17 93 32.016
17 94 54.378
17 95 55.317
17 96 72.801
17 97 82.377
17 98 8.246
17 99 36.674
17 100 80.802
18 97 94 16
18 19 61.62
18 20 28.636
18 21 46.174
18 22 73.007
18 23 37.656
18 24 112.805
18 25 80.957
18 26 72.45
18 27 67.446
18 28 107.564
18 29 13.928
18 30 56.009
18 31 54.918
18 32 92.282
18 33 54.626
18 34 13.038
18 35 78.848
18 36 31.016
18 37 71.847
18 38 79.812
18 39 36.056
18 40 91.984
18 41 47.413
18 42 81.394
18 43 98.29
18 44 97.944
18 45 13.342
18 46 40.853
18 47 50.249
18 48 69.181
18 49 107.331
18 50 76.059
18 51 93.005
18 52 68.308
18 53 86.093
18 54 99.161
18 55 65.521
18 56 104.862
18 57 54.406
18 58 90.824
18 59 38.484
18 60 37.696
18 61 111.036
18 62 32.249
18 63 16.492
18 64 103.47
18 65 121.017
18 66 89.443
18 67 57.14
18 68 46.53
18 69 86.729
18 70 94.626
18 71 12.369
18 72 92.049
18 73 94.366
18 74 75.69
18 75 45.706
18 76 27.019
18 77 79.158
18 78 110.635
18 79 70.029
18 80 89.844
18 81 64.031
18 82 94.43
18 83 56.639
18 84 14.765
18 85 105.683
18 86 117.034
18 87 71.176
18 88 82.879
18 89 48.466
18 90 51.478
18 91 50.01
18 92 33.015
18 93 51.971
18 94 76.059
18 95 82.0
18 96 111.946
18 97 121.037
18 98 44.944
18 99 75.717
18 100 119.854
19 51 53 13
19 20 42.059
19 21 32.14
19 22 24.187
19 23 39.205
19 24 51.225
19 25 41.677
19 26 34.205
19 27 29.833
19 28 45.967
19 29 48.836
19 30 41.231
19 31 11.0
19 32 39.0
19 33 19.416
19 34 49.204
19 35 36.056
19 36 37.0
19 37 46.098
19 38 43.829
19 39 26.401
19 40 49.193
19 41 19.416
19 42 55.172
19 43 37.014
19 44 47.096
19 45 51.313
19 46 27.203
19 47 15.297
19 48 42.72
19 49 50.488
19 50 53.254
19 51 63.032
19 52 34.655
19 53 28.16
19 54 51.788
19 55 35.609
19 56 47.127
19 57 14.318
19 58 34.059
19 59 27.313
19 60 29.155
19 61 49.518
19 62 39.56
19 63 54.083
19 64 49.0
19 65 59.414
19 66 39.459
19 67 44.944
19 68 19.647
19 69 42.72
19 70 37.108
19 71 55.606
19 72 63.655
19 73 53.235
19 74 14.213
19 75 38.21
19 76 47.127
19 77 25.71
19 78 49.041
19 79 45.793
19 80 42.72
19 81 4.123
19 82 45.541
19 83 8.062
19 84 48.01
19 85 48.083
19 86 56.604
19 87 29.411
19 88 21.26
19 89 28.284
19 90 34.366
19 91 31.145
19 92 30.414
19 93 31.401
19 94 60.216
19 95 41.049
19 96 50.329
19 97 59.641
19 98 22.204
19 99 22.361
19 100 58.258
20 91 66 14
20 21 17.889
20 22 61.008
20 23 9.055
20 24 91.788
20 25 52.555
20 26 44.283
20 27 59.841
20 28 85.755
20 29 24.042
20 30 56.824
20 31 40.05
20 32 65.605
20 33 44.407
20 34 17.029
20 35 70.349
20 36 5.099
20 37 43.29
20 38 51.245
20 39 25.298
20 40 84.481
20 41 36.497
20 42 53.038
20 43 75.717
20 44 70.491
20 45 15.297
20 46 34.54
20 47 37.054
20 48 67.067
20 49 92.195
20 50 76.557
20 51 91.706
20 52 39.925
20 53 69.857
20 54 71.113
20 55 37.0
20 56 79.246
20 57 30.529
20 58 75.505
20 59 31.385
20 60 32.202
20 61 88.752
20 62 35.384
20 63 33.526
20 64 89.944
20 65 99.02
20 66 62.129
20 67 29.069
20 68 35.511
20 69 58.6
20 70 69.296
20 71 31.575
20 72 91.417
20 73 87.824
20 74 54.562
20 75 17.117
20 76 5.099
20 77 65.376
20 78 89.554
20 79 69.08
20 80 80.025
20 81 45.607
20 82 66.731
20 83 34.928
20 84 15.033
20 85 79.981
20 86 92.849
20 87 43.566
20 88 62.169
20 89 20.809
20 90 49.659
20 91 46.615
20 92 13.038
20 93 48.466
20 94 48.836
20 95 74.673
20 96 90.554
20 97 100.648
20 98 20.591
20 99 50.21
20 100 98.615
21 83 50 2
21 22 55.082
21 23 9.899
21 24 77.621
21 25 34.785
21 26 26.401
21 27 57.245
21 28 71.176
21 29 39.013
21 30 60.108
21 31 34.928
21 32 48.166
21 33 42.19
21 34 33.734
21 35 66.129
21 36 15.297
21 37 27.166
21 38 33.734
21 39 28.844
21 40 80.006
21 41 35.609
21 42 37.483
21 43 60.836
21 44 52.697
21 45 32.894
21 46 37.643
21 47 34.132
21 48 67.424
21 49 82.098
21 50 77.801
21 51 90.918
21 52 22.136
21 53 60.0
21 54 53.226
21 55 19.416
21 56 62.29
21 57 18.0
21 58 66.008
21 59 35.0
21 60 36.62
21 61 73.79
21 62 43.863
21 63 48.042
21 64 81.056
21 65 84.077
21 66 44.407
21 67 16.401
21 68 34.828
21 69 40.719
21 70 52.631
21 71 47.043
21 72 91.066
21 73 83.815
21 74 41.773
21 75 6.083
21 76 21.401
21 77 57.706
21 78 75.392
21 79 70.0
21 80 74.216
21 81 36.222
21 82 48.877
21 83 24.083
21 84 31.78
21 85 62.968
21 86 76.609
21 87 25.807
21 88 49.244
21 89 4.123
21 90 52.326
21 91 48.795
21 92 17.72
21 93 50.249
21 94 36.235
21 95 70.937
21 96 76.158
21 97 86.729
21 98 11.662
21 99 33.838
21 100 84.172
22 30 65 12
22 23 60.531
22 24 47.927
22 25 63.781
22 26 57.315
22 27 11.18
22 28 45.607
22 29 59.093
22 30 30.083
22 31 21.024
22 32 55.154
22 33 18.385
22 34 62.642
22 35 12.042
22 36 56.0
22 37 70.0
22 38 66.483
22 39 38.079
22 40 25.08
22 41 25.962
22 42 78.645
22 43 41.049
22 44 63.695
22 45 65.97
22 46 32.202
22 47 24.187
22 48 24.083
22 49 34.67
22 50 33.242
22 51 39.699
22 52 58.412
22 53 16.553
22 54 69.778
22 55 59.641
22 56 57.428
22 57 38.079
22 58 19.105
22 59 34.54
22 60 35.341
22 61 49.729
22 62 43.012
22 63 60.745
22 64 30.463
22 65 57.385
22 66 57.706
22 67 68.942
22 68 26.926
22 69 63.246
22 70 49.477
22 71 63.632
22 72 40.608
22 73 29.069
22 74 25.942
22 75 61.131
22 76 66.03
22 77 7.211
22 78 46.239
22 79 27.166
22 80 19.235
22 81 20.248
22 82 63.506
22 83 31.78
22 84 62.097
22 85 58.421
22 86 60.671
22 87 52.345
22 88 26.476
22 89 51.546
22 90 27.203
22 91 26.173
22 92 48.042
22 93 24.839
22 94 84.315
22 95 17.029
22 96 48.104
22 97 53.852
22 98 43.932
22 99 42.202
22 100 54.562
23 90 57 17
23 24 86.816
23 25 43.863
23 26 35.847
23 27 61.033
23 28 80.498
23 29 32.558
23 30 60.803
23 31 39.623
23 32 58.052
23 33 45.541
23 34 26.0
23 35 70.831
23 36 8.944
23 37 34.234
23 38 42.379
23 39 28.601
23 40 84.929
23 41 38.079
23 42 44.011
23 43 70.235
23 44 62.426
23 45 24.331
23 46 38.013
23 47 37.643
23 48 69.771
23 49 89.677
23 50 79.756
23 51 94.021
23 52 31.305
23 53 67.365
23 54 62.65
23 55 28.231
23 56 72.18
23 57 25.962
23 58 73.246
23 59 35.0
23 60 36.235
23 61 83.241
23 62 41.4
23 63 41.976
23 64 88.091
23 65 93.536
23 66 54.203
23 67 20.224
23 68 37.162
23 69 50.12
23 70 62.482
23 71 40.311
23 72 93.941
23 73 88.527
23 74 50.289
23 75 8.062
23 76 11.662
23 77 64.031
23 78 84.581
23 79 72.069
23 80 79.762
23 81 43.105
23 82 58.523
23 83 31.401
23 84 24.0
23 85 72.863
23 86 86.4
23 87 35.609
23 88 57.871
23 89 13.601
23 90 53.254
23 91 49.93
23 92 15.62
23 93 51.624
23 94 40.262
23 95 75.432
23 96 85.428
23 97 95.854
23 98 17.029
23 99 43.6
23 100 93.472
24 11 21 4
24 25 61.131
24 26 61.205
24 27 58.873
24 28 7.0
24 29 99.765
24 30 78.0
24 31 58.728
24 32 40.608
24 33 62.426
24 34 100.424
24 35 52.953
24 36 86.954
24 37 75.027
24 38 65.123
24 39 77.104
24 40 54.148
24 41 67.357
24 42 78.409
24 43 17.263
24 44 45.541
24 45 102.416
24 46 75.286
24 47 63.702
24 48 70.093
24 49 26.926
24 50 76.655
24 51 74.33
24 52 65.49
24 53 31.385
24 54 52.555
24 55 68.731
24 56 29.069
24 57 61.294
24 58 30.594
24 59 76.485
24 60 77.987
24 61 7.211
24 62 87.618
24 63 104.062
24 64 33.242
24 65 9.487
24 66 46.53
24 67 83.546
24 68 68.015
24 69 55.579
24 70 31.257
24 71 106.075
24 72 76.236
24 73 57.428
24 74 37.443
24 75 82.873
24 76 96.649
24 77 40.853
24 78 2.236
24 79 72.78
24 80 47.0
24 81 48.836
24 82 48.765
24 83 57.14
24 84 99.202
24 85 29.53
24 86 18.868
24 87 57.559
24 88 30.0
24 89 73.539
24 90 74.706
24 91 73.062
24 92 81.271
24 93 72.069
24 94 89.051
24 95 55.326
24 96 2.236
24 97 9.22
24 98 71.197
24 99 45.122
24 100 7.071
25 72 17 13
25 26 9.0
25 27 71.281
25 28 54.148
25 29 72.993
25 30 82.079
25 31 51.478
25 32 21.213
25 33 60.415
25 34 68.411
25 35 75.743
25 36 50.0
25 37 15.232
25 38 4.0
25 39 57.219
25 40 87.115
25 41 57.567
25 42 17.464
25 43 44.553
25 44 21.095
25 45 67.676
25 46 63.348
25 47 54.083
25 48 84.38
25 49 76.694
25 50 94.874
25 51 103.479
25 52 12.649
25 53 59.076
25 54 19.209
25 55 15.652
25 56 36.139
25 57 33.734
25 58 64.661
25 59 61.814
25 60 63.789
25 61 55.0
25 62 73.335
25 63 81.498
25 64 78.715
25 65 64.195
25 66 15.297
25 67 29.0
25 68 57.28
25 69 7.211
25 70 30.0
25 71 81.049
25 72 104.35
25 73 91.351
25 74 39.051
25 75 36.235
25 76 55.462
25 77 62.29
25 78 59.211
25 79 87.464
25 80 79.511
25 81 44.654
25 82 16.643
25 83 37.336
25 84 66.483
25 85 36.401
25 86 52.393
25 87 12.649
25 88 43.046
25 89 32.757
25 90 74.673
25 91 71.169
25 92 50.359
25 93 71.868
25 94 28.018
25 95 80.66
25 96 59.076
25 97 70.029
25 98 39.013
25 99 22.023
25 100 66.008
26 72 26 3
26 27 64.031
26 28 54.231
26 29 64.133
26 30 73.824
26 31 43.417
26 32 24.187
26 33 52.355
26 34 59.775
26 35 69.354
26 36 41.437
26 37 14.318
26 38 9.849
26 39 48.26
26 40 81.4
26 41 49.041
26 42 21.401
26 43 44.045
26 44 26.907
26 45 59.237
26 46 54.571
26 47 45.695
26 48 76.844
26 49 73.763
26 50 87.419
26 51 96.876
26 52 5.0
26 53 54.562
26 54 26.833
26 55 8.602
26 56 39.357
26 57 25.0
26 58 60.415
26 59 52.953
26 60 54.918
26 61 55.731
26 62 64.382
26 63 72.56
26 64 75.027
26 65 65.513
26 66 19.209
26 67 23.707
26 68 48.703
26 69 14.318
26 70 31.321
26 71 72.18
26 72 97.622
26 73 85.604
26 74 34.0
26 75 28.601
26 76 47.508
26 77 56.613
26 78 59.135
26 79 79.881
26 80 74.061
26 81 37.537
26 82 22.804
26 83 29.069
26 84 57.871
26 85 39.825
26 86 55.154
26 87 5.0
26 88 39.217
26 89 24.042
26 90 66.31
26 91 62.769
26 92 41.437
26 93 63.561
26 94 29.12
26 95 74.33
26 96 59.304
26 97 70.349
26 98 30.017
26 99 17.72
26 100 66.753
27 32 76 10
27 28 56.754
27 29 53.6
27 30 19.235
27 31 22.472
27 32 64.846
27 33 15.524
27 34 58.421
27 35 11.402
27 36 55.109
27 37 75.664
27 38 73.6
27 39 35.057
27 40 25.02
27 41 23.345
27 42 84.959
27 43 52.154
27 44 73.376
27 45 62.201
27 46 27.166
27 47 23.409
27 48 13.601
27 49 43.139
27 50 23.707
27 51 33.838
27 52 64.382
27 53 27.514
27 54 79.12
27 55 65.069
27 56 68.184
27 57 42.012
27 58 29.155
27 59 30.067
27 60 30.265
27 61 60.877
27 62 35.847
27 63 53.712
27 64 37.802
27 65 68.352
27 66 66.851
27 67 72.402
27 68 24.331
27 69 71.589
27 70 59.841
27 71 57.009
27 72 34.205
27 73 28.071
27 74 35.44
27 75 63.071
27 76 64.63
27 77 18.028
27 78 57.245
27 79 16.763
27 80 22.472
27 81 26.627
27 82 72.801
27 83 36.125
27 84 58.215
27 85 69.181
27 86 71.847
27 87 59.203
27 88 37.121
27 89 54.203
27 90 17.804
27 91 17.889
27 92 46.872
27 93 16.125
27 94 89.376
27 95 15.0
27 96 59.135
27 97 64.413
27 98 45.618
27 99 50.537
27 100 65.391
28 18 21 6
28 29 94.763
28 30 75.584
28 31 54.203
28 32 33.734
28 33 58.669
28 34 95.016
28 35 52.086
28 36 80.994
28 37 68.029
28 38 58.138
28 39 72.18
28 40 55.109
28 41 63.008
28 42 71.449
28 43 10.44
28 44 39.0
28 45 96.83
28 46 71.028
28 47 59.203
28 48 68.731
28 49 30.232
28 50 76.059
28 51 75.313
28 52 58.549
28 53 29.428
28 54 46.098
28 55 61.814
28 56 23.022
28 57 55.227
28 58 30.017
28 59 72.007
28 60 73.6
28 61 4.123
28 62 83.487
28 63 99.489
28 64 35.777
28 65 13.454
28 66 39.623
28 67 76.688
28 68 63.6
28 69 48.662
28 70 24.331
28 71 101.316
28 72 77.104
28 73 58.694
28 74 31.89
28 75 76.322
28 76 90.554
28 77 38.833
28 78 5.099
28 79 71.568
28 80 47.518
28 81 43.932
28 82 42.059
28 83 51.4
28 84 93.723
28 85 23.601
28 86 16.279
28 87 50.636
28 88 24.759
28 89 67.119
28 90 71.694
28 91 69.778
28 92 75.604
28 93 68.942
28 94 82.055
28 95 55.009
28 96 5.099
28 97 16.125
28 98 65.192
28 99 38.328
28 100 13.0
29 84 89 3
29 30 43.186
29 31 41.4
29 32 81.939
29 33 40.719
29 34 8.485
29 35 65.0
29 36 24.083
29 37 66.03
29 38 72.443
29 39 22.672
29 40 78.262
29 41 33.615
29 42 76.164
29 43 85.796
29 44 88.255
29 45 12.806
29 46 26.926
29 47 36.62
29 48 56.0
29 49 93.477
29 50 63.506
29 51 80.225
29 52 60.531
29 53 72.402
29 54 90.25
29 55 58.215
29 56 93.648
29 57 43.382
29 58 77.026
29 59 24.597
29 60 23.77
29 61 98.351
29 62 19.026
29 63 9.487
29 64 89.554
29 65 108.19
29 66 79.712
29 67 52.773
29 68 32.757
29 69 78.102
29 70 83.355
29 71 8.062
29 72 79.404
29 73 80.753
29 74 63.032
29 75 40.311
29 76 25.06
29 77 65.299
29 78 97.622
29 79 57.079
29 80 75.961
29 81 50.931
29 82 85.071
29 83 44.654
29 84 10.0
29 85 94.515
29 86 105.0
29 87 62.097
29 88 70.007
29 89 40.311
29 90 38.053
29 91 36.346
29 92 22.804
29 93 38.328
29 94 72.78
29 95 68.25
29 96 99.005
29 97 107.815
29 98 34.785
29 99 64.846
29 100 106.832
30 41 93 20
30 31 30.676
30 32 79.63
30 33 21.84
30 34 50.01
30 35 28.284
30 36 53.0
30 37 83.217
30 38 83.672
30 39 32.202
30 40 38.471
30 41 25.239
30 42 93.295
30 43 70.214
30 44 87.966
30 45 54.342
30 46 22.804
30 47 28.178
30 48 13.601
30 49 61.717
30 50 20.396
30 51 37.054
30 52 72.945
30 53 46.615
30 54 92.962
30 55 72.719
30 56 85.094
30 57 49.244
30 58 48.374
30 59 25.807
30 60 24.698
30 61 79.699
30 62 24.187
30 63 40.311
30 64 55.866
30 65 87.464
30 66 80.604
30 67 76.42
30 68 25.807
30 69 83.815
30 70 76.007
30 71 44.181
30 72 36.222
30 73 39.925
30 74 51.01
30 75 65.115
30 76 60.836
30 77 37.162
30 78 76.322
30 79 14.036
30 80 39.051
30 81 39.459
30 82 86.683
30 83 44.777
30 84 50.448
30 85 86.093
30 86 90.244
30 87 69.462
30 88 54.332
30 89 58.138
30 90 7.81
30 91 11.402
30 92 45.222
30 93 10.296
30 94 95.425
30 95 29.411
30 96 78.186
30 97 83.648
30 98 48.918
30 99 63.561
30 100 84.581
31 51 64 1
31 32 50.0
31 33 8.944
31 34 43.382
31 35 31.321
31 36 35.014
31 37 53.907
31 38 53.235
31 39 18.868
31 40 45.354
31 41 8.944
31 42 63.6
31 43 46.141
31 44 58.078
31 45 46.239
31 46 17.0
31 47 5.0
31 48 33.971
31 49 53.141
31 50 44.598
31 51 56.303
31 52 43.012
31 53 31.305
31 54 62.65
31 55 43.278
31 56 57.723
31 57 19.799
31 58 36.401
31 59 17.804
31 60 19.416
31 61 58.009
31 62 29.53
31 63 45.343
31 64 50.22
31 65 67.476
31 66 50.359
31 67 49.93
31 68 9.434
31 69 53.16
31 70 47.854
31 71 47.381
31 72 56.613
31 73 49.041
31 74 23.77
31 75 40.853
31 76 45.1
31 77 25.495
31 78 56.639
31 79 36.878
31 80 40.2
31 81 10.77
31 82 56.436
31 83 14.422
31 84 42.544
31 85 58.694
31 86 66.189
31 87 38.91
31 88 29.682
31 89 31.765
31 90 23.537
31 91 20.224
31 92 27.166
31 93 20.616
31 94 67.209
31 95 36.056
31 96 58.138
31 97 66.528
31 98 23.409
31 99 33.242
31 100 65.795
32 51 14 3
32 33 58.138
32 34 79.259
32 35 66.189
32 36 61.855
32 37 36.139
32 38 25.179
32 39 62.097
32 40 75.213
32 41 58.138
32 42 38.013
32 43 25.08
32 44 8.544
32 45 79.612
32 46 65.49
32 47 54.083
32 48 78.447
32 49 59.363
32 50 88.255
32 51 93.648
32 52 29.155
32 53 45.607
32 54 15.0
32 55 32.757
32 56 15.232
32 57 38.626
32 58 50.249
32 59 64.938
32 60 66.91
32 61 34.132
32 62 77.279
32 63 89.196
32 64 62.626
32 65 43.046
32 66 6.0
32 67 47.885
32 68 58.215
32 69 15.033
32 70 9.487
32 71 89.694
32 72 94.895
32 73 79.404
32 74 29.411
32 75 51.662
32 76 69.527
32 77 51.478
32 78 38.833
32 79 81.609
32 80 67.201
32 81 40.2
32 82 9.22
32 83 38.833
32 84 77.524
32 85 15.652
32 86 31.321
32 87 22.672
32 88 29.682
32 89 44.822
32 90 73.171
32 91 70.064
32 92 59.481
32 93 70.178
32 94 49.163
32 95 70.711
32 96 38.471
32 97 49.254
32 98 47.413
32 99 17.464
32 100 45.044
33 47 72 8
33 34 44.385
33 35 26.019
33 36 39.623
33 37 62.626
33 38 62.177
33 39 20.1
33 40 40.112
33 41 8.0
33 42 72.422
33 43 51.624
33 44 66.37
33 45 47.854
33 46 13.892
33 47 8.062
33 48 25.495
33 49 52.839
33 50 36.069
33 51 48.765
33 52 51.865
33 53 32.558
33 54 71.197
33 55 52.01
33 56 64.777
33 57 28.425
33 58 36.62
33 59 16.155
33 60 17.0
33 61 62.65
33 62 25.456
33 63 42.802
33 64 48.847
33 65 71.561
33 66 58.856
33 67 57.801
33 68 9.0
33 69 61.984
33 70 55.227
33 71 45.486
33 72 48.877
33 73 43.417
33 74 30.414
33 75 47.885
33 76 49.254
33 77 24.698
33 78 60.465
33 79 28.284
33 80 36.222
33 81 18.0
33 82 64.938
33 83 23.324
33 84 43.932
33 85 65.765
33 86 71.868
33 87 47.854
33 88 35.114
33 89 39.408
33 90 15.033
33 91 12.042
33 92 31.401
33 93 12.042
33 94 75.664
33 95 30.265
33 96 62.129
33 97 69.527
33 98 30.529
33 99 41.773
33 100 69.405
34 90 83 4
34 35 69.721
34 36 18.439
34 37 60.133
34 38 67.469
34 39 24.698
34 40 83.385
34 41 36.688
34 42 70.007
34 43 85.586
34 44 85.0
34 45 4.472
34 46 31.257
34 47 39.0
34 48 62.29
34 49 96.385
34 50 70.406
34 51 86.833
34 52 55.785
34 53 74.686
34 54 86.377
34 55 53.151
34 56 91.837
34 57 41.4
34 58 79.706
34 59 28.443
34 60 28.16
34 61 98.412
34 62 25.962
34 63 17.493
34 64 92.973
34 65 108.467
34 66 76.485
34 67 46.098
34 68 35.735
34 69 74.0
34 70 81.609
34 71 14.866
34 72 86.145
34 73 86.145
34 74 63.127
34 75 34.015
34 76 17.088
34 77 68.352
34 78 98.234
34 79 63.64
34 80 80.411
34 81 51.865
34 82 81.541
34 83 43.841
34 84 2.0
34 85 92.655
34 86 104.139
34 87 58.31
34 88 70.434
34 89 35.735
34 90 44.181
34 91 42.012
34 92 20.0
34 93 44.011
34 94 65.765
34 95 73.335
34 96 99.489
34 97 108.812
34 98 31.906
34 99 62.682
34 100 107.448
35 21 73 18
35 36 65.49
35 37 82.006
35 38 78.492
35 39 46.011
35 40 14.142
35 41 34.015
35 42 90.686
35 43 49.497
35 44 74.686
35 45 73.437
35 46 38.471
35 47 33.377
35 48 17.464
35 49 33.601
35 50 24.0
35 51 27.803
35 52 70.434
35 53 23.087
35 54 81.006
35 55 71.61
35 56 66.94
35 57 49.649
35 58 22.361
35 59 41.304
35 60 41.593
35 61 56.143
35 62 47.17
35 63 65.0
35 64 27.586
35 65 62.37
35 66 69.116
35 67 80.498
35 68 35.014
35 69 75.0
35 70 59.808
35 71 68.352
35 72 28.844
35 73 17.72
35 74 37.443
35 75 72.111
35 76 75.24
35 77 14.866
35 78 51.624
35 79 19.925
35 80 11.18
35 81 32.202
35 82 74.793
35 83 43.417
35 84 69.462
35 85 67.912
35 86 68.0
35 87 64.382
35 88 36.77
35 89 62.769
35 90 28.653
35 91 29.155
35 92 57.315
35 93 27.313
35 94 96.26
35 95 5.0
35 96 53.6
35 97 57.245
35 98 54.708
35 99 54.037
35 100 58.941
36 86 65 5
36 37 42.0
36 38 49.031
36 39 21.024
36 40 79.63
36 41 31.78
36 42 52.086
36 43 71.028
36 44 67.119
36 45 17.889
36 46 30.414
36 47 32.14
36 48 62.769
36 49 87.098
36 50 72.45
36 51 87.316
36 52 37.363
36 53 64.761
36 54 68.154
36 55 34.713
36 56 75.166
36 57 25.807
36 58 70.406
36 59 27.295
36 60 28.302
36 61 84.054
36 62 32.65
36 63 33.377
36 64 84.853
36 65 94.303
36 66 58.669
36 67 28.862
36 68 30.806
36 69 55.714
36 70 65.115
36 71 32.016
36 72 87.092
36 73 83.024
36 74 49.649
36 75 16.279
36 76 10.198
36 77 60.299
36 78 84.723
36 79 64.885
36 80 75.06
36 81 40.522
36 82 63.506
36 83 29.967
36 84 16.492
36 85 75.928
36 86 88.459
36 87 40.249
36 88 57.245
36 89 17.464
36 90 45.651
36 91 42.485
36 92 8.246
36 93 44.283
36 94 49.041
36 95 69.871
36 96 85.755
36 97 95.771
36 98 15.811
36 99 46.011
36 100 93.814
37 86 23 13
37 38 11.662
37 39 54.424
37 40 94.578
37 41 57.983
37 42 10.44
37 43 58.009
37 44 36.235
37 45 58.549
37 46 62.169
37 47 55.218
37 48 87.864
37 49 88.057
37 50 98.494
37 51 109.124
37 52 11.662
37 53 68.542
37 54 33.422
37 55 10.63
37 56 51.245
37 57 34.205
37 58 74.465
37 59 60.008
37 60 61.847
37 61 69.26
37 62 70.214
37 63 75.166
37 64 89.196
37 65 78.772
37 66 30.364
37 67 15.652
37 68 57.454
37 69 22.361
37 70 44.407
37 71 74.007
37 72 109.713
37 73 98.737
37 74 47.927
37 75 26.173
37 76 45.122
37 77 69.971
37 78 73.007
37 79 90.785
37 80 87.464
37 81 49.82
37 82 31.765
37 83 39.623
37 84 58.138
37 85 51.546
37 86 67.446
37 87 18.974
37 88 53.451
37 89 26.926
37 90 75.472
37 91 71.868
37 92 44.721
37 93 72.945
37 94 14.866
37 95 87.006
37 96 73.062
37 97 84.095
37 98 35.468
37 99 32.016
37 100 80.306
38 76 17 10
38 39 57.706
38 40 90.139
38 41 58.873
38 42 13.601
38 43 48.508
38 44 24.597
38 45 66.483
38 46 64.288
38 47 55.543
38 48 86.533
38 49 80.411
38 50 97.082
38 51 106.151
38 52 12.0
38 53 62.434
38 54 21.932
38 55 14.318
38 56 40.025
38 57 34.785
38 58 68.096
38 59 62.586
38 60 64.537
38 61 59.0
38 62 73.824
38 63 81.154
38 64 82.292
38 65 68.184
38 66 19.235
38 67 26.249
38 68 58.523
38 69 10.77
38 70 34.0
38 71 80.505
38 72 106.963
38 73 94.366
38 74 42.202
38 75 34.54
38 76 53.852
38 77 65.299
38 78 63.198
38 79 89.588
38 80 82.62
38 81 47.011
38 82 20.125
38 83 38.91
38 84 65.513
38 85 40.262
38 86 56.294
38 87 14.422
38 88 46.53
38 89 32.14
38 90 76.158
38 91 72.615
38 92 50.04
38 93 73.41
38 94 24.021
38 95 83.439
38 96 63.071
38 97 74.027
38 98 39.115
38 99 25.239
38 100 70.007
39 67 74 12
39 40 60.008
39 41 12.166
39 42 64.846
39 43 63.411
39 44 69.231
39 45 27.893
39 46 9.434
39 47 14.318
39 48 41.785
39 49 71.694
39 50 51.43
39 51 66.408
39 52 45.891
39 53 50.12
39 54 72.339
39 55 44.643
39 56 72.498
39 57 24.083
39 58 55.036
39 59 6.403
39 60 7.81
39 61 75.822
39 62 16.125
39 63 27.785
39 64 68.308
39 65 85.586
39 66 60.828
39 67 45.222
39 68 11.18
39 69 61.008
39 70 62.241
39 71 29.206
39 72 66.129
39 73 63.127
39 74 40.608
39 75 33.302
39 76 29.833
39 77 43.658
39 78 74.967
39 79 43.863
39 80 56.321
39 81 28.284
39 82 66.611
39 83 23.409
39 84 24.042
39 85 73.41
39 86 82.928
39 87 45.011
39 88 47.424
39 89 27.731
39 90 24.698
39 91 21.471
39 92 13.038
39 93 23.259
39 94 65.0
39 95 50.04
39 96 76.368
39 97 85.147
39 98 18.974
39 99 44.643
39 100 84.172
40 7 75 20
40 41 48.094
40 42 102.801
40 43 55.154
40 44 83.487
40 45 87.207
40 46 52.154
40 47 47.518
40 48 25.239
40 49 29.614
40 50 26.077
40 51 20.224
40 52 82.928
40 53 29.682
40 54 90.211
40 55 84.38
40 56 73.41
40 57 63.159
40 58 26.0
40 59 55.082
40 60 55.227
40 61 58.856
40 62 59.908
40 63 77.492
40 64 22.561
40 65 63.008
40 66 78.873
40 67 94.021
40 68 49.092
40 69 85.586
40 70 67.742
40 71 81.043
40 72 22.091
40 73 4.243
40 74 48.104
40 75 86.023
40 76 89.359
40 77 24.839
40 78 53.339
40 79 26.249
40 80 8.062
40 81 45.177
40 82 84.202
40 83 56.859
40 84 83.217
40 85 74.324
40 86 71.386
40 87 76.4
40 88 45.607
40 89 76.551
40 90 40.804
40 91 41.976
40 92 71.449
40 93 40.025
40 94 109.078
40 95 10.05
40 96 55.326
40 97 56.223
40 98 68.68
40 99 65.115
40 100 59.008
41 55 72 18
41 42 68.096
41 43 55.073
41 44 66.008
41 45 40.025
41 46 8.062
41 47 4.123
41 48 31.906
41 49 59.933
41 50 42.202
41 51 55.946
41 52 47.854
41 53 38.833
41 54 70.178
41 55 47.508
41 56 66.483
41 57 24.166
41 58 43.417
41 59 9.22
41 60 10.63
41 61 66.851
41 62 20.591
41 63 36.77
41 64 56.303
41 65 76.217
41 66 58.034
41 67 51.662
41 68 1.0
41 69 60.017
41 70 56.515
41 71 39.051
41 72 55.902
41 73 51.352
41 74 32.696
41 75 41.049
41 76 41.304
41 77 31.78
41 78 65.299
41 79 34.409
41 80 44.181
41 81 19.698
41 82 64.07
41 83 20.396
41 84 36.139
41 85 67.446
41 86 75.133
41 87 44.922
41 88 38.588
41 89 33.242
41 90 17.493
41 91 13.892
41 92 23.537
41 93 15.0
41 94 70.292
41 95 38.21
41 96 66.843
41 97 74.953
41 98 24.083
41 99 41.0
41 100 74.411
42 89 13 17
42 43 61.984
42 44 35.693
42 45 68.184
42 46 72.498
42 47 65.192
42 48 97.453
42 49 93.984
42 50 108.074
42 51 118.106
42 52 20.616
42 53 75.664
42 54 31.016
42 55 20.591
42 56 52.24
42 57 44.102
42 58 81.413
42 59 70.385
42 60 72.236
42 61 72.111
42 62 80.654
42 63 85.376
42 64 95.755
42 65 81.006
42 66 32.016
42 67 24.331
42 68 67.602
42 69 23.0
42 70 47.17
42 71 84.095
42 72 118.794
42 73 107.005
42 74 55.227
42 75 36.0
42 76 54.452
42 77 78.006
42 78 76.531
42 79 100.424
42 80 95.441
42 81 58.694
42 82 31.401
42 83 49.204
42 84 68.007
42 85 52.345
42 86 68.469
42 87 26.401
42 88 59.933
42 89 37.363
42 90 85.586
42 91 81.988
42 92 55.109
42 93 83.006
42 94 12.083
42 95 95.671
42 96 76.322
42 97 87.207
42 98 45.88
42 99 38.471
42 100 83.054
43 28 24 14
43 44 31.623
43 45 87.207
43 46 63.135
43 47 51.108
43 48 65.0
43 49 34.828
43 50 73.335
43 51 74.947
43 52 48.26
43 53 26.476
43 54 38.833
43 55 51.478
43 56 18.358
43 57 45.222
43 58 29.155
43 59 63.812
43 60 65.513
43 61 13.038
43 62 75.664
43 63 91.022
43 64 38.949
43 65 23.324
43 66 30.676
43 67 66.287
43 68 55.57
43 69 39.56
43 70 15.652
43 71 92.617
43 72 76.538
43 73 59.093
43 74 22.804
43 75 65.924
43 76 80.455
43 77 35.057
43 78 15.133
43 79 68.007
43 80 47.17
43 81 35.511
43 82 34.0
43 83 41.773
43 84 84.22
43 85 19.235
43 86 20.248
43 87 40.311
43 88 16.553
43 89 56.798
43 90 65.521
43 91 63.246
43 92 65.947
43 93 62.642
43 94 72.25
43 95 53.151
43 96 15.524
43 97 26.476
43 98 55.218
43 99 27.893
43 100 23.409
44 54 6 6
44 45 85.0
44 46 73.171
44 47 62.0
44 48 86.977
44 49 66.4
44 50 96.799
44 51 102.083
44 52 31.828
44 53 53.824
44 54 7.211
44 55 35.355
44 56 17.117
44 57 45.354
44 58 58.258
44 59 72.443
44 60 74.431
44 61 38.601
44 62 84.717
44 63 95.88
44 64 70.093
44 65 46.39
44 66 8.544
44 67 49.82
44 68 66.03
44 69 13.892
44 70 16.279
44 71 96.135
44 72 103.354
44 73 87.658
44 74 37.947
44 75 55.444
44 76 74.061
44 77 59.942
44 78 44.011
44 79 90.139
44 80 75.452
44 81 48.508
44 82 4.472
44 83 46.271
44 84 83.193
44 85 17.029
44 86 33.015
44 87 26.926
44 88 38.079
44 89 49.739
44 90 81.394
44 91 78.23
44 92 65.552
44 93 78.409
44 94 47.539
44 95 79.177
44 96 43.324
44 97 53.6
44 98 53.488
44 99 25.02
44 100 49.031
45 94 81 1
45 46 35.057
45 47 42.059
45 48 66.483
45 49 99.368
45 50 74.733
45 51 91.082
45 52 55.027
45 53 77.473
45 54 86.006
45 55 52.202
45 56 92.617
45 57 42.45
45 58 82.638
45 59 32.14
45 60 32.016
45 61 100.125
45 62 30.364
45 63 21.401
45 64 96.167
45 65 110.259
45 66 76.538
45 67 44.011
45 68 39.051
45 69 73.539
45 70 82.462
45 71 18.358
45 72 90.427
45 73 90.05
45 74 65.0
45 75 32.388
45 76 14.142
45 77 71.47
45 78 100.21
45 79 67.897
45 80 84.012
45 81 54.203
45 82 81.394
45 83 45.453
45 84 4.0
45 85 93.408
45 86 105.38
45 87 58.138
45 88 72.422
45 89 35.341
45 90 48.374
45 91 46.098
45 92 21.26
45 93 48.094
45 94 63.285
45 95 77.162
45 96 101.4
45 97 110.941
45 98 32.65
45 99 63.411
45 100 109.403
46 59 79 3
46 47 12.083
46 48 32.573
46 49 66.731
46 50 42.048
46 51 57.28
46 52 52.811
46 53 46.228
46 54 77.006
46 55 52.0
46 56 74.33
46 57 29.614
46 58 50.478
46 59 3.162
46 60 3.162
46 61 74.887
46 62 12.53
46 63 29.069
46 64 62.65
46 65 84.202
46 66 65.031
46 67 54.037
46 68 7.616
46 69 66.37
46 70 64.288
46 71 31.623
46 72 56.921
46 73 55.009
46 74 40.719
46 75 42.426
46 76 38.897
46 77 38.588
46 78 73.246
46 79 34.54
46 80 49.244
46 81 27.731
46 82 71.007
46 83 27.0
46 84 31.064
46 85 75.286
46 86 83.187
46 87 50.804
46 88 46.648
46 89 36.056
46 90 15.264
46 91 12.083
46 92 22.472
46 93 13.928
46 94 73.498
46 95 42.107
46 96 74.813
46 97 82.759
46 98 26.926
46 99 48.166
46 100 82.329
47 54 68 1
47 48 33.422
47 49 57.385
47 50 43.932
47 51 56.824
47 52 44.777
47 53 35.847
47 54 66.272
47 55 44.654
47 56 62.362
47 57 21.095
47 58 40.719
47 59 12.806
47 60 14.422
47 61 63.008
47 62 24.597
47 63 40.361
47 64 54.12
47 65 72.471
47 66 54.083
47 67 49.82
47 68 4.472
47 69 56.294
47 70 52.393
47 71 42.45
47 72 56.939
47 73 50.99
47 74 28.636
47 75 39.825
47 76 42.012
47 77 29.411
47 78 61.62
47 79 36.125
47 80 43.0
47 81 15.652
47 82 60.133
47 83 16.763
47 84 38.275
47 85 63.325
47 86 71.12
47 87 41.437
47 88 34.67
47 89 31.401
47 90 20.616
47 91 17.088
47 92 24.021
47 93 17.889
47 94 67.941
47 95 37.855
47 96 63.127
47 97 71.449
47 98 22.472
47 99 37.014
47 100 70.767
48 28 89 13
48 49 50.774
48 50 10.63
48 51 24.739
48 52 76.837
48 53 39.319
48 54 92.698
48 55 77.233
48 56 81.498
48 57 53.759
48 58 39.56
48 59 35.735
48 60 35.171
48 61 72.835
48 62 37.014
48 63 53.759
48 64 44.407
48 65 79.555
48 66 80.411
48 67 83.241
48 68 32.757
48 69 84.971
48 70 73.348
48 71 57.559
48 72 24.352
48 73 26.401
48 74 49.041
48 75 72.945
48 76 71.47
48 77 30.067
48 78 68.659
48 79 3.162
48 80 27.019
48 81 39.825
48 82 86.377
48 83 48.27
48 84 62.514
48 85 82.492
48 86 84.291
48 87 72.111
48 88 50.488
48 89 64.815
48 90 18.111
48 91 20.616
48 92 54.626
48 93 18.682
48 94 101.119
48 95 17.029
48 96 70.612
48 97 74.673
48 98 55.803
48 99 63.977
48 100 76.243
49 1 46 20
49 50 54.781
49 51 49.092
49 52 76.903
49 53 22.361
49 54 73.6
49 55 79.429
49 56 52.345
49 57 64.125
49 58 16.763
49 59 68.884
49 60 69.836
49 61 33.121
49 62 77.666
49 63 95.415
49 64 7.071
49 65 34.713
49 66 64.498
49 67 92.439
49 68 60.836
49 69 72.897
49 70 50.22
49 71 98.27
49 72 51.157
49 73 32.14
49 74 41.195
49 75 88.051
49 76 97.293
49 77 28.178
49 78 26.833
49 79 52.839
49 80 24.166
49 81 46.69
49 82 68.505
49 83 58.31
49 84 95.635
49 85 53.075
49 86 45.618
49 87 69.123
49 88 34.713
49 89 78.058
49 90 60.877
49 91 60.44
49 92 79.812
49 93 58.898
49 94 102.883
49 95 34.0
49 96 28.636
49 97 27.019
49 98 72.691
49 99 56.045
49 100 30.414
50 21 97 7
50 51 17.117
50 52 87.459
50 53 47.043
50 54 102.694
50 55 87.864
50 56 90.427
50 57 64.382
50 58 46.174
50 59 45.188
50 60 44.385
50 61 80.1
50 62 44.553
50 63 60.008
50 64 47.927
50 65 85.988
50 66 90.471
50 67 93.723
50 68 43.012
50 69 95.294
50 70 82.71
50 71 64.0
50 72 16.0
50 73 25.495
50 74 58.873
50 75 83.235
50 76 80.777
50 77 38.328
50 78 75.425
50 79 7.81
50 80 30.676
50 81 50.249
50 82 96.385
50 83 58.898
50 84 70.831
50 85 91.411
50 86 92.0
50 87 82.662
50 88 59.666
50 89 75.286
50 90 26.926
50 91 29.967
50 92 64.413
50 93 28.178
50 94 111.723
50 95 21.378
50 96 77.414
50 97 80.281
50 98 66.219
50 99 74.243
50 100 82.377
51 4 95 18
51 52 97.673
51 53 48.847
51 54 108.559
51 55 98.595
51 56 93.048
51 57 75.802
51 58 45.88
51 59 60.44
51 60 59.908
51 61 79.076
51 62 61.205
51 63 77.058
51 64 42.048
51 65 83.096
51 66 96.799
51 67 106.231
51 68 56.859
51 69 102.801
51 70 86.764
51 71 81.025
51 72 2.236
51 73 17.0
51 74 65.215
51 75 96.649
51 76 96.167
51 77 42.19
51 78 73.553
51 79 23.195
51 80 27.893
51 81 59.414
51 82 102.396
51 83 69.814
51 84 87.132
51 85 93.984
51 86 91.591
51 87 91.935
51 88 64.008
51 89 87.983
51 90 42.755
51 91 45.354
51 92 79.12
51 93 43.417
51 94 123.065
51 95 23.022
51 96 75.538
51 97 76.026
51 98 79.259
51 99 81.835
51 100 79.025
52 76 29 4
52 53 57.009
52 54 31.385
52 55 3.606
52 56 44.294
52 57 23.707
52 58 62.968
52 59 50.961
52 60 52.887
52 61 60.208
52 62 61.984
52 63 69.181
52 64 77.795
52 65 70.093
52 66 24.207
52 67 18.788
52 68 47.424
52 69 18.868
52 70 36.056
52 71 68.593
52 72 98.311
52 73 87.092
52 74 36.401
52 75 23.854
52 76 42.942
52 77 58.31
52 78 63.388
52 79 79.812
52 80 75.802
52 81 38.288
52 82 27.659
52 83 28.601
52 84 53.852
52 85 44.777
52 86 60.008
52 87 8.0
52 88 42.202
52 89 20.224
52 90 65.299
52 91 61.717
52 92 38.053
52 93 62.65
52 94 26.401
52 95 75.432
52 96 63.64
52 97 74.673
52 98 27.166
52 99 21.095
52 100 71.197
53 23 50 17
53 54 60.605
53 55 59.135
53 56 44.272
53 57 42.0
53 58 6.083
53 59 48.01
53 60 49.204
53 61 33.541
53 62 58.0
53 63 75.286
53 64 21.213
53 65 40.853
53 66 49.518
53 67 71.197
53 68 39.661
53 69 56.727
53 70 38.079
53 71 77.801
53 72 50.329
53 73 33.838
53 74 20.616
53 75 66.008
53 76 74.953
53 77 9.487
53 78 29.732
53 79 42.19
53 80 21.633
53 81 24.331
53 82 54.672
53 83 36.056
53 84 73.824
53 85 45.222
53 86 45.044
53 87 49.659
53 88 16.279
53 89 56.009
53 90 43.566
53 91 42.202
53 92 57.567
53 93 41.049
53 94 83.385
53 95 26.683
53 96 31.623
53 97 37.443
53 98 50.359
53 99 37.216
53 100 38.013
54 60 2 8
54 55 34.67
54 56 23.77
54 57 48.26
54 58 65.192
54 59 76.026
54 60 78.026
54 61 45.541
54 62 88.142
54 63 98.27
54 64 77.233
54 65 52.953
54 66 12.369
54 67 48.104
54 68 70.114
54 69 12.53
54 70 23.431
54 71 98.234
54 72 109.772
54 73 94.403
54 74 43.863
54 75 55.227
54 76 74.303
54 77 66.37
54 78 51.078
54 79 95.859
54 80 82.201
54 81 53.6
54 82 6.325
54 83 50.01
54 84 84.504
54 85 23.537
54 86 39.115
54 87 28.16
54 88 44.654
54 89 50.695
54 90 86.145
54 91 82.873
54 92 67.446
54 93 83.187
54 94 43.081
54 95 85.586
54 96 50.329
54 97 60.44
54 98 55.543
54 99 29.428
54 100 55.785
55 79 31 2
55 56 47.885
55 57 23.601
55 58 65.146
55 59 49.98
55 60 51.865
55 61 63.561
55 62 60.638
55 63 67.03
55 64 80.081
55 65 73.498
55 66 27.803
55 67 15.232
55 68 47.011
55 69 22.204
55 70 39.56
55 71 66.272
55 72 99.156
55 73 88.51
55 74 38.601
55 75 20.591
55 76 39.812
55 77 59.942
55 78 66.611
55 79 80.156
55 80 77.414
55 81 39.408
55 82 31.145
55 83 29.0
55 84 51.196
55 85 48.374
55 86 63.561
55 87 11.18
55 88 44.721
55 89 18.0
55 90 65.0
55 91 61.4
55 92 36.014
55 93 62.434
55 94 24.698
55 95 76.609
55 96 66.91
55 97 77.929
55 98 25.71
55 99 24.0
55 100 74.525
56 37 8 20
56 57 50.478
56 58 47.424
56 59 74.33
56 60 76.217
56 61 21.932
56 62 86.649
56 63 100.18
56 64 57.009
56 65 29.275
56 66 20.881
56 67 63.063
56 68 66.761
56 69 29.428
56 70 10.296
56 71 101.119
56 72 94.578
56 73 77.389
56 74 34.366
56 75 66.219
56 76 83.439
56 77 52.173
56 78 27.785
56 79 84.593
56 80 65.391
56 81 47.074
56 82 21.0
56 83 49.193
56 84 90.211
56 85 1.0
56 86 16.279
56 87 37.443
56 88 31.064
56 89 58.694
56 90 79.511
56 91 76.792
56 92 71.847
56 93 76.531
56 94 63.789
56 95 70.88
56 96 26.833
56 97 36.688
56 98 60.0
56 99 29.206
56 100 32.016
57 65 50 4
57 58 48.01
57 59 28.16
57 60 30.15
57 61 58.249
57 62 40.0
57 63 50.596
57 64 63.071
57 65 68.505
57 66 36.878
57 67 30.871
57 68 23.77
57 69 37.014
57 70 40.224
57 71 51.078
57 72 76.217
57 73 67.119
57 74 24.352
57 75 24.021
57 76 35.355
57 77 40.025
57 78 59.059
57 79 56.639
57 80 56.921
57 81 18.439
57 82 42.579
57 83 6.325
57 84 39.825
57 85 51.313
57 86 62.936
57 87 21.213
57 88 31.953
57 89 14.036
57 90 41.593
57 91 38.013
57 92 21.401
57 93 38.949
57 94 47.424
57 95 54.589
57 96 60.033
57 97 70.214
57 98 10.0
57 99 21.471
57 100 68.096
58 17 51 2
58 59 52.479
58 60 53.535
58 61 34.0
58 62 61.847
58 63 79.404
58 64 15.133
58 65 40.025
58 66 54.489
58 67 77.279
58 68 44.294
58 69 62.008
58 70 42.202
58 71 82.098
58 72 47.539
58 73 29.967
58 74 26.571
58 75 72.028
58 76 80.604
58 77 12.042
58 78 29.275
58 79 42.202
58 80 18.028
58 81 30.15
58 82 59.414
58 83 42.012
58 84 78.924
58 85 48.332
58 86 46.174
58 87 55.543
58 88 21.633
58 89 62.032
58 90 46.228
58 91 45.277
58 92 63.063
58 93 43.932
58 94 89.32
58 95 25.0
58 96 31.257
58 97 35.341
58 98 56.223
58 99 42.942
58 100 36.688
59 62 78 3
59 60 2.0
59 61 75.802
59 62 12.369
59 63 27.586
59 64 65.0
59 65 85.276
59 66 64.195
59 67 51.4
59 68 8.485
59 69 65.123
59 70 64.195
59 71 29.833
59 72 60.083
59 73 58.0
59 74 41.183
59 75 39.623
59 76 35.735
59 77 40.706
59 78 74.411
59 79 37.696
59 80 51.971
59 81 28.302
59 82 70.114
59 83 26.173
59 84 28.16
59 85 75.273
59 86 83.726
59 87 49.366
59 88 47.434
59 89 33.615
59 90 18.358
59 91 15.232
59 92 19.416
59 93 17.088
59 94 71.021
59 95 45.044
59 96 75.928
59 97 84.149
59 98 24.597
59 99 47.518
59 100 83.546
60 62 80 20
60 61 77.421
60 62 10.44
60 63 26.173
60 64 65.795
60 65 86.833
60 66 66.189
60 67 53.009
60 68 10.0
60 69 67.119
60 70 66.098
60 71 28.601
60 72 59.481
60 73 58.034
60 74 42.942
60 75 41.11
60 76 36.401
60 77 41.677
60 78 75.928
60 79 37.0
60 80 52.393
60 81 30.017
60 82 72.111
60 83 28.16
60 84 28.018
60 85 77.162
60 86 85.475
60 87 51.352
60 88 49.092
60 89 35.355
60 90 17.464
60 91 14.56
60 92 20.616
60 93 16.492
60 94 72.719
60 95 45.177
60 96 77.466
60 97 85.563
60 98 26.401
60 99 49.497
60 100 85.041
61 17 17 8
61 62 87.367
61 63 103.233
61 64 39.0
61 65 10.296
61 66 40.112
61 67 78.588
61 68 67.424
61 69 49.163
61 70 25.0
61 71 104.995
61 72 80.895
61 73 62.37
61 74 35.355
61 75 78.791
61 76 93.493
61 77 42.953
61 78 6.403
61 79 75.664
61 80 51.352
61 81 47.634
61 82 41.976
61 83 54.672
61 84 97.082
61 85 22.361
61 86 12.649
61 87 52.393
61 88 28.425
61 89 69.771
61 90 75.769
61 91 73.824
61 92 78.873
61 93 73.007
61 94 83.006
61 95 59.0
61 96 5.0
61 97 15.133
61 98 68.242
61 99 40.497
61 100 11.045
62 65 90 4
62 63 17.889
62 64 73.062
62 65 96.607
62 66 76.42
62 67 59.942
62 68 20.125
62 69 77.006
62 70 76.538
62 71 21.19
62 72 60.407
62 73 62.169
62 74 53.226
62 75 47.508
62 76 38.601
62 77 49.82
62 78 85.604
62 79 38.053
62 80 58.31
62 81 40.249
62 82 82.298
62 83 38.471
62 84 26.571
62 85 87.596
62 86 95.713
62 87 61.074
62 88 59.169
62 89 43.324
62 90 19.235
62 91 18.028
62 92 26.42
62 93 19.925
62 94 80.056
62 95 50.0
62 96 87.201
62 97 94.921
62 98 34.928
62 99 59.841
62 100 94.641
63 81 98 9
63 64 90.918
63 65 112.805
63 66 87.361
63 67 62.169
63 68 36.069
63 69 86.313
63 70 89.9
63 71 4.123
63 72 76.007
63 73 79.555
63 74 68.242
63 75 49.649
63 76 34.438
63 77 67.424
63 78 101.98
63 79 54.332
63 80 76.158
63 81 55.606
63 82 92.892
63 83 50.99
63 84 19.235
63 85 101.079
63 86 110.675
63 87 70.214
63 88 74.813
63 89 49.041
63 90 36.688
63 91 35.847
63 92 31.145
63 93 37.696
63 94 82.225
63 95 67.676
63 96 103.479
63 97 111.723
63 98 42.755
63 99 71.868
63 100 111.126
64 2 53 15
64 65 41.437
64 66 67.424
64 67 92.396
64 68 57.245
64 69 75.472
64 70 53.814
64 71 93.941
64 72 44.102
64 73 25.08
64 74 41.485
64 75 87.092
64 76 95.037
64 77 24.739
64 78 32.894
64 79 46.325
64 80 17.493
64 81 45.011
64 82 71.84
64 83 57.009
64 84 92.347
64 85 57.801
64 86 51.624
64 87 70.228
64 88 35.847
64 89 77.104
64 90 55.606
64 91 55.471
64 92 77.279
64 93 53.824
64 94 104.062
64 95 27.459
64 96 34.785
64 97 34.0
64 98 71.063
64 99 57.385
64 100 37.216
65 8 12 18
65 66 49.041
65 67 88.6
65 68 76.837
65 69 58.009
65 70 34.366
65 71 114.691
65 72 85.053
65 73 66.121
65 74 45.343
65 75 89.051
65 76 103.774
65 77 50.329
65 78 11.18
65 79 82.225
65 80 56.08
65 81 57.315
65 82 50.16
65 83 64.815
65 84 107.168
65 85 29.428
65 86 14.765
65 87 62.362
65 88 38.184
65 89 80.062
65 90 84.077
65 91 82.365
65 92 89.022
65 93 81.413
65 94 92.195
65 95 64.63
65 96 9.434
65 97 9.22
65 98 78.492
65 99 50.695
65 100 4.472
66 57 14 16
66 67 42.72
66 68 58.009
66 69 9.055
66 70 15.297
66 71 87.596
66 72 97.944
66 73 83.096
66 74 31.765
66 75 47.424
66 76 65.803
66 77 54.644
66 78 44.721
66 79 83.57
66 80 70.937
66 81 41.231
66 82 6.083
66 83 38.053
66 84 74.686
66 85 21.19
66 86 37.108
66 87 18.601
66 88 33.302
66 89 41.34
66 90 73.824
66 91 70.576
66 92 57.009
66 93 70.859
66 94 43.186
66 95 73.783
66 96 44.407
66 97 55.227
66 98 44.944
66 99 17.117
66 100 51.039
67 93 37 18
67 68 50.931
67 69 36.125
67 70 54.781
67 71 60.531
67 72 106.508
67 73 97.99
67 74 51.245
67 75 12.649
67 76 30.15
67 77 70.52
67 78 81.394
67 79 85.913
67 80 87.664
67 81 49.041
67 82 45.453
67 83 37.162
67 84 44.102
67 85 63.53
67 86 78.791
67 87 26.249
67 88 58.034
67 89 18.439
67 90 68.622
67 91 65.069
67 92 33.541
67 93 66.468
67 94 20.248
67 95 85.422
67 96 81.786
67 97 92.763
67 98 27.586
67 99 38.471
67 100 89.499
68 56 72 17
68 69 59.841
68 70 56.754
68 71 38.288
68 72 56.798
68 73 52.345
68 74 33.106
68 75 40.224
68 76 40.311
68 77 32.696
68 78 65.947
68 79 35.228
68 80 45.177
68 81 20.125
68 82 64.031
68 83 20.224
68 84 35.171
68 85 67.72
68 86 75.591
68 87 44.643
68 88 39.115
68 89 32.527
68 90 18.028
68 91 14.422
68 92 22.561
68 93 15.62
68 94 69.656
68 95 39.205
68 96 67.476
68 97 75.664
68 98 23.345
68 99 41.012
68 100 75.073
69 66 13 19
69 70 24.331
69 71 86.122
69 72 103.812
69 73 89.828
69 74 37.643
69 75 42.72
69 76 61.774
69 77 60.959
69 78 53.759
69 79 88.102
69 80 77.782
69 81 45.188
69 82 9.434
69 83 39.623
69 84 72.111
69 85 29.614
69 86 45.706
69 87 16.125
69 88 40.46
69 89 38.275
69 90 76.655
69 91 73.246
69 92 55.317
69 93 73.763
69 94 34.366
69 95 79.812
69 96 53.46
69 97 64.281
69 98 43.566
69 99 21.095
69 100 60.075
70 42 17 16
70 71 90.824
70 72 88.142
70 73 71.868
70 74 25.0
70 75 56.859
70 76 73.593
70 77 44.944
70 78 29.428
70 79 76.485
70 80 59.682
70 81 37.336
70 82 18.358
70 83 38.91
70 84 80.0
70 85 11.18
70 86 24.187
70 87 28.636
70 88 23.087
70 89 48.918
70 90 70.114
70 91 67.268
70 92 61.612
70 93 67.119
70 94 58.009
70 95 64.078
70 96 29.155
70 97 40.05
70 98 49.82
70 99 19.105
70 100 36.014
71 85 97 18
71 72 80.0
71 73 83.199
71 74 69.814
71 75 48.166
71 76 31.953
71 77 70.178
71 78 103.966
71 79 58.215
71 80 79.48
71 81 57.385
71 82 93.005
71 83 51.971
71 84 16.763
71 85 102.0
71 86 112.071
71 87 70.093
71 88 76.577
71 89 48.374
71 90 40.262
71 91 39.217
71 92 30.806
71 93 41.11
71 94 80.411
71 95 71.169
71 96 105.418
71 97 113.899
71 98 42.72
71 99 72.498
71 100 113.146
72 5 97 6
72 73 19.026
72 74 66.287
72 75 96.747
72 76 95.818
72 77 43.417
72 78 75.425
72 79 22.561
72 80 29.614
72 81 60.108
72 82 103.586
72 83 70.292
72 84 86.493
72 85 95.52
72 86 93.381
72 87 92.698
72 88 65.299
72 89 88.204
72 90 42.202
72 91 44.922
72 92 78.924
72 93 43.012
72 94 123.556
72 95 24.187
72 96 77.414
72 97 78.058
72 98 79.404
72 99 82.801
72 100 81.006
73 4 78 12
73 74 52.345
73 75 89.811
73 76 92.655
73 77 29.069
73 78 56.719
73 79 26.926
73 80 12.207
73 81 49.244
73 82 88.408
73 83 60.836
73 84 86.052
73 85 78.294
73 86 74.953
73 87 80.604
73 88 49.82
73 89 80.411
73 90 42.953
73 91 44.407
73 92 74.813
73 93 42.426
73 94 113.208
73 95 13.153
73 96 58.694
73 97 59.034
73 98 72.422
73 99 69.354
73 100 62.032
74 42 42 7
74 75 47.518
74 76 59.506
74 77 23.345
74 78 35.228
74 79 52.202
74 80 40.46
74 81 13.0
74 82 37.577
74 83 19.723
74 84 61.847
74 85 35.355
74 86 42.544
74 87 29.069
74 88 7.616
74 89 37.656
74 90 45.177
74 91 42.426
74 92 43.829
74 93 42.19
74 94 62.769
74 95 42.202
74 96 36.401
74 97 46.141
74 98 34.015
74 99 17.029
74 100 44.407
75 89 49 2
75 76 19.313
75 77 63.789
75 78 80.654
75 79 75.452
75 80 80.281
75 81 42.297
75 82 51.4
75 83 30.15
75 84 32.016
75 85 66.843
75 86 80.994
75 87 29.0
75 88 54.918
75 89 10.0
75 90 57.385
75 91 53.907
75 92 21.095
75 93 55.444
75 94 32.894
75 95 76.896
75 96 81.345
75 97 92.027
75 98 17.464
75 99 38.471
75 100 89.32
76 96 67 5
76 77 70.456
76 78 94.414
76 79 73.389
76 80 85.006
76 81 50.695
76 82 70.178
76 83 39.925
76 84 15.232
76 85 84.149
76 86 97.309
76 87 47.202
76 88 67.119
76 89 24.759
76 90 53.852
76 91 50.922
76 92 18.0
76 93 52.811
76 94 49.163
76 95 79.511
76 96 95.383
76 97 105.546
76 98 25.495
76 99 54.562
76 100 103.446
77 26 59 15
77 78 39.217
77 79 33.015
77 80 17.493
77 81 21.587
77 82 60.208
77 83 33.734
77 84 67.676
77 85 53.151
77 86 54.231
77 87 51.614
77 88 21.932
77 89 53.935
77 90 34.409
77 91 33.302
77 92 52.612
77 93 32.016
77 94 84.599
77 95 19.235
77 96 41.11
77 97 46.648
77 98 47.096
77 99 40.311
77 100 47.424
78 13 22 17
78 79 71.386
78 80 46.043
78 81 46.69
78 82 47.127
78 83 54.918
78 84 97.005
78 85 28.302
78 86 18.788
78 87 55.444
78 88 27.803
78 89 71.309
78 90 72.897
78 91 71.197
78 92 79.057
78 93 70.235
78 94 87.092
78 95 54.148
78 96 2.0
78 97 11.402
78 98 68.964
78 99 42.953
78 100 9.22
79 27 92 5
79 80 28.844
79 81 42.942
79 82 89.538
79 83 51.225
79 84 63.953
79 85 85.586
79 86 87.207
79 87 75.166
79 88 53.6
79 89 67.476
79 90 19.647
79 91 22.472
79 92 56.798
79 93 20.616
79 94 103.947
79 95 18.868
79 96 73.348
79 97 77.162
79 98 58.412
79 99 67.119
79 100 78.848
80 11 68 5
80 81 38.626
80 82 76.217
80 83 50.596
80 84 80.062
80 85 66.31
80 86 63.789
80 87 69.065
80 88 37.643
80 89 70.605
80 90 39.825
80 91 40.311
80 92 67.007
80 93 38.484
80 94 102.083
80 95 10.0
80 96 48.042
80 97 49.82
80 98 63.151
80 99 57.489
80 100 52.24
81 47 54 13
81 82 47.297
81 83 12.166
81 84 50.774
81 85 48.052
81 86 55.471
81 87 32.65
81 88 19.209
81 89 32.388
81 90 33.015
81 91 30.017
81 92 33.615
81 93 30.017
81 94 64.07
81 95 37.202
81 96 48.083
81 97 57.009
81 98 26.077
81 99 24.352
81 100 55.902
82 58 8 12
82 83 44.011
82 84 79.706
82 85 21.024
82 86 37.121
82 87 23.259
82 88 38.601
82 89 46.065
82 90 79.906
82 91 76.655
82 92 62.298
82 93 76.942
82 94 43.174
82 95 79.404
82 96 46.573
82 97 57.07
82 98 50.289
82 99 23.195
82 100 52.612
83 59 52 20
83 84 42.45
83 85 50.09
83 86 60.44
83 87 24.698
83 88 27.295
83 89 20.224
83 90 37.336
83 91 33.838
83 92 24.207
83 93 34.54
83 94 53.263
83 95 48.374
83 96 56.036
83 97 65.863
83 98 14.56
83 99 21.378
83 100 64.07
84 90 81 11
84 85 91.022
84 86 102.65
84 87 56.462
84 88 69.203
84 89 33.838
84 90 44.407
84 91 42.107
84 92 18.439
84 93 44.102
84 94 63.789
84 95 73.171
84 96 98.234
84 97 107.648
84 98 30.232
84 99 61.033
84 100 106.212
85 37 7 12
85 86 16.125
85 87 38.013
85 88 32.062
85 89 59.397
85 90 80.505
85 91 77.782
85 92 72.67
85 93 77.524
85 94 63.953
85 95 71.84
85 96 27.295
85 97 37.0
85 98 60.803
85 99 30.0
85 100 32.28
86 21 5 19
86 87 52.773
86 88 36.77
86 89 72.801
86 90 85.726
86 91 83.487
86 92 84.22
86 93 82.861
86 94 80.062
86 95 71.113
86 96 17.0
86 97 23.601
86 98 72.835
86 99 42.802
86 100 18.601
87 68 29 20
87 88 34.482
87 89 22.825
87 90 62.032
87 91 58.523
87 92 39.294
87 93 59.237
87 94 33.838
87 95 69.354
87 96 55.731
87 97 66.753
87 98 27.459
87 99 13.153
87 100 63.348
88 35 39 2
88 89 45.122
88 90 49.244
88 91 46.84
88 92 51.313
88 93 46.325
88 94 68.308
88 95 41.146
88 96 29.069
88 97 38.588
88 98 41.629
88 99 21.541
88 100 37.014
89 79 49 15
89 90 50.329
89 91 46.755
89 92 18.028
89 93 48.104
89 94 37.443
89 95 67.624
89 96 72.09
89 97 82.638
89 98 9.22
89 99 30.0
89 100 80.112
90 46 87 5
90 91 3.606
90 92 37.736
90 93 3.0
90 94 87.618
90 95 31.016
90 96 74.686
90 97 80.994
90 98 41.11
90 99 56.719
90 100 81.492
91 48 84 1
91 92 34.482
91 93 2.0
91 94 84.024
91 95 32.016
91 96 72.945
91 97 79.63
91 98 37.537
91 99 53.46
91 100 79.925
92 78 67 8
92 93 36.235
92 94 53.712
92 95 61.66
92 96 80.212
92 97 89.889
92 98 12.083
92 99 42.72
92 100 88.233
93 46 84 6
93 94 85.276
93 95 30.083
93 96 72.007
93 97 78.492
93 98 38.897
93 99 53.759
93 100 78.892
94 100 18 17
94 95 101.257
94 96 87.023
94 97 98.005
94 98 46.615
94 99 46.84
94 100 94.021
95 17 76 12
95 96 56.143
95 97 58.941
95 98 59.464
95 99 58.898
95 100 61.0
96 13 20 18
96 97 11.045
96 98 69.971
96 99 43.417
96 100 8.062
97 2 19 3
97 98 80.062
97 99 54.342
97 100 5.0
98 73 56 12
98 99 30.806
98 100 78.032
99 55 31 2
99 100 51.245
100 6 16 16
