30 3 10
1 1 46 4
1 2 34.438
1 3 43.417
1 4 86.035
1 5 94.34
1 6 61.294
1 7 88.837
1 8 55.543
1 9 30.594
1 10 31.828
1 11 39.115
1 12 27.0
1 13 87.023
1 14 95.713
1 15 55.036
1 16 36.401
1 17 49.092
1 18 37.121
1 19 73.498
1 20 87.596
1 21 39.925
1 22 107.838
1 23 75.611
1 24 81.609
1 25 84.694
1 26 55.471
1 27 83.006
1 28 33.838
1 29 77.058
1 30 97.99
2 16 15 16
2 3 56.859
2 4 89.196
2 5 82.28
2 6 59.034
2 7 98.234
2 8 85.024
2 9 9.055
2 10 10.63
2 11 36.878
2 12 59.908
2 13 77.621
2 14 71.197
2 15 64.351
2 16 54.818
2 17 72.993
2 18 51.264
2 19 57.271
2 20 68.066
2 21 6.0
2 22 84.172
2 23 56.223
2 24 63.388
2 25 89.805
2 26 78.645
2 27 57.271
2 28 4.123
2 29 70.711
2 30 74.673
3 39 67 6
3 4 43.738
3 5 63.063
3 6 27.459
3 7 45.486
3 8 41.4
3 9 60.208
3 10 46.819
3 11 24.021
3 12 38.471
3 13 54.129
3 14 80.212
3 15 12.166
3 16 9.055
3 17 22.825
3 18 6.403
3 19 51.856
3 20 66.528
3 21 62.394
3 22 89.196
3 23 57.428
3 24 60.208
3 25 41.761
3 26 25.962
3 27 72.007
3 28 59.481
3 29 42.953
3 30 80.281
4 82 75 16
4 5 39.217
4 6 30.48
4 7 17.72
4 8 72.45
4 9 95.425
4 10 78.645
4 11 52.802
4 12 81.025
4 13 31.575
4 14 73.11
4 15 31.575
4 16 52.469
4 17 55.317
4 18 49.477
4 19 49.031
4 20 57.035
4 21 93.338
4 22 75.928
4 23 55.902
4 24 53.085
4 25 5.0
4 26 52.811
4 27 72.691
4 28 92.849
4 29 26.306
4 30 70.456
5 95 38 12
5 6 35.847
5 7 56.921
5 8 102.005
5 9 90.708
5 10 73.546
5 11 55.227
5 12 100.305
5 13 9.22
5 14 37.108
5 15 53.824
5 16 71.589
5 17 83.006
5 18 65.924
5 19 25.495
5 20 22.825
5 21 84.155
5 22 37.216
5 23 29.206
5 24 22.627
5 25 44.011
5 26 82.976
5 27 41.881
5 28 86.4
5 29 20.248
5 30 33.377
6 62 52 19
6 7 42.72
6 8 67.882
6 9 65.734
6 10 48.6
6 11 23.77
6 12 64.514
6 13 27.203
6 14 55.462
6 15 20.248
6 16 35.777
6 17 48.795
6 18 30.083
6 19 26.926
6 20 40.497
6 21 62.968
6 22 63.008
6 23 33.526
6 24 34.482
6 25 31.906
6 26 50.0
6 27 50.01
6 28 62.801
6 29 16.279
6 30 54.708
7 77 92 6
7 8 63.506
7 9 103.325
7 10 87.618
7 11 61.4
7 12 78.339
7 13 49.244
7 14 90.449
7 15 34.713
7 16 52.773
7 17 49.254
7 18 51.865
7 19 65.192
7 20 74.33
7 21 103.005
7 22 93.622
7 23 72.173
7 24 70.029
7 25 13.153
7 26 45.0
7 27 89.14
7 28 101.533
7 29 43.012
7 30 87.966
8 14 100 9
8 9 84.291
8 10 77.524
8 11 62.65
8 12 29.967
8 13 92.801
8 14 121.606
8 15 48.27
8 16 35.777
8 17 19.105
8 18 42.059
8 19 93.236
8 20 107.815
8 21 91.022
8 22 130.484
8 23 98.813
8 24 101.533
8 25 68.308
8 26 19.698
8 27 113.018
8 28 86.023
8 29 81.835
8 30 121.659
9 7 16 4
9 10 17.464
9 11 42.638
9 12 57.315
9 13 85.703
9 14 80.231
9 15 68.884
9 16 56.859
9 17 74.041
9 18 54.203
9 19 65.924
9 20 77.026
9 21 11.402
9 22 93.215
9 23 65.123
9 24 72.25
9 25 95.671
9 26 80.006
9 27 66.287
9 28 5.385
9 29 78.294
9 30 83.726
10 23 23 12
10 11 26.249
10 12 54.626
10 13 68.308
10 14 66.408
10 15 53.852
10 16 45.541
10 17 64.195
10 18 41.485
10 19 49.163
10 20 61.205
10 21 15.652
10 22 79.12
10 23 49.092
10 24 56.009
10 25 79.196
10 26 69.584
10 27 52.924
10 28 14.213
10 29 60.836
10 30 69.376
11 40 43 1
11 12 49.204
11 13 48.01
11 14 61.62
11 15 28.231
11 16 26.926
11 17 45.607
11 18 20.881
11 19 35.777
11 20 50.606
11 21 41.617
11 22 72.422
11 23 39.408
11 24 44.294
11 25 53.075
11 26 49.649
11 27 51.225
11 28 40.311
11 29 38.471
11 30 62.801
12 1 73 9
12 13 91.706
12 14 110.752
12 15 50.16
12 16 29.428
12 17 30.414
12 18 34.482
12 19 84.599
12 20 99.569
12 21 65.734
12 22 121.606
12 23 88.6
12 24 93.193
12 25 78.23
12 26 36.359
12 27 99.705
12 28 60.017
12 29 80.654
12 30 112.004
13 88 44 4
13 14 42.048
13 15 44.654
13 16 62.769
13 17 73.817
13 18 57.245
13 19 23.345
13 20 26.306
13 21 80.056
13 22 44.385
13 23 28.844
13 24 23.77
13 25 36.139
13 26 73.756
13 27 44.011
13 28 81.707
13 29 11.18
13 30 39.051
14 86 2 11
14 15 75.591
14 16 86.556
14 17 102.903
14 18 80.156
14 19 28.653
14 20 16.125
14 21 70.349
14 22 13.038
14 23 22.804
14 24 21.19
14 25 77.318
14 26 104.957
14 27 14.036
14 28 74.967
14 29 47.676
14 30 5.0
15 51 69 12
15 16 21.024
15 17 29.206
15 18 18.028
15 19 46.957
15 20 60.745
15 21 69.462
15 22 83.235
15 23 53.31
15 24 54.708
15 25 29.732
15 26 29.833
15 27 69.26
15 28 67.424
15 29 33.601
15 30 74.947
16 30 68 14
16 17 19.105
16 18 6.403
16 19 58.694
16 20 73.593
16 21 60.638
16 22 96.177
16 23 63.781
16 24 67.209
16 25 50.22
16 26 24.083
16 27 77.389
16 28 56.921
16 29 51.624
16 30 87.0
17 28 87 2
17 18 24.739
17 19 74.404
17 20 88.865
17 21 78.918
17 22 111.521
17 23 80.156
17 24 82.62
17 25 51.624
17 26 6.403
17 27 94.826
17 28 74.733
17 29 62.801
17 30 102.801
18 34 63 7
18 19 52.345
18 20 67.268
18 21 56.921
18 22 89.828
18 23 57.385
18 24 60.877
18 25 47.76
18 26 29.069
18 27 71.021
18 28 53.712
18 29 46.174
18 30 80.623
19 72 27 3
19 20 15.0
19 21 58.822
19 22 37.483
19 23 7.0
19 24 8.602
19 25 52.469
19 26 76.322
19 27 24.0
19 28 61.392
19 29 22.804
19 30 28.425
20 84 18 5
20 21 68.593
20 22 22.672
20 23 12.166
20 24 6.403
20 25 61.205
20 26 90.443
20 27 19.209
20 28 72.111
20 29 31.575
20 30 14.318
21 16 9 1
21 22 83.385
21 23 57.07
21 24 64.327
21 25 94.175
21 26 84.528
21 27 56.321
21 28 6.403
21 29 73.783
21 30 74.108
22 99 1 15
22 23 33.015
22 24 29.0
22 25 80.523
22 26 113.004
22 27 27.074
22 28 87.966
22 29 52.393
22 30 9.849
23 72 20 11
23 24 7.28
23 25 59.414
23 26 82.365
23 27 17.0
23 28 60.299
23 29 29.614
23 30 23.431
24 79 22 18
24 25 57.0
24 26 84.315
24 27 20.248
24 28 67.476
24 29 27.019
24 30 20.248
25 79 79 12
25 26 48.765
25 27 76.322
25 28 93.349
25 29 30.017
25 30 74.813
26 32 92 15
26 27 97.576
26 28 80.523
26 29 62.968
26 30 104.561
27 72 3 5
27 28 61.0
27 29 46.39
27 30 18.111
28 12 14 20
28 29 74.706
28 30 78.518
29 78 49 10
29 30 45.607
30 90 5 11
