70 4 10
1 90 32 5
1 2 22.472
1 3 28.0
1 4 94.763
1 5 39.357
1 6 21.471
1 7 51.624
1 8 57.775
1 9 5.657
1 10 36.797
1 11 56.321
1 12 21.471
1 13 5.0
1 14 89.185
1 15 31.953
1 16 61.717
1 17 27.295
1 18 17.464
1 19 54.083
1 20 70.682
1 21 24.021
1 22 83.934
1 23 41.0
1 24 41.049
1 25 46.0
1 26 55.543
1 27 80.025
1 28 61.0
1 29 67.357
1 30 48.27
1 31 92.027
1 32 83.934
1 33 51.039
1 34 16.0
1 35 26.077
1 36 66.287
1 37 29.53
1 38 4.472
1 39 37.054
1 40 30.806
1 41 86.683
1 42 48.083
1 43 98.407
1 44 79.177
1 45 52.202
1 46 57.306
1 47 43.932
1 48 88.459
1 49 29.833
1 50 33.838
1 51 97.837
1 52 69.635
1 53 38.275
1 54 104.235
1 55 39.56
1 56 58.241
1 57 23.854
1 58 40.792
1 59 57.079
1 60 28.018
1 61 28.018
1 62 55.471
1 63 30.594
1 64 77.006
1 65 65.97
1 66 50.09
1 67 60.108
1 68 27.459
1 69 84.504
1 70 30.594
2 82 53 19
2 3 10.63
2 4 75.0
2 5 17.205
2 6 32.894
2 7 29.833
2 8 35.341
2 9 17.464
2 10 49.769
2 11 50.289
2 12 32.894
2 13 24.698
2 14 73.055
2 15 9.487
2 16 67.897
2 17 45.277
2 18 39.925
2 19 32.558
2 20 75.743
2 21 45.541
2 22 84.723
2 23 25.495
2 24 26.077
2 25 26.249
2 26 33.106
2 27 75.584
2 28 39.115
2 29 48.765
2 30 28.018
2 31 79.511
2 32 84.723
2 33 29.698
2 34 22.472
2 35 29.206
2 36 44.688
2 37 7.81
2 38 18.028
2 39 18.868
2 40 17.263
2 41 85.866
2 42 38.639
2 43 80.131
2 44 64.031
2 45 55.317
2 46 35.228
2 47 55.902
2 48 87.235
2 49 50.01
2 50 44.721
2 51 78.772
2 52 60.299
2 53 29.12
2 54 85.147
2 55 31.623
2 56 48.26
2 57 36.056
2 58 19.0
2 59 36.346
2 60 49.82
2 61 9.899
2 62 41.304
2 63 34.828
2 64 72.422
2 65 67.119
2 66 37.014
2 67 40.817
2 68 24.839
2 69 63.655
2 70 26.627
3 90 60 13
3 4 77.897
3 5 19.313
3 6 42.485
3 7 31.385
3 8 33.971
3 9 24.331
3 10 59.481
3 11 60.166
3 12 42.485
3 13 28.443
3 14 78.854
3 15 11.18
3 16 78.492
3 17 53.6
3 18 44.553
3 19 34.482
3 20 86.371
3 21 52.01
3 22 95.189
3 23 15.0
3 24 34.366
3 25 18.0
3 26 31.828
3 27 85.44
3 28 33.838
3 29 53.451
3 30 32.28
3 31 87.023
3 32 95.189
3 33 32.202
3 34 32.249
3 35 39.699
3 36 45.804
3 37 14.142
3 38 24.083
3 39 9.22
3 40 26.926
3 41 96.177
3 42 48.083
3 43 84.309
3 44 70.576
3 45 65.947
3 46 35.609
3 47 65.863
3 48 97.494
3 49 57.428
3 50 54.708
3 51 82.292
3 52 69.231
3 53 39.0
3 54 88.549
3 55 41.629
3 56 57.271
3 57 45.618
3 58 14.422
3 59 29.155
3 60 56.009
3 61 1.0
3 62 49.041
3 63 45.343
3 64 82.28
3 65 77.666
3 66 45.398
3 67 45.222
3 68 35.468
3 69 65.46
3 70 37.202
4 22 98 12
4 5 58.83
4 6 90.427
4 7 46.53
4 8 46.84
4 9 89.107
4 10 99.81
4 11 61.188
4 12 90.427
4 13 98.412
4 14 22.847
4 15 67.417
4 16 94.895
4 17 105.475
4 18 111.126
4 19 43.417
4 20 96.083
4 21 112.201
4 22 88.955
4 23 81.271
4 24 54.818
4 25 70.88
4 26 48.384
4 27 69.051
4 28 57.315
4 29 27.803
4 30 47.011
4 31 40.706
4 32 88.955
4 33 45.793
4 34 84.024
4 35 79.925
4 36 32.894
4 37 67.201
4 38 90.554
4 39 75.769
4 40 64.444
4 41 84.723
4 42 56.462
4 43 11.662
4 44 29.069
4 45 82.976
4 46 43.081
4 47 101.242
4 48 84.172
4 49 112.898
4 50 93.941
4 51 6.325
4 52 51.0
4 53 61.911
4 54 11.18
4 55 62.65
4 56 51.42
4 57 92.439
4 58 65.391
4 59 65.62
4 60 116.606
4 61 77.026
4 62 44.283
4 63 81.413
4 64 67.602
4 65 82.098
4 66 49.649
4 67 34.655
4 68 73.498
4 69 14.036
4 70 71.021
5 72 67 14
5 6 45.011
5 7 12.728
5 8 18.682
5 9 34.015
5 10 60.671
5 11 47.802
5 12 45.011
5 13 41.881
5 14 59.841
5 15 8.602
5 16 73.062
5 17 59.211
5 18 56.798
5 19 15.62
5 20 79.63
5 21 61.4
5 22 84.959
5 23 27.459
5 24 20.0
5 25 21.095
5 26 16.492
5 27 72.201
5 28 25.962
5 29 34.205
5 30 13.153
5 31 69.181
5 32 84.959
5 33 13.038
5 34 35.057
5 35 37.855
5 36 27.586
5 37 9.849
5 38 34.886
5 39 20.1
5 40 18.385
5 41 84.812
5 42 35.0
5 43 65.0
5 44 52.038
5 45 59.363
5 46 18.028
5 47 65.734
5 48 85.802
5 49 64.938
5 50 54.918
5 51 63.063
5 52 53.852
5 53 28.425
5 54 69.354
5 55 31.241
5 56 42.485
5 57 48.042
5 58 11.18
5 59 26.627
5 60 65.803
5 61 18.385
5 62 32.28
5 63 42.72
5 64 69.116
5 65 68.68
5 66 29.967
5 67 25.962
5 68 31.321
5 69 46.861
5 70 31.385
6 71 22 20
6 7 54.589
6 8 63.127
6 9 20.518
6 10 17.0
6 11 40.311
6 12 0.0
6 13 26.0
6 14 79.931
6 15 40.792
6 16 40.249
6 17 15.232
6 18 26.683
6 19 56.089
6 20 49.244
6 21 22.804
6 22 63.151
6 23 57.306
6 24 36.249
6 25 59.135
6 26 61.074
6 27 61.522
6 28 70.456
6 29 62.769
6 30 48.508
6 31 78.892
6 32 63.151
6 33 52.953
6 34 10.44
6 35 10.63
6 36 67.446
6 37 36.346
6 38 22.023
6 39 51.478
6 40 28.636
6 41 66.37
6 42 36.125
6 43 91.548
6 44 69.354
6 45 31.401
6 46 60.671
6 47 23.601
6 48 68.264
6 49 22.472
6 50 12.728
6 51 92.201
6 52 55.009
6 53 28.601
6 54 98.407
6 55 28.32
6 56 45.222
6 57 3.162
6 58 51.196
6 59 68.884
6 60 26.907
6 61 42.048
6 62 46.861
6 63 11.705
6 64 58.694
6 65 45.398
6 66 41.231
6 67 57.271
6 68 17.0
6 69 82.765
6 70 19.416
7 63 76 11
7 8 9.849
7 9 46.141
7 10 69.0
7 11 47.802
7 12 54.589
7 13 54.406
7 14 50.01
7 15 21.26
7 16 77.253
7 17 69.426
7 18 68.964
7 19 3.162
7 20 82.735
7 21 72.801
7 22 85.276
7 23 36.222
7 24 22.136
7 25 27.074
7 26 8.602
7 27 70.178
7 28 22.627
7 29 24.0
7 30 8.062
7 31 61.612
7 32 85.276
7 33 2.828
7 34 45.354
7 35 46.011
7 36 14.866
7 37 22.204
7 38 47.17
7 39 29.833
7 40 26.077
7 41 84.172
7 42 35.511
7 43 53.451
7 44 43.566
7 45 63.325
7 46 6.083
7 47 73.246
7 48 84.853
7 49 75.69
7 50 63.008
7 51 51.078
7 52 50.22
7 53 32.28
7 54 57.271
7 55 34.785
7 56 40.311
7 57 57.428
7 58 19.416
7 59 27.295
7 60 77.253
7 61 30.529
7 62 28.425
7 63 50.09
7 64 67.268
7 65 70.491
7 66 28.425
7 67 16.125
7 68 39.0
7 69 34.205
7 70 38.118
8 67 85 1
8 9 52.555
8 10 78.102
8 11 57.428
8 12 63.127
8 13 59.942
8 14 54.589
8 15 25.942
8 16 87.092
8 17 77.647
8 18 75.24
8 19 10.63
8 20 92.574
8 21 80.081
8 22 94.81
8 23 34.54
8 24 31.953
8 25 24.042
8 26 2.236
8 27 79.209
8 28 13.892
8 29 29.411
8 30 17.889
8 31 68.007
8 32 94.81
8 33 12.53
8 34 53.46
8 35 55.082
8 36 14.142
8 37 28.46
8 38 53.31
8 39 29.682
8 40 35.057
8 41 93.509
8 42 45.277
8 43 55.444
8 44 49.649
8 45 73.164
8 46 5.831
8 47 82.608
8 48 94.112
8 49 83.546
8 50 72.173
8 51 52.173
8 52 58.898
8 53 42.059
8 54 57.974
8 55 44.598
8 56 49.578
8 57 66.068
8 58 19.849
8 59 20.396
8 60 84.481
8 61 33.302
8 62 37.483
8 63 59.414
8 64 76.368
8 65 80.262
8 66 38.013
8 67 22.825
8 68 48.166
8 69 33.242
8 70 47.518
9 86 36 14
9 10 37.014
9 11 52.038
9 12 20.518
9 13 9.849
9 14 83.726
9 15 26.926
9 16 60.208
9 17 29.411
9 18 22.825
9 19 48.549
9 20 68.964
9 21 28.16
9 22 81.271
9 23 38.275
9 24 35.511
9 25 42.19
9 26 50.329
9 27 76.236
9 28 56.436
9 29 61.717
9 30 42.638
9 31 86.977
9 32 81.271
9 33 45.486
9 34 12.649
9 35 22.804
9 36 60.745
9 37 24.166
9 38 2.0
9 39 33.541
9 40 25.239
9 41 83.678
9 42 43.174
9 43 92.801
9 44 73.79
9 45 49.769
9 46 51.884
9 47 43.932
9 48 85.376
9 49 33.136
9 50 33.242
9 51 92.195
9 52 64.938
9 53 33.242
9 54 98.595
9 55 34.713
9 56 53.367
9 57 23.345
9 58 36.222
9 59 53.009
9 60 32.388
9 61 24.187
9 62 50.09
9 63 27.857
9 64 73.171
9 65 63.246
9 66 44.777
9 67 54.452
9 68 23.022
9 69 78.873
9 70 26.077
10 63 7 17
10 11 42.45
10 12 17.0
10 13 40.608
10 14 86.023
10 15 57.28
10 16 28.16
10 17 14.036
10 18 35.171
10 19 70.064
10 20 37.336
10 21 26.019
10 22 54.083
10 23 74.303
10 24 48.508
10 25 75.961
10 26 76.164
10 27 57.775
10 28 86.493
10 29 73.055
10 30 62.129
10 31 81.394
10 32 54.083
10 33 67.03
10 34 27.313
10 35 23.022
10 36 80.623
10 37 52.631
10 38 38.288
10 39 68.447
10 40 43.046
10 41 58.549
10 42 43.382
10 43 99.126
10 44 75.452
10 45 25.08
10 46 75.007
10 47 7.211
10 48 60.671
10 49 20.396
10 50 6.083
10 51 100.648
10 52 57.28
10 53 39.051
10 54 106.55
10 55 37.643
10 56 50.22
10 57 13.892
10 58 67.72
10 59 85.44
10 60 28.16
10 61 59.034
10 62 55.543
10 63 19.235
10 64 55.462
10 65 38.079
10 66 50.329
10 67 68.884
10 68 30.0
10 69 93.963
10 70 31.145
11 34 38 5
11 12 40.311
11 13 61.294
11 14 44.294
11 15 51.0
11 16 34.015
11 17 52.431
11 18 66.731
11 19 46.872
11 20 36.878
11 21 62.65
11 22 37.537
11 23 73.355
11 24 27.803
11 25 68.819
11 26 56.4
11 27 25.298
11 28 70.292
11 29 38.328
11 30 39.825
11 31 39.205
11 32 37.537
11 33 45.0
11 34 40.447
11 35 31.048
11 36 52.555
11 37 46.519
11 38 54.037
11 39 65.765
11 40 33.242
11 41 37.014
11 42 12.806
11 43 58.31
11 44 34.015
11 45 21.84
11 46 52.154
11 47 41.881
11 48 38.013
11 49 60.216
11 50 37.537
11 51 60.729
11 52 15.0
11 53 21.19
11 54 66.129
11 55 18.682
11 56 10.0
11 57 40.706
11 58 58.822
11 59 73.553
11 60 66.37
11 61 59.237
11 62 21.19
11 63 28.636
11 64 22.136
11 65 23.409
11 66 19.416
11 67 38.275
11 68 29.017
11 69 59.034
11 70 26.0
12 71 22 20
12 13 26.0
12 14 79.931
12 15 40.792
12 16 40.249
12 17 15.232
12 18 26.683
12 19 56.089
12 20 49.244
12 21 22.804
12 22 63.151
12 23 57.306
12 24 36.249
12 25 59.135
12 26 61.074
12 27 61.522
12 28 70.456
12 29 62.769
12 30 48.508
12 31 78.892
12 32 63.151
12 33 52.953
12 34 10.44
12 35 10.63
12 36 67.446
12 37 36.346
12 38 22.023
12 39 51.478
12 40 28.636
12 41 66.37
12 42 36.125
12 43 91.548
12 44 69.354
12 45 31.401
12 46 60.671
12 47 23.601
12 48 68.264
12 49 22.472
12 50 12.728
12 51 92.201
12 52 55.009
12 53 28.601
12 54 98.407
12 55 28.32
12 56 45.222
12 57 3.162
12 58 51.196
12 59 68.884
12 60 26.907
12 61 42.048
12 62 46.861
12 63 11.705
12 64 58.694
12 65 45.398
12 66 41.231
12 67 57.271
12 68 17.0
12 69 82.765
12 70 19.416
13 95 32 18
13 14 93.536
13 15 34.0
13 16 66.212
13 17 30.0
13 18 16.125
13 19 57.009
13 20 75.24
13 21 24.739
13 22 88.769
13 23 40.2
13 24 45.277
13 25 46.271
13 26 57.706
13 27 85.024
13 28 62.097
13 29 71.218
13 30 51.624
13 31 96.768
13 32 88.769
13 33 54.037
13 34 21.0
13 35 31.064
13 36 69.203
13 37 32.202
13 38 8.062
13 39 37.121
13 40 34.986
13 41 91.591
13 42 52.887
13 43 102.416
13 44 83.63
13 45 57.009
13 46 59.908
13 47 47.802
13 48 93.381
13 49 31.385
13 50 38.079
13 51 101.671
13 52 74.525
13 53 43.012
13 54 108.074
13 55 44.385
13 56 63.063
13 57 28.178
13 58 42.059
13 59 57.559
13 60 28.284
13 61 28.636
13 62 59.933
13 63 35.511
13 64 82.006
13 65 70.831
13 66 54.626
13 67 63.781
13 68 32.388
13 69 87.784
13 70 35.511
14 13 77 16
14 15 67.683
14 16 76.243
14 17 94.112
14 18 103.812
14 19 47.0
14 20 76.118
14 21 102.65
14 22 67.119
14 23 86.145
14 24 48.301
14 25 77.006
14 26 55.326
14 27 47.096
14 28 67.683
14 29 26.019
14 30 46.69
14 31 18.028
14 32 67.119
14 33 48.094
14 34 75.802
14 35 69.354
14 36 41.231
14 37 65.803
14 38 85.475
14 39 79.404
14 40 58.592
14 41 62.514
14 42 43.841
14 43 15.033
14 44 10.63
14 45 65.795
14 46 49.254
14 47 86.093
14 48 61.814
14 49 101.863
14 50 80.604
14 51 19.235
14 52 31.321
14 53 52.01
14 54 23.087
14 55 51.74
14 56 35.805
14 57 81.32
14 58 69.181
14 59 74.967
14 60 106.832
14 61 77.878
14 62 33.838
14 63 69.354
14 64 46.0
14 65 62.37
14 66 39.408
14 67 34.132
14 68 64.031
14 69 30.48
14 70 61.074
15 79 62 13
15 16 72.801
15 17 54.037
15 18 49.396
15 19 24.207
15 20 80.056
15 21 54.918
15 22 87.201
15 23 22.361
15 24 24.042
15 25 19.416
15 26 23.707
15 27 76.059
15 28 30.0
15 29 42.379
15 30 21.19
15 31 76.0
15 32 87.201
15 33 21.633
15 34 30.414
15 35 35.341
15 36 36.069
15 37 5.0
15 38 27.514
15 39 14.765
15 40 18.439
15 41 87.664
15 42 38.484
15 43 73.41
15 44 59.414
15 45 59.548
15 46 26.249
15 47 62.968
15 48 88.837
15 49 59.135
15 50 51.865
15 51 71.589
15 52 58.941
15 53 30.232
15 54 77.897
15 55 33.015
15 56 47.127
15 57 43.932
15 58 10.44
15 59 28.16
15 60 59.228
15 61 10.198
15 62 38.21
15 63 40.706
15 64 72.918
15 65 70.178
15 66 34.928
15 67 34.176
15 68 29.682
15 69 55.444
15 70 30.61
16 35 4 12
16 17 42.19
16 18 63.151
16 19 77.162
16 20 9.22
16 21 54.148
16 22 26.683
16 23 93.381
16 24 55.154
16 25 92.201
16 26 85.615
16 27 36.069
16 28 98.387
16 29 72.111
16 30 69.289
16 31 66.242
16 32 26.683
16 33 74.673
16 34 48.01
16 35 38.949
16 36 84.929
16 37 67.801
16 38 61.911
16 39 86.452
16 40 54.918
16 41 31.953
16 42 42.953
16 43 90.956
16 44 66.708
16 45 13.928
16 46 82.541
16 47 22.023
16 48 34.176
16 49 48.01
16 50 28.46
16 51 93.941
16 52 44.922
16 53 45.188
16 54 98.955
16 55 42.544
16 56 44.011
16 57 38.079
16 58 82.662
16 59 99.644
16 60 56.0
16 61 77.795
16 62 54.332
16 63 33.302
16 64 34.828
16 65 15.0
16 66 50.99
16 67 71.021
16 68 43.278
16 69 93.005
16 70 42.202
17 77 8 6
17 18 21.541
17 19 71.063
17 20 51.352
17 21 12.0
17 22 68.029
17 23 67.676
17 24 51.478
17 25 71.197
17 26 75.538
17 27 70.52
17 28 84.024
17 29 77.897
17 30 63.6
17 31 91.608
17 32 68.029
17 33 67.912
17 34 24.187
17 35 25.554
17 36 82.565
17 37 50.01
17 38 30.083
17 39 62.817
17 40 43.681
17 41 72.339
17 42 50.329
17 43 106.212
17 44 83.487
17 45 38.079
17 46 75.505
17 47 20.616
17 48 74.431
17 49 7.81
17 50 15.811
17 51 107.075
17 52 67.424
17 53 43.566
17 54 113.225
17 55 43.012
17 56 58.728
17 57 13.038
17 58 64.195
17 59 81.615
17 60 14.56
17 61 53.367
17 62 61.612
17 63 24.759
17 64 68.007
17 65 51.624
17 66 56.036
17 67 72.498
17 68 32.202
17 69 97.99
17 70 34.482
18 97 16 20
18 19 71.344
18 20 72.367
18 21 11.314
18 22 88.204
18 23 56.036
18 24 56.586
18 25 62.394
18 26 73.007
18 27 88.119
18 28 78.102
18 29 83.451
18 30 65.215
18 31 104.652
18 32 88.204
18 33 68.264
18 34 28.018
18 35 35.847
18 36 83.528
18 37 46.957
18 38 21.932
18 39 53.235
18 40 46.69
18 41 92.005
18 42 60.902
18 43 114.022
18 44 93.477
18 45 57.009
18 46 74.706
18 47 42.059
18 48 94.0
18 49 19.105
18 50 35.128
18 51 113.846
18 52 81.154
18 53 51.865
18 54 120.216
18 55 52.479
18 56 70.661
18 57 27.166
18 58 57.974
18 59 73.682
18 60 13.416
18 61 44.721
18 62 70.0
18 63 38.328
18 64 85.329
18 65 71.0
18 66 64.405
18 67 76.577
18 68 39.962
18 69 101.4
18 70 43.046
19 60 77 20
19 20 82.347
19 21 74.847
19 22 84.202
19 23 39.319
19 24 22.361
19 25 30.017
19 26 10.0
19 27 68.622
19 28 24.207
19 29 21.024
19 30 8.062
19 31 58.941
19 32 84.202
19 33 3.162
19 34 47.127
19 35 47.17
19 36 12.207
19 37 24.839
19 38 49.649
19 39 32.985
19 40 27.459
19 41 82.879
19 42 34.886
19 43 50.289
19 44 40.792
19 45 63.246
19 46 5.385
19 47 74.061
19 48 83.487
19 49 77.492
19 50 64.031
19 51 47.927
19 52 48.415
19 53 32.558
19 54 54.129
19 55 34.928
19 56 38.949
19 57 58.856
19 58 22.561
19 59 29.547
19 60 79.31
19 61 33.615
19 62 26.87
19 63 51.0
19 64 65.765
19 65 69.836
19 66 27.459
19 67 13.342
19 68 40.112
19 69 31.241
19 70 39.0
20 26 2 8
20 21 63.285
20 22 18.788
20 23 101.139
20 24 60.902
20 25 99.358
20 26 91.241
20 27 32.249
20 28 104.446
20 29 75.133
20 30 74.686
20 31 64.257
20 32 18.788
20 33 80.056
20 34 56.604
20 35 47.202
20 36 89.185
20 37 75.073
20 38 70.711
20 39 94.048
20 40 61.847
20 41 24.698
20 42 47.539
20 43 91.082
20 44 67.268
20 45 20.518
20 46 87.727
20 47 31.016
20 48 26.926
20 49 57.009
20 50 37.643
20 51 94.53
20 52 45.177
20 53 51.313
20 54 99.141
20 55 48.549
20 56 46.69
20 57 47.17
20 58 89.644
20 59 106.254
20 60 65.031
20 61 85.633
20 62 57.974
20 63 41.617
20 64 31.78
20 65 14.0
20 66 55.362
20 67 75.0
20 68 50.931
20 69 95.525
20 70 49.518
21 89 8 16
21 22 80.025
21 23 64.777
21 24 57.428
21 25 70.007
21 26 77.885
21 27 82.006
21 28 84.593
21 29 84.404
21 30 67.978
21 31 101.548
21 32 80.025
21 33 71.694
21 34 28.302
21 35 33.302
21 36 86.816
21 37 51.662
21 38 28.018
21 39 61.074
21 40 48.374
21 41 84.291
21 42 58.898
21 43 113.952
21 44 92.098
21 45 49.82
21 46 78.772
21 47 32.388
21 48 86.371
21 49 7.81
21 50 27.459
21 51 114.337
21 52 77.524
21 53 50.931
21 54 120.615
21 55 50.931
21 56 68.007
21 57 21.954
21 58 64.382
21 59 81.025
21 60 4.472
21 61 52.0
21 62 69.311
21 63 34.132
21 64 79.404
21 65 63.506
21 66 63.655
21 67 78.23
21 68 38.949
21 69 103.586
21 70 41.725
22 9 10 14
22 23 109.289
22 24 65.069
22 25 105.759
22 26 93.862
22 27 20.025
22 28 107.815
22 29 72.498
22 30 77.337
22 31 52.345
22 32 0.0
22 33 82.462
22 34 68.622
22 35 58.523
22 36 88.685
22 37 82.42
22 38 83.169
22 39 101.833
22 40 68.819
22 41 6.403
22 42 50.21
22 43 82.055
22 44 60.017
22 45 31.78
22 46 89.404
22 47 48.508
22 48 8.485
22 49 74.33
22 50 53.085
22 51 86.284
22 52 39.217
22 53 57.009
22 54 90.022
22 55 54.203
22 56 45.486
22 57 61.66
22 58 95.776
22 59 111.018
22 60 82.219
22 61 94.34
22 62 57.689
22 63 53.451
22 64 21.378
22 65 18.028
22 66 56.851
22 67 74.431
22 68 60.374
22 69 91.093
22 70 58.181
23 99 72 20
23 24 46.239
23 25 10.817
23 26 32.894
23 27 98.412
23 28 28.284
23 29 60.133
23 30 40.112
23 31 96.519
23 32 109.289
23 33 38.053
23 34 47.17
23 35 54.672
23 36 48.384
23 37 26.926
23 38 37.643
23 39 7.616
23 40 40.497
23 41 109.932
23 42 60.836
23 43 89.269
23 44 79.057
23 45 80.66
23 46 38.328
23 47 80.777
23 48 111.14
23 49 70.831
23 50 69.642
23 51 86.4
23 52 80.957
23 53 52.479
23 54 92.347
23 55 55.227
23 56 69.289
23 57 60.415
23 58 17.0
23 59 20.809
23 60 68.469
23 61 15.62
23 62 59.666
23 63 60.308
23 64 95.273
23 65 92.005
23 66 56.921
23 67 52.038
23 68 50.21
23 69 67.779
23 70 51.74
24 56 55 15
24 25 41.049
24 26 30.463
24 27 52.355
24 28 43.566
24 29 27.019
24 30 14.318
24 31 53.46
24 32 65.069
24 33 19.647
24 34 29.206
24 35 26.249
24 36 32.14
24 37 20.224
24 38 37.216
24 39 38.626
24 40 10.296
24 41 64.815
24 42 15.0
24 43 57.489
24 44 38.626
24 45 41.231
24 46 27.659
24 47 52.01
24 48 65.803
24 49 58.592
24 50 42.426
24 51 57.28
24 52 34.928
24 53 10.198
24 54 63.64
24 55 12.649
24 56 23.087
24 57 38.626
24 58 31.064
24 59 46.011
24 60 61.855
24 61 33.377
24 62 15.297
24 63 29.275
24 64 49.244
24 65 49.204
24 66 11.045
24 67 21.024
24 68 19.313
24 69 46.519
24 70 17.464
25 90 78 11
25 26 22.561
25 27 93.295
25 28 17.804
25 29 51.039
25 30 32.28
25 31 88.459
25 32 105.759
25 33 29.275
25 34 48.703
25 35 54.589
25 36 38.079
25 37 24.413
25 38 42.048
25 39 9.22
25 40 37.537
25 41 105.802
25 42 56.036
25 43 79.246
25 44 70.576
25 45 78.873
25 46 28.284
25 47 81.939
25 48 106.832
25 49 75.326
25 50 70.774
25 51 76.158
25 52 74.733
25 53 48.836
25 54 82.006
25 55 51.662
25 56 63.53
25 57 62.298
25 58 10.0
25 59 11.402
25 60 74.007
25 61 18.028
25 62 52.924
25 63 60.033
25 64 90.211
25 65 89.107
25 66 51.0
25 67 43.186
25 68 49.092
25 69 57.245
25 70 50.0
26 68 83 20
26 27 78.568
26 28 14.213
26 29 29.833
26 30 16.643
26 31 68.308
26 32 93.862
26 33 11.402
26 34 51.352
26 35 53.151
26 36 15.524
26 37 26.249
26 38 51.078
26 39 27.785
26 40 33.136
26 41 92.698
26 42 44.102
26 43 56.719
26 44 50.0
26 45 71.694
26 46 6.083
26 47 80.753
26 48 93.349
26 49 81.394
26 50 70.257
26 51 53.6
26 52 58.412
26 53 40.497
26 54 59.481
26 55 43.081
26 56 48.795
26 57 64.031
26 58 17.804
26 59 19.925
26 60 82.28
26 61 31.145
26 62 36.797
26 63 57.559
26 64 75.69
26 65 79.076
26 66 37.014
26 67 22.847
26 68 46.271
26 69 34.928
26 70 45.706
27 10 30 2
27 28 92.763
27 29 54.378
27 30 62.626
27 31 32.757
27 32 20.025
27 33 67.357
27 34 64.031
27 35 54.0
27 36 71.4
27 37 71.694
27 38 78.23
27 39 90.802
27 40 58.523
27 41 15.811
27 42 37.577
27 43 62.032
27 44 40.262
27 45 32.696
27 46 73.539
27 47 54.203
27 48 15.652
27 49 77.833
27 50 54.708
27 51 66.272
27 52 20.809
27 53 46.487
27 54 70.007
27 55 43.966
27 56 30.0
27 57 61.0
27 58 83.355
27 59 97.005
27 60 85.071
27 61 84.504
27 62 41.773
27 63 50.16
27 64 3.162
27 65 21.26
27 66 42.438
27 67 57.489
27 68 53.46
27 69 71.868
27 70 50.636
28 79 92 16
28 29 43.081
28 30 30.48
28 31 81.707
28 32 107.815
28 33 25.456
28 34 60.208
28 35 63.789
28 36 26.476
28 37 34.132
28 38 56.719
28 39 26.42
28 40 44.272
28 41 106.794
28 42 57.801
28 43 67.0
28 44 63.325
28 45 84.534
28 46 19.723
28 47 91.679
28 48 107.48
28 49 89.09
28 50 80.808
28 51 63.127
28 52 72.622
28 53 53.235
28 54 68.469
28 55 55.946
28 56 62.936
28 57 73.553
28 58 20.224
28 59 8.544
28 60 88.814
28 61 33.526
28 62 50.99
28 63 68.68
28 64 89.872
28 65 92.655
28 66 50.99
28 67 36.715
28 68 57.28
28 69 43.29
28 70 57.245
29 39 76 17
29 30 21.19
29 31 38.626
29 32 72.498
29 33 22.091
29 34 56.223
29 35 52.355
29 36 17.804
29 37 41.146
29 38 63.253
29 39 53.46
29 40 36.77
29 41 69.836
29 42 30.414
29 43 31.385
29 44 20.248
29 45 59.008
29 46 23.77
29 47 75.186
29 48 69.971
29 49 85.235
29 50 67.067
29 51 30.48
29 52 33.615
29 53 34.438
29 54 36.878
29 55 35.468
29 56 28.443
29 57 64.885
29 58 43.186
29 59 49.729
29 60 88.814
29 61 52.498
29 62 18.111
29 63 54.231
29 64 51.971
29 65 61.392
29 66 22.804
29 67 8.246
29 68 45.793
29 69 21.213
29 70 43.417
30 59 69 9
30 31 56.436
30 32 77.337
30 33 5.385
30 34 39.925
30 35 39.319
30 36 18.974
30 37 20.248
30 38 43.932
30 39 33.0
30 40 19.925
30 41 76.368
30 42 27.459
30 43 52.326
30 44 39.0
30 45 55.362
30 46 13.342
30 47 66.03
30 48 77.104
30 49 70.228
30 50 56.08
30 51 50.774
30 52 43.046
30 53 24.515
30 54 57.14
30 55 26.926
30 56 32.65
30 57 51.196
30 58 23.195
30 59 34.409
30 60 72.45
30 61 31.321
30 62 21.095
30 63 43.012
30 64 59.666
30 65 62.434
30 66 20.518
30 67 13.0
30 68 32.249
30 69 36.235
30 70 31.016
31 3 62 10
31 32 52.345
31 33 59.228
31 34 77.078
31 35 68.884
31 36 55.902
31 37 73.11
31 38 88.888
31 39 89.275
31 40 63.151
31 41 47.043
31 42 44.011
31 43 31.321
31 44 18.385
31 45 58.258
31 46 62.298
31 47 79.981
31 48 46.0
31 49 99.403
31 50 76.694
31 51 36.401
31 52 24.207
31 53 53.759
31 54 38.833
31 55 52.555
31 56 34.015
31 57 79.612
31 58 79.63
31 59 88.233
31 60 105.394
31 61 86.023
31 62 38.21
31 63 67.417
31 64 32.573
31 65 51.43
31 66 42.755
31 67 45.607
31 68 65.0
31 69 48.104
31 70 61.847
32 9 10 9
32 33 82.462
32 34 68.622
32 35 58.523
32 36 88.685
32 37 82.42
32 38 83.169
32 39 101.833
32 40 68.819
32 41 6.403
32 42 50.21
32 43 82.055
32 44 60.017
32 45 31.78
32 46 89.404
32 47 48.508
32 48 8.485
32 49 74.33
32 50 53.085
32 51 86.284
32 52 39.217
32 53 57.009
32 54 90.022
32 55 54.203
32 56 45.486
32 57 61.66
32 58 95.776
32 59 111.018
32 60 82.219
32 61 94.34
32 62 57.689
32 63 53.451
32 64 21.378
32 65 18.028
32 66 56.851
32 67 74.431
32 68 60.374
32 69 91.093
32 70 58.181
33 61 74 3
33 34 43.966
33 35 44.102
33 36 15.264
33 37 21.932
33 38 46.615
33 39 31.401
33 40 24.331
33 41 81.345
33 42 32.757
33 43 52.202
33 44 41.304
33 45 60.745
33 46 8.062
33 47 71.113
33 48 82.024
33 49 74.33
33 50 61.008
33 51 50.09
33 52 47.434
33 53 29.833
33 54 56.356
33 55 32.28
33 56 37.483
33 57 55.731
33 58 21.095
33 59 30.017
33 60 76.158
33 61 31.305
33 62 25.612
33 63 48.01
33 64 64.444
33 65 67.742
33 66 25.612
33 67 14.0
33 68 37.054
33 69 33.971
33 70 36.014
34 74 32 17
34 35 10.198
34 36 58.873
34 37 26.077
34 38 14.56
34 39 41.146
34 40 20.125
34 41 71.063
34 42 33.106
34 43 86.279
34 44 65.46
34 45 37.162
34 46 51.42
34 47 33.615
34 48 72.78
34 49 30.364
34 50 22.472
34 51 86.371
34 52 54.12
34 53 23.854
34 54 92.698
34 55 24.597
34 56 43.081
34 57 13.601
34 58 40.792
34 59 58.464
34 60 32.757
34 61 31.765
34 62 42.012
34 63 15.232
34 64 61.008
34 65 50.596
34 66 36.401
34 67 49.93
34 68 12.083
34 69 75.293
34 70 15.232
35 64 30 17
35 36 58.052
35 37 30.463
35 38 24.739
35 39 48.01
35 40 20.025
35 41 60.877
35 42 25.612
35 43 80.92
35 44 58.796
35 45 27.295
35 46 52.038
35 47 27.893
35 48 62.586
35 49 33.015
35 50 17.117
35 51 81.609
35 52 45.31
35 53 18.028
35 54 87.801
35 55 17.692
35 56 34.986
35 57 12.53
35 58 45.695
35 59 63.325
35 60 37.483
35 61 39.051
35 62 36.235
35 63 5.657
35 64 51.01
35 65 40.497
35 66 30.61
35 67 47.17
35 68 7.071
35 69 72.615
35 70 8.944
36 53 87 18
36 37 37.014
36 38 61.855
36 39 42.953
36 40 38.897
36 41 86.533
36 42 41.976
36 43 41.304
36 44 37.59
36 45 71.197
36 46 10.296
36 47 84.095
36 48 86.839
36 49 89.196
36 50 74.545
36 51 38.079
36 52 50.606
36 53 42.012
36 54 43.966
36 55 44.011
36 56 43.382
36 57 70.093
36 58 32.65
36 59 34.059
36 60 91.285
36 61 45.0
36 62 31.385
36 63 61.4
36 64 68.819
36 65 75.961
36 66 33.956
36 67 14.318
36 68 50.99
36 69 19.723
36 70 49.497
37 76 58 13
37 38 25.06
37 39 19.416
37 40 13.601
37 41 83.006
37 42 34.176
37 43 72.471
37 44 57.07
37 45 54.562
37 46 27.785
37 47 58.189
37 48 84.22
37 49 55.444
37 50 47.127
37 51 71.021
37 52 55.109
37 53 25.554
37 54 77.389
37 55 28.302
37 56 43.174
37 57 39.459
37 58 15.232
37 59 32.894
37 60 56.045
37 61 13.153
37 62 35.0
37 63 35.777
37 64 68.542
37 65 65.299
37 66 31.257
37 67 33.121
37 68 24.698
37 69 55.866
37 70 25.612
38 88 36 5
38 39 33.242
38 40 26.926
38 41 85.615
38 42 45.122
38 43 94.403
38 44 75.584
38 45 51.624
38 46 52.839
38 47 45.277
38 48 87.321
38 49 33.377
38 50 34.713
38 51 93.723
38 52 66.91
38 53 35.171
38 54 100.125
38 55 36.674
38 56 55.317
38 57 24.759
38 58 36.497
38 59 53.009
38 60 32.14
38 61 24.021
38 62 51.894
38 63 29.732
38 64 75.166
38 65 65.146
38 66 46.615
38 67 55.902
38 68 25.02
38 69 80.156
38 70 28.071
39 92 69 16
39 40 33.015
39 41 102.396
39 42 53.226
39 43 83.241
39 44 72.0
39 45 73.539
39 46 32.696
39 47 74.706
39 48 103.586
39 49 66.611
39 50 63.53
39 51 80.654
39 52 73.376
39 53 44.944
39 54 86.729
39 55 47.707
39 56 61.685
39 57 54.626
39 58 10.44
39 59 20.616
39 60 65.008
39 61 9.487
39 62 52.173
39 63 53.6
39 64 87.664
39 65 84.646
39 66 49.336
39 67 45.277
39 68 43.186
39 69 62.61
39 70 44.553
40 65 50 2
40 41 69.462
40 42 21.378
40 43 67.624
40 44 48.847
40 45 41.4
40 46 32.14
40 47 47.676
40 48 70.711
40 49 50.329
40 50 37.121
40 51 67.209
40 52 43.105
40 53 12.083
40 54 73.593
40 55 14.765
40 56 31.064
40 57 31.401
40 58 27.803
40 59 44.777
40 60 52.839
40 61 26.0
40 62 25.298
40 63 24.515
40 64 55.362
40 65 51.74
40 66 20.396
40 67 30.0
40 68 13.153
40 69 55.227
40 70 13.0
41 5 15 10
41 42 49.82
41 43 77.318
41 44 56.045
41 45 35.057
41 46 87.966
41 47 53.367
41 48 2.236
41 49 78.918
41 50 57.035
41 51 81.744
41 52 36.235
41 53 57.454
41 54 85.212
41 55 54.708
41 56 43.932
41 57 65.123
41 58 95.802
41 59 110.454
41 60 86.701
41 61 95.294
41 62 56.08
41 63 56.089
41 64 17.889
41 65 21.024
41 66 55.866
41 67 72.422
41 68 62.032
41 69 87.664
41 70 59.615
42 44 46 9
42 43 56.036
42 44 33.242
42 45 29.275
42 46 40.249
42 47 44.922
42 48 50.804
42 49 58.052
42 50 37.59
42 51 57.306
42 52 22.023
42 53 10.05
42 54 63.285
42 55 8.544
42 56 10.198
42 57 37.483
42 58 46.043
42 59 60.811
42 60 63.032
42 61 47.127
42 62 12.369
42 63 25.612
42 64 34.438
42 65 34.986
42 66 8.062
42 67 28.16
42 68 21.024
42 69 51.624
42 70 17.889
43 12 92 3
43 44 24.352
43 45 80.056
43 46 50.99
43 47 99.73
43 48 76.531
43 49 113.851
43 50 93.493
43 51 5.657
43 52 46.098
43 53 63.032
43 54 8.062
43 55 63.253
43 56 49.193
43 57 93.236
43 58 72.801
43 59 75.06
43 60 118.258
43 61 83.385
43 62 44.688
43 63 81.609
43 64 61.008
43 65 77.279
43 66 50.329
43 67 39.357
43 68 75.007
43 69 24.515
43 70 72.25
44 20 69 16
44 45 55.714
44 46 43.966
44 47 75.664
44 48 55.66
44 49 91.241
44 50 70.0
44 51 27.295
44 52 22.091
44 53 41.617
44 54 32.28
44 55 41.231
44 56 25.239
44 57 70.711
44 58 62.073
44 59 69.921
44 60 96.26
44 61 69.584
44 62 23.707
44 63 58.728
44 64 38.639
44 65 53.339
44 66 29.155
44 67 27.459
44 68 53.6
44 69 32.249
44 70 50.606
45 40 17 16
45 46 68.622
45 47 22.023
45 48 37.014
45 49 45.222
45 50 22.361
45 51 82.565
45 52 34.986
45 53 31.305
45 54 87.92
45 55 28.636
45 56 31.575
45 57 30.067
45 58 69.203
45 59 85.983
45 60 52.631
45 61 65.192
45 62 41.012
45 63 21.932
45 64 30.414
45 65 14.036
45 66 37.336
45 67 57.428
45 68 30.48
45 69 80.1
45 70 29.0
46 62 82 5
46 47 79.158
46 48 88.527
46 49 81.744
46 50 69.0
46 51 48.083
46 52 53.151
46 53 37.855
46 54 54.083
46 55 40.262
46 56 44.045
46 57 63.506
46 58 22.361
46 59 25.962
46 60 83.217
46 61 34.828
46 62 31.89
46 63 56.036
46 64 70.725
46 65 75.18
46 66 32.757
46 67 17.0
46 68 45.011
46 69 30.017
46 70 44.045
47 57 3 11
47 48 55.543
47 49 26.0
47 50 11.18
47 51 101.637
47 52 56.223
47 53 42.107
47 54 107.355
47 55 40.311
47 56 50.537
47 57 20.616
47 58 73.389
47 59 91.082
47 60 34.015
47 61 65.368
47 62 57.28
47 63 23.195
47 64 52.154
47 65 33.615
47 66 52.393
47 67 71.701
47 68 34.525
47 69 96.317
47 70 35.128
48 3 16 7
48 49 81.049
48 50 59.076
48 51 81.049
48 52 36.359
48 53 58.669
48 54 84.38
48 55 55.946
48 56 44.553
48 57 67.067
48 58 96.835
48 59 111.288
48 60 88.814
48 61 96.602
48 62 56.639
48 63 57.871
48 64 18.028
48 65 23.0
48 66 56.639
48 67 72.801
48 68 63.569
48 69 87.464
48 70 61.098
49 83 3 6
49 50 23.259
49 51 114.621
49 52 75.213
49 53 51.039
49 54 120.801
49 55 50.606
49 56 66.528
49 57 20.616
49 58 69.007
49 59 86.093
49 60 8.062
49 61 57.315
49 62 69.203
49 63 32.527
49 64 75.392
49 65 58.464
49 66 63.6
49 67 79.605
49 68 39.446
49 69 105.095
49 70 41.881
50 62 13 8
50 51 94.895
50 52 52.498
50 53 32.985
50 54 100.846
50 55 31.623
50 56 44.822
50 57 10.0
50 58 62.298
50 59 80.006
50 60 30.364
50 61 54.203
50 62 49.659
50 63 13.153
50 64 52.202
50 65 36.125
50 66 44.385
50 67 62.817
50 68 24.021
50 69 87.932
50 70 25.08
51 16 96 9
51 52 49.366
51 53 63.6
51 54 6.403
51 55 64.07
51 56 51.264
51 57 94.048
51 58 70.228
51 59 71.344
51 60 118.697
51 61 81.394
51 62 45.486
51 63 82.68
51 64 65.069
51 65 80.623
51 66 51.039
51 67 38.013
51 68 75.432
51 69 20.025
51 70 72.801
52 22 47 4
52 53 32.062
52 54 54.129
52 55 30.265
52 56 12.042
52 57 55.57
52 58 65.0
52 59 77.389
52 60 81.302
52 61 68.25
52 62 21.954
52 63 43.417
52 64 18.358
52 65 31.257
52 66 24.042
52 67 36.797
52 68 42.202
52 69 51.923
52 70 39.051
53 54 45 5
53 54 69.814
53 55 2.828
53 56 20.224
53 57 30.529
53 58 38.897
53 59 55.0
53 60 55.227
53 61 38.079
53 62 18.385
53 63 19.925
53 64 43.324
53 65 40.311
53 66 12.728
53 67 29.833
53 68 12.042
53 69 55.027
53 70 9.22
54 11 100 13
54 55 70.214
54 56 56.859
54 57 100.21
54 58 76.322
54 59 76.792
54 60 124.964
54 61 87.658
54 62 51.614
54 63 88.752
54 64 69.029
54 65 85.329
54 66 57.201
54 67 44.407
54 68 81.688
54 69 25.179
54 70 79.025
55 52 43 2
55 56 18.682
55 57 30.0
55 58 41.725
55 59 57.801
55 60 55.154
55 61 40.719
55 62 18.601
55 63 18.788
55 64 40.804
55 65 37.483
55 66 13.038
55 67 31.401
55 68 12.53
55 69 56.321
55 70 9.434
56 34 48 5
56 57 46.228
56 58 53.666
56 59 67.007
56 60 72.007
56 61 56.294
56 62 12.207
56 63 34.059
56 64 27.019
56 65 32.985
56 66 12.53
56 67 29.069
56 68 31.016
56 69 49.041
56 70 27.857
57 70 19 13
57 58 54.342
57 59 72.035
57 60 25.807
57 61 45.188
57 62 48.6
57 63 12.207
57 64 58.249
57 65 44.102
57 66 43.012
57 67 59.615
57 68 19.313
57 69 85.088
57 70 21.471
58 82 72 6
58 59 17.72
58 60 68.593
58 61 13.892
58 62 43.324
58 63 50.99
58 64 80.262
58 65 79.196
58 66 41.146
58 67 35.057
58 68 39.825
58 69 52.355
58 70 40.497
59 87 89 14
59 60 85.094
59 61 29.069
59 62 55.471
59 63 68.542
59 64 94.021
59 65 95.131
59 66 54.672
59 67 42.72
59 68 57.271
59 69 51.624
59 70 57.706
60 91 4 7
60 61 56.036
60 62 73.593
60 63 38.013
60 64 82.541
60 65 66.098
60 66 67.941
60 67 82.68
60 68 43.278
60 69 108.046
60 70 46.011
61 89 60 17
61 62 48.042
61 63 44.688
61 64 81.345
61 65 76.844
61 66 44.407
61 67 44.272
61 68 34.713
61 69 64.637
61 70 36.401
62 41 58 10
62 63 37.216
62 64 38.897
62 65 44.598
62 66 5.657
62 67 17.088
62 68 30.414
62 69 39.319
62 70 27.586
63 60 26 8
63 64 47.265
63 65 35.44
63 66 31.765
63 67 49.729
63 68 11.402
63 69 74.947
63 70 12.0
64 13 31 4
64 65 19.849
64 66 39.408
64 67 54.818
64 68 50.359
64 69 69.893
64 70 47.518
65 26 16 17
65 66 42.485
65 67 61.685
65 68 42.544
65 69 81.615
65 70 40.497
66 45 54 6
66 67 20.1
66 68 24.759
66 69 43.932
66 70 21.932
67 47 74 11
67 68 40.311
67 69 25.495
67 70 38.275
68 63 37 20
68 69 65.795
68 70 3.162
69 36 97 19
69 70 63.695
70 60 38 1
