10 2
1 6 29 11
1 2 96.021
1 3 38.21
1 4 44.294
1 5 41.437
1 6 77.466
1 7 72.801
1 8 92.801
1 9 52.326
1 10 28.601
2 84 85 12
2 3 72.111
2 4 59.481
2 5 57.315
2 6 29.275
2 7 23.324
2 8 4.0
2 9 45.277
2 10 67.424
3 44 25 8
3 4 46.239
3 5 18.028
3 6 64.938
3 7 52.0
3 8 69.971
3 9 28.46
3 10 25.807
4 27 68 12
4 5 30.806
4 6 35.0
4 7 37.336
4 8 55.66
4 9 30.529
4 10 22.091
5 45 43 2
5 6 47.074
5 7 35.511
5 8 54.672
5 9 12.042
5 10 16.279
6 55 89 12
6 7 18.358
6 8 25.318
6 9 37.054
6 10 50.249
7 64 73 20
7 8 20.0
7 9 23.707
7 10 44.204
8 80 85 5
8 9 42.638
8 10 64.203
9 53 52 14
9 10 24.739
10 29 46 11
