20 2 10
1 6 29 11
1 2 96.021
1 3 38.21
1 4 44.294
1 5 41.437
1 6 77.466
1 7 72.801
1 8 92.801
1 9 52.326
1 10 28.601
1 11 17.464
1 12 109.604
1 13 45.541
1 14 22.825
1 15 77.82
1 16 88.459
1 17 6.083
1 18 47.011
1 19 63.632
1 20 46.648
2 84 85 12
2 3 72.111
2 4 59.481
2 5 57.315
2 6 29.275
2 7 23.324
2 8 4.0
2 9 45.277
2 10 67.424
2 11 88.391
2 12 15.133
2 13 71.12
2 14 76.059
2 15 23.409
2 16 48.052
2 17 100.424
2 18 57.009
2 19 46.011
2 20 56.321
3 44 25 8
3 4 46.239
3 5 18.028
3 6 64.938
3 7 52.0
3 8 69.971
3 9 28.46
3 10 25.807
3 11 22.204
3 12 82.879
3 13 7.616
3 14 36.125
3 15 49.679
3 16 51.662
3 17 39.051
3 18 47.434
3 19 59.304
3 20 46.174
4 27 68 12
4 5 30.806
4 6 35.0
4 7 37.336
4 8 55.66
4 9 30.529
4 10 22.091
4 11 46.271
4 12 74.465
4 13 51.884
4 14 21.471
4 15 49.254
4 16 73.41
4 17 50.09
4 18 2.828
4 19 19.416
4 20 3.162
5 45 43 2
5 6 47.074
5 7 35.511
5 8 54.672
5 9 12.042
5 10 16.279
5 11 31.145
5 12 69.656
5 13 21.84
5 14 28.636
5 15 36.892
5 16 49.254
5 17 44.721
5 18 31.385
5 19 41.593
5 20 30.017
6 55 89 12
6 7 18.358
6 8 25.318
6 9 37.054
6 10 50.249
6 11 74.686
6 12 44.045
6 13 67.119
6 14 55.172
6 15 33.422
6 16 64.203
6 17 82.801
6 18 32.202
6 19 17.72
6 20 32.016
7 64 73 20
7 8 20.0
7 9 23.707
7 10 44.204
7 11 66.068
7 12 37.696
7 13 52.631
7 14 52.773
7 15 15.62
7 16 46.098
7 17 77.337
7 18 35.128
7 19 28.231
7 20 34.234
8 80 85 5
8 9 42.638
8 10 64.203
8 11 85.633
8 12 19.105
8 13 69.354
8 14 72.56
8 15 22.361
8 16 49.041
8 17 97.309
8 18 53.16
8 19 42.012
8 20 52.498
9 53 52 14
9 10 24.739
9 11 43.139
9 12 57.801
9 13 30.067
9 14 36.125
9 15 25.495
9 16 43.324
9 17 56.08
9 18 30.0
9 19 35.341
9 20 28.601
10 29 46 11
10 11 25.0
10 12 81.123
10 13 32.558
10 14 12.369
10 15 49.98
10 16 65.49
10 17 33.242
10 18 24.0
10 19 39.051
10 20 23.022
11 22 22 7
11 12 100.767
11 13 29.0
11 14 27.459
11 15 67.801
11 16 73.756
11 17 17.029
11 18 48.508
11 19 64.031
11 20 47.676
12 99 87 3
12 13 80.802
12 14 90.377
12 15 33.242
12 16 49.254
12 17 113.719
12 18 72.035
12 19 61.074
12 20 71.309
13 51 22 11
13 14 43.417
13 15 48.021
13 16 45.88
13 17 46.011
13 18 52.802
13 19 63.348
13 20 51.478
14 17 49 11
14 15 60.638
14 16 77.782
14 17 28.636
14 18 24.187
14 19 40.817
14 20 23.854
15 76 63 12
15 16 30.806
15 17 81.492
15 18 47.518
15 19 43.417
15 20 46.39
16 94 38 18
16 17 90.255
16 18 72.45
16 19 72.471
16 20 71.113
17 5 23 2
17 18 52.773
17 19 69.354
17 20 52.355
18 29 70 20
18 19 16.643
18 20 1.414
19 38 84 9
19 20 17.0
20 30 69 15
