30 3
1 6 29 11
1 2 96.021
1 3 38.21
1 4 44.294
1 5 41.437
1 6 77.466
1 7 72.801
1 8 92.801
1 9 52.326
1 10 28.601
1 11 17.464
1 12 109.604
1 13 45.541
1 14 22.825
1 15 77.82
1 16 88.459
1 17 6.083
1 18 47.011
1 19 63.632
1 20 46.648
1 21 58.009
1 22 34.886
1 23 57.983
1 24 71.169
1 25 47.074
1 26 84.202
1 27 63.008
1 28 47.17
1 29 73.0
1 30 46.141
2 84 85 12
2 3 72.111
2 4 59.481
2 5 57.315
2 6 29.275
2 7 23.324
2 8 4.0
2 9 45.277
2 10 67.424
2 11 88.391
2 12 15.133
2 13 71.12
2 14 76.059
2 15 23.409
2 16 48.052
2 17 100.424
2 18 57.009
2 19 46.011
2 20 56.321
2 21 77.026
2 22 61.717
2 23 38.288
2 24 33.838
2 25 68.731
2 26 29.155
2 27 58.941
2 28 60.539
2 29 56.223
2 30 87.664
3 44 25 8
3 4 46.239
3 5 18.028
3 6 64.938
3 7 52.0
3 8 69.971
3 9 28.46
3 10 25.807
3 11 22.204
3 12 82.879
3 13 7.616
3 14 36.125
3 15 49.679
3 16 51.662
3 17 39.051
3 18 47.434
3 19 59.304
3 20 46.174
3 21 72.201
3 22 21.19
3 23 36.688
3 24 40.311
3 25 57.306
3 26 72.18
3 27 25.179
3 28 12.042
3 29 35.228
3 30 19.105
4 27 68 12
4 5 30.806
4 6 35.0
4 7 37.336
4 8 55.66
4 9 30.529
4 10 22.091
4 11 46.271
4 12 74.465
4 13 51.884
4 14 21.471
4 15 49.254
4 16 73.41
4 17 50.09
4 18 2.828
4 19 19.416
4 20 3.162
4 21 27.586
4 22 25.08
4 23 29.12
4 24 48.384
4 25 13.038
4 26 41.037
4 27 58.0
4 28 43.6
4 29 65.0
4 30 64.846
5 45 43 2
5 6 47.074
5 7 35.511
5 8 54.672
5 9 12.042
5 10 16.279
5 11 31.145
5 12 69.656
5 13 21.84
5 14 28.636
5 15 36.892
5 16 49.254
5 17 44.721
5 18 31.385
5 19 41.593
5 20 30.017
5 21 58.138
5 22 8.246
5 23 19.723
5 24 29.732
5 25 43.186
5 26 54.342
5 27 28.302
5 28 12.806
5 29 36.77
5 30 37.014
6 55 89 12
6 7 18.358
6 8 25.318
6 9 37.054
6 10 50.249
6 11 74.686
6 12 44.045
6 13 67.119
6 14 55.172
6 15 33.422
6 16 64.203
6 17 82.801
6 18 32.202
6 19 17.72
6 20 32.016
6 21 48.042
6 22 47.539
6 23 29.0
6 24 40.249
6 25 41.437
6 26 7.28
6 27 62.586
6 28 56.036
6 29 64.622
6 30 83.487
7 64 73 20
7 8 20.0
7 9 23.707
7 10 44.204
7 11 66.068
7 12 37.696
7 13 52.631
7 14 52.773
7 15 15.62
7 16 46.098
7 17 77.337
7 18 35.128
7 19 28.231
7 20 34.234
7 21 58.694
7 22 38.897
7 23 15.811
7 24 21.932
7 25 48.042
7 26 24.042
7 27 45.277
7 28 41.485
7 29 46.487
7 30 69.376
8 80 85 5
8 9 42.638
8 10 64.203
8 11 85.633
8 12 19.105
8 13 69.354
8 14 72.56
8 15 22.361
8 16 49.041
8 17 97.309
8 18 53.16
8 19 42.012
8 20 52.498
8 21 73.027
8 22 58.728
8 23 35.355
8 24 32.757
8 25 64.777
8 26 25.495
8 27 58.052
8 28 58.592
8 29 56.009
8 30 86.006
9 53 52 14
9 10 24.739
9 11 43.139
9 12 57.801
9 13 30.067
9 14 36.125
9 15 25.495
9 16 43.324
9 17 56.08
9 18 30.0
9 19 35.341
9 20 28.601
9 21 57.801
9 22 17.464
9 23 8.246
9 24 20.025
9 25 43.566
9 26 44.181
9 27 28.844
9 28 19.0
9 29 34.713
9 30 46.53
10 29 46 11
10 11 25.0
10 12 81.123
10 13 32.558
10 14 12.369
10 15 49.98
10 16 65.49
10 17 33.242
10 18 24.0
10 19 39.051
10 20 23.022
10 21 46.53
10 22 8.062
10 23 29.53
10 24 44.553
10 25 31.78
10 26 57.306
10 27 43.863
10 28 27.295
10 29 52.811
10 30 43.463
11 22 22 7
11 12 100.767
11 13 29.0
11 14 27.459
11 15 67.801
11 16 73.756
11 17 17.029
11 18 48.508
11 19 64.031
11 20 47.676
11 21 66.708
11 22 27.459
11 23 50.329
11 24 59.682
11 25 53.339
11 26 81.86
11 27 47.381
11 28 32.894
11 29 57.428
11 30 28.844
12 99 87 3
12 13 80.802
12 14 90.377
12 15 33.242
12 16 49.254
12 17 113.719
12 18 72.035
12 19 61.074
12 20 71.309
12 21 92.0
12 22 74.887
12 23 51.624
12 24 42.802
12 25 83.863
12 26 42.953
12 27 66.189
12 28 70.937
12 29 61.351
12 30 96.799
13 51 22 11
13 14 43.417
13 15 48.021
13 16 45.88
13 17 46.011
13 18 52.802
13 19 63.348
13 20 51.478
13 21 78.492
13 22 26.926
13 23 38.21
13 24 38.013
13 25 63.514
13 26 74.243
13 27 18.974
13 28 11.18
13 29 28.862
13 30 16.763
14 17 49 11
14 15 60.638
14 16 77.782
14 17 28.636
14 18 24.187
14 19 40.817
14 20 23.854
14 21 39.294
14 22 20.396
14 23 39.56
14 24 56.143
14 25 26.019
14 26 61.717
14 27 56.08
14 28 39.395
14 29 65.146
14 30 51.865
15 76 63 12
15 16 30.806
15 17 81.492
15 18 47.518
15 19 43.417
15 20 46.39
15 21 73.055
15 22 42.953
15 23 21.213
15 24 10.44
15 25 61.188
15 26 38.079
15 27 35.693
15 28 37.802
15 29 34.132
15 30 64.413
16 94 38 18
16 17 90.255
16 18 72.45
16 19 72.471
16 20 71.113
16 21 99.85
16 22 57.428
16 23 44.777
16 24 25.807
16 25 86.331
16 26 68.797
16 27 26.926
16 28 41.304
16 29 17.493
16 30 57.689
17 5 23 2
17 18 52.773
17 19 69.354
17 20 52.355
17 21 64.031
17 22 38.833
17 23 62.201
17 24 74.324
17 25 53.151
17 26 89.627
17 27 64.195
17 28 49.031
17 29 74.243
17 30 44.385
18 29 70 20
18 19 16.643
18 20 1.414
18 21 27.803
18 22 26.249
18 23 27.857
18 24 47.17
18 25 13.928
18 26 38.21
18 27 58.0
18 28 44.102
18 29 64.661
18 30 66.219
19 38 84 9
19 20 17.0
19 21 31.145
19 22 39.013
19 23 29.411
19 24 46.755
19 25 23.77
19 26 22.472
19 27 64.008
19 28 53.16
19 29 68.6
19 30 78.409
20 30 69 15
20 21 29.206
20 22 25.0
20 23 26.571
20 24 45.88
20 25 15.232
20 26 38.184
20 27 56.586
20 28 42.72
20 29 63.253
20 30 65.0
21 7 87 20
21 22 51.614
21 23 55.073
21 24 74.243
21 25 15.0
21 26 50.804
21 27 85.586
21 28 70.937
21 29 92.455
21 30 89.9
22 37 45 14
22 23 23.431
22 24 36.878
22 25 36.62
22 26 54.781
22 27 36.235
22 28 20.0
22 29 44.944
22 30 40.025
23 55 60 3
23 24 19.313
23 25 41.785
23 26 36.056
23 27 34.928
23 28 27.074
23 29 39.205
23 30 54.745
24 73 53 4
24 25 61.098
24 26 45.88
24 27 25.318
24 28 28.284
24 29 24.739
24 30 54.203
25 16 75 18
25 26 46.065
25 27 70.838
25 28 55.973
25 29 78.006
25 30 75.24
26 57 96 8
26 27 69.051
26 28 63.127
26 29 70.52
26 30 90.67
27 69 28 17
27 28 16.763
27 29 10.05
27 30 31.828
28 53 33 14
28 29 26.306
28 30 27.893
29 79 29 12
29 30 40.224
30 46 6 2
