50 4 10
1 1 46 4
1 2 34.438
1 3 43.417
1 4 86.035
1 5 94.34
1 6 61.294
1 7 88.837
1 8 55.543
1 9 30.594
1 10 31.828
1 11 39.115
1 12 27.0
1 13 87.023
1 14 95.713
1 15 55.036
1 16 36.401
1 17 49.092
1 18 37.121
1 19 73.498
1 20 87.596
1 21 39.925
1 22 107.838
1 23 75.611
1 24 81.609
1 25 84.694
1 26 55.471
1 27 83.006
1 28 33.838
1 29 77.058
1 30 97.99
1 31 72.422
1 32 45.695
1 33 84.095
1 34 43.186
1 35 68.68
1 36 77.885
1 37 24.759
1 38 29.017
1 39 15.524
1 40 76.655
1 41 68.768
1 42 70.0
1 43 48.301
1 44 97.862
1 45 98.656
1 46 52.839
1 47 82.219
1 48 36.401
1 49 50.448
1 50 60.44
2 16 15 16
2 3 56.859
2 4 89.196
2 5 82.28
2 6 59.034
2 7 98.234
2 8 85.024
2 9 9.055
2 10 10.63
2 11 36.878
2 12 59.908
2 13 77.621
2 14 71.197
2 15 64.351
2 16 54.818
2 17 72.993
2 18 51.264
2 19 57.271
2 20 68.066
2 21 6.0
2 22 84.172
2 23 56.223
2 24 63.388
2 25 89.805
2 26 78.645
2 27 57.271
2 28 4.123
2 29 70.711
2 30 74.673
2 31 45.354
2 32 55.946
2 33 77.369
2 34 44.822
2 35 52.393
2 36 60.828
2 37 48.094
2 38 61.612
2 39 35.0
2 40 60.017
2 41 84.528
2 42 42.45
2 43 29.411
2 44 76.164
2 45 83.024
2 46 31.401
2 47 76.538
2 48 3.606
2 49 24.021
2 50 81.32
3 39 67 6
3 4 43.738
3 5 63.063
3 6 27.459
3 7 45.486
3 8 41.4
3 9 60.208
3 10 46.819
3 11 24.021
3 12 38.471
3 13 54.129
3 14 80.212
3 15 12.166
3 16 9.055
3 17 22.825
3 18 6.403
3 19 51.856
3 20 66.528
3 21 62.394
3 22 89.196
3 23 57.428
3 24 60.208
3 25 41.761
3 26 25.962
3 27 72.007
3 28 59.481
3 29 42.953
3 30 80.281
3 31 66.408
3 32 5.0
3 33 49.041
3 34 17.72
3 35 48.826
3 36 55.973
3 37 20.396
3 38 37.855
3 39 28.601
3 40 54.562
3 41 27.785
3 42 65.521
3 43 43.29
3 44 77.833
3 45 70.725
3 46 47.676
3 47 46.487
3 48 60.415
3 49 53.009
3 50 26.0
4 82 75 16
4 5 39.217
4 6 30.48
4 7 17.72
4 8 72.45
4 9 95.425
4 10 78.645
4 11 52.802
4 12 81.025
4 13 31.575
4 14 73.11
4 15 31.575
4 16 52.469
4 17 55.317
4 18 49.477
4 19 49.031
4 20 57.035
4 21 93.338
4 22 75.928
4 23 55.902
4 24 53.085
4 25 5.0
4 26 52.811
4 27 72.691
4 28 92.849
4 29 26.306
4 30 70.456
4 31 74.33
4 32 40.522
4 33 25.179
4 34 45.486
4 35 50.289
4 36 50.359
4 37 64.133
4 38 80.0
4 39 70.576
4 40 49.497
4 41 33.121
4 42 75.273
4 43 63.6
4 44 65.765
4 45 49.649
4 46 65.192
4 47 23.022
4 48 92.698
4 49 74.061
4 50 46.615
5 95 38 12
5 6 35.847
5 7 56.921
5 8 102.005
5 9 90.708
5 10 73.546
5 11 55.227
5 12 100.305
5 13 9.22
5 14 37.108
5 15 53.824
5 16 71.589
5 17 83.006
5 18 65.924
5 19 25.495
5 20 22.825
5 21 84.155
5 22 37.216
5 23 29.206
5 24 22.627
5 25 44.011
5 26 82.976
5 27 41.881
5 28 86.4
5 29 20.248
5 30 33.377
5 31 48.795
5 32 58.138
5 33 15.62
5 34 52.393
5 35 30.083
5 36 23.022
5 37 80.006
5 38 100.09
5 39 79.906
5 40 23.324
5 41 67.624
5 42 50.99
5 43 52.887
5 44 28.16
5 45 10.44
5 46 51.264
5 47 18.439
5 48 85.071
5 49 60.008
5 50 78.492
6 62 52 19
6 7 42.72
6 8 67.882
6 9 65.734
6 10 48.6
6 11 23.77
6 12 64.514
6 13 27.203
6 14 55.462
6 15 20.248
6 16 35.777
6 17 48.795
6 18 30.083
6 19 26.926
6 20 40.497
6 21 62.968
6 22 63.008
6 23 33.526
6 24 34.482
6 25 31.906
6 26 50.0
6 27 50.01
6 28 62.801
6 29 16.279
6 30 54.708
6 31 48.042
6 32 22.472
6 33 23.087
6 34 18.111
6 35 25.495
6 36 30.414
6 37 44.385
6 38 64.257
6 39 46.043
6 40 29.069
6 41 40.025
6 42 48.26
6 43 33.287
6 44 51.614
6 45 43.267
6 46 35.341
6 47 21.0
6 48 62.482
6 49 43.909
6 50 47.011
7 77 92 6
7 8 63.506
7 9 103.325
7 10 87.618
7 11 61.4
7 12 78.339
7 13 49.244
7 14 90.449
7 15 34.713
7 16 52.773
7 17 49.254
7 18 51.865
7 19 65.192
7 20 74.33
7 21 103.005
7 22 93.622
7 23 72.173
7 24 70.029
7 25 13.153
7 26 45.0
7 27 89.14
7 28 101.533
7 29 43.012
7 30 87.966
7 31 89.627
7 32 44.045
7 33 42.755
7 34 53.413
7 35 65.765
7 36 67.007
7 37 64.846
7 38 76.903
7 39 74.061
7 40 66.03
7 41 24.021
7 42 90.244
7 43 75.584
7 44 83.361
7 45 67.357
7 46 78.0
7 47 40.447
7 48 101.828
7 49 86.331
7 50 38.013
8 14 100 9
8 9 84.291
8 10 77.524
8 11 62.65
8 12 29.967
8 13 92.801
8 14 121.606
8 15 48.27
8 16 35.777
8 17 19.105
8 18 42.059
8 19 93.236
8 20 107.815
8 21 91.022
8 22 130.484
8 23 98.813
8 24 101.533
8 25 68.308
8 26 19.698
8 27 113.018
8 28 86.023
8 29 81.835
8 30 121.659
8 31 106.452
8 32 46.228
8 33 86.839
8 34 58.31
8 35 90.211
8 36 97.309
8 37 37.336
8 38 27.731
8 39 50.04
8 40 95.901
8 41 40.025
8 42 105.19
8 43 81.707
8 44 119.097
8 45 110.635
8 46 86.539
8 47 84.054
8 48 88.0
8 49 89.844
8 50 25.962
9 7 16 4
9 10 17.464
9 11 42.638
9 12 57.315
9 13 85.703
9 14 80.231
9 15 68.884
9 16 56.859
9 17 74.041
9 18 54.203
9 19 65.924
9 20 77.026
9 21 11.402
9 22 93.215
9 23 65.123
9 24 72.25
9 25 95.671
9 26 80.006
9 27 66.287
9 28 5.385
9 29 78.294
9 30 83.726
9 31 54.342
9 32 60.0
9 33 85.088
9 34 50.249
9 35 61.0
9 36 69.584
9 37 48.508
9 38 59.211
9 39 35.171
9 40 68.731
9 41 87.983
9 42 51.42
9 43 37.855
9 44 85.212
9 45 91.788
9 46 40.2
9 47 84.095
9 48 8.062
9 49 33.061
9 50 83.385
10 23 23 12
10 11 26.249
10 12 54.626
10 13 68.308
10 14 66.408
10 15 53.852
10 16 45.541
10 17 64.195
10 18 41.485
10 19 49.163
10 20 61.205
10 21 15.652
10 22 79.12
10 23 49.092
10 24 56.009
10 25 79.196
10 26 69.584
10 27 52.924
10 28 14.213
10 29 60.836
10 30 69.376
10 31 41.593
10 32 45.618
10 33 67.624
10 34 34.205
10 35 44.181
10 36 53.038
10 37 40.2
10 38 56.08
10 39 27.893
10 40 52.086
10 41 74.324
10 42 38.949
10 43 21.024
10 44 70.214
10 45 75.166
10 46 24.187
10 47 66.641
10 48 14.213
10 49 19.235
10 50 71.805
11 40 43 1
11 12 49.204
11 13 48.01
11 14 61.62
11 15 28.231
11 16 26.926
11 17 45.607
11 18 20.881
11 19 35.777
11 20 50.606
11 21 41.617
11 22 72.422
11 23 39.408
11 24 44.294
11 25 53.075
11 26 49.649
11 27 51.225
11 28 40.311
11 29 38.471
11 30 62.801
11 31 43.829
11 32 21.213
11 33 45.541
11 34 8.062
11 35 31.385
11 36 40.249
11 37 29.0
11 38 49.679
11 39 25.0
11 40 38.91
11 41 49.729
11 42 42.544
11 43 19.416
11 44 61.587
11 45 59.908
11 46 24.042
11 47 43.932
11 48 40.46
11 49 29.0
11 50 50.01
12 1 73 9
12 13 91.706
12 14 110.752
12 15 50.16
12 16 29.428
12 17 30.414
12 18 34.482
12 19 84.599
12 20 99.569
12 21 65.734
12 22 121.606
12 23 88.6
12 24 93.193
12 25 78.23
12 26 36.359
12 27 99.705
12 28 60.017
12 29 80.654
12 30 112.004
12 31 90.785
12 32 42.953
12 33 87.092
12 34 48.765
12 35 80.449
12 36 89.045
12 37 20.591
12 38 2.236
12 39 27.459
12 40 87.664
12 41 55.027
12 42 88.865
12 43 65.192
12 44 110.68
12 45 106.93
12 46 70.178
12 47 84.646
12 48 62.37
12 49 70.725
12 50 42.942
13 88 44 4
13 14 42.048
13 15 44.654
13 16 62.769
13 17 73.817
13 18 57.245
13 19 23.345
13 20 26.306
13 21 80.056
13 22 44.385
13 23 28.844
13 24 23.77
13 25 36.139
13 26 73.756
13 27 44.011
13 28 81.707
13 29 11.18
13 30 39.051
13 31 48.826
13 32 49.244
13 33 6.708
13 34 44.407
13 35 27.019
13 36 22.472
13 37 71.568
13 38 91.417
13 39 72.25
13 40 22.204
13 41 58.6
13 42 50.606
13 43 48.332
13 44 34.234
13 45 18.868
13 46 47.508
13 47 9.434
13 48 80.623
13 49 56.604
13 50 69.296
14 86 2 11
14 15 75.591
14 16 86.556
14 17 102.903
14 18 80.156
14 19 28.653
14 20 16.125
14 21 70.349
14 22 13.038
14 23 22.804
14 24 21.19
14 25 77.318
14 26 104.957
14 27 14.036
14 28 74.967
14 29 47.676
14 30 5.0
14 31 26.077
14 32 75.452
14 33 48.01
14 34 63.781
14 35 31.401
14 36 25.08
14 37 90.609
14 38 111.288
14 39 84.876
14 40 26.401
14 41 94.921
14 42 29.069
14 43 47.413
14 44 10.0
14 45 28.636
14 46 42.953
14 47 50.09
14 48 72.691
14 49 47.539
14 50 102.421
15 51 69 12
15 16 21.024
15 17 29.206
15 18 18.028
15 19 46.957
15 20 60.745
15 21 69.462
15 22 83.235
15 23 53.31
15 24 54.708
15 25 29.732
15 26 29.833
15 27 69.26
15 28 67.424
15 29 33.601
15 30 74.947
15 31 65.62
15 32 9.434
15 33 38.949
15 34 20.248
15 35 44.944
15 36 50.606
15 37 32.558
15 38 49.366
15 39 39.825
15 40 49.244
15 41 22.091
15 42 65.276
15 43 45.541
15 44 71.847
15 45 62.37
15 46 49.163
15 47 36.235
15 48 67.956
15 49 56.089
15 50 26.833
16 30 68 14
16 17 19.105
16 18 6.403
16 19 58.694
16 20 73.593
16 21 60.638
16 22 96.177
16 23 63.781
16 24 67.209
16 25 50.22
16 26 24.083
16 27 77.389
16 28 56.921
16 29 51.624
16 30 87.0
16 31 70.682
16 32 13.601
16 33 57.871
16 34 22.804
16 35 55.227
16 36 62.968
16 37 12.083
16 38 28.862
16 39 22.804
16 40 61.555
16 41 32.527
16 42 69.462
16 43 46.174
16 44 84.9
16 45 78.892
16 46 50.922
16 47 55.362
16 48 58.241
16 49 54.918
16 50 26.571
17 28 87 2
17 18 24.739
17 19 74.404
17 20 88.865
17 21 78.918
17 22 111.521
17 23 80.156
17 24 82.62
17 25 51.624
17 26 6.403
17 27 94.826
17 28 74.733
17 29 62.801
17 30 102.801
17 31 88.955
17 32 27.459
17 33 67.956
17 34 40.311
17 35 71.561
17 36 78.409
17 37 25.632
17 38 28.636
17 39 38.897
17 40 77.006
17 41 25.318
17 42 87.92
17 43 65.0
17 44 100.125
17 45 91.548
17 46 69.642
17 47 65.192
17 48 76.295
17 49 73.98
17 50 12.53
18 34 63 7
18 19 52.345
18 20 67.268
18 21 56.921
18 22 89.828
18 23 57.385
18 24 60.877
18 25 47.76
18 26 29.069
18 27 71.021
18 28 53.712
18 29 46.174
18 30 80.623
18 31 64.475
18 32 9.055
18 33 52.631
18 34 16.401
18 35 48.836
18 36 56.639
18 37 15.0
18 38 34.176
18 39 22.204
18 40 55.227
18 41 33.838
18 42 63.325
18 43 40.262
18 44 78.568
18 45 72.945
18 46 44.922
18 47 50.22
18 48 54.781
18 49 49.366
18 50 30.414
19 72 27 3
19 20 15.0
19 21 58.822
19 22 37.483
19 23 7.0
19 24 8.602
19 25 52.469
19 26 76.322
19 27 24.0
19 28 61.392
19 29 22.804
19 30 28.425
19 31 25.942
19 32 47.011
19 33 26.42
19 34 36.235
19 35 5.0
19 36 4.472
19 37 64.07
19 38 84.876
19 39 60.539
19 40 3.162
19 41 66.761
19 42 27.459
19 43 28.16
19 44 26.249
19 45 26.019
19 46 25.962
19 47 27.313
19 48 59.908
19 49 34.54
19 50 73.79
20 84 18 5
20 21 68.593
20 22 22.672
20 23 12.166
20 24 6.403
20 25 61.205
20 26 90.443
20 27 19.209
20 28 72.111
20 29 31.575
20 30 14.318
20 31 27.785
20 32 61.62
20 33 32.016
20 34 51.225
20 35 19.235
20 36 10.63
20 37 79.057
20 38 99.865
20 39 75.153
20 40 12.042
20 41 79.31
20 42 30.414
20 43 40.447
20 44 11.314
20 45 17.205
20 46 37.054
20 47 34.015
20 48 70.257
20 49 44.181
20 50 87.464
21 16 9 1
21 22 83.385
21 23 57.07
21 24 64.327
21 25 94.175
21 26 84.528
21 27 56.321
21 28 6.403
21 29 73.783
21 30 74.108
21 31 44.283
21 32 61.27
21 33 80.262
21 34 49.649
21 35 54.083
21 36 62.097
21 37 54.083
21 38 67.469
21 39 41.0
21 40 61.4
21 41 89.961
21 42 41.304
21 43 31.765
21 44 76.007
21 45 84.172
21 46 32.894
21 47 79.612
21 48 3.606
21 49 24.515
21 50 87.092
22 99 1 15
22 23 33.015
22 24 29.0
22 25 80.523
22 26 113.004
22 27 27.074
22 28 87.966
22 29 52.393
22 30 9.849
22 31 39.115
22 32 84.291
22 33 50.961
22 34 73.661
22 35 41.231
22 36 33.242
22 37 101.213
22 38 122.004
22 39 96.385
22 40 34.655
22 41 101.074
22 42 42.107
22 43 59.615
22 44 11.402
22 45 27.019
22 46 55.362
22 47 53.451
22 48 85.709
22 49 60.415
22 50 109.836
23 72 20 11
23 24 7.28
23 25 59.414
23 26 82.365
23 27 17.0
23 28 60.299
23 29 29.614
23 30 23.431
23 31 20.0
23 32 52.697
23 33 32.696
23 34 41.037
23 35 8.602
23 36 6.403
23 37 68.25
23 38 89.022
23 39 63.53
23 40 6.708
23 41 73.498
23 42 21.932
23 43 28.284
23 44 22.361
23 45 27.203
23 46 25.0
23 47 33.838
23 48 58.549
23 49 32.558
23 50 80.112
24 79 22 18
24 25 57.0
24 26 84.315
24 27 20.248
24 28 67.476
24 29 27.019
24 30 20.248
24 31 26.173
24 32 55.317
24 33 28.636
24 34 44.822
24 35 13.0
24 36 4.243
24 37 72.67
24 38 93.477
24 39 68.942
24 40 5.657
24 41 73.736
24 42 28.425
24 43 35.057
24 44 17.692
24 45 19.925
24 46 32.062
24 47 30.265
24 48 65.765
24 49 39.812
24 50 81.492
25 79 79 12
25 26 48.765
25 27 76.322
25 28 93.349
25 29 30.017
25 30 74.813
25 31 77.369
25 32 39.0
25 33 29.614
25 34 45.453
25 35 53.367
25 36 54.083
25 37 62.097
25 38 77.104
25 39 69.354
25 40 53.151
25 41 28.636
25 42 78.16
25 43 65.192
25 44 70.214
25 45 54.424
25 46 67.119
25 47 27.295
25 48 93.349
25 49 75.802
25 50 42.379
26 32 92 15
26 27 97.576
26 28 80.523
26 29 62.968
26 30 104.561
26 31 92.347
26 32 30.083
26 33 67.624
26 34 43.681
26 35 73.824
26 36 80.156
26 37 31.78
26 38 34.482
26 39 44.944
26 40 78.772
26 41 21.024
26 42 91.482
26 43 69.051
26 44 101.607
26 45 91.935
26 46 73.546
26 47 64.815
26 48 82.0
26 49 78.409
26 50 7.071
27 72 3 5
27 28 61.0
27 29 46.39
27 30 18.111
27 31 12.042
27 32 67.543
27 33 48.765
27 34 54.708
27 35 24.515
27 36 22.361
27 37 80.056
27 38 100.419
27 39 73.11
27 40 23.195
27 41 90.028
27 42 15.033
27 43 35.0
27 44 21.19
27 45 36.069
27 46 30.232
27 47 50.22
27 48 58.694
27 49 33.838
27 50 95.859
28 12 14 20
28 29 74.706
28 30 78.518
28 31 49.031
28 32 58.83
28 33 81.394
28 34 48.166
28 35 56.515
28 36 64.938
28 37 49.497
28 38 61.814
28 39 36.222
28 40 64.133
28 41 87.235
28 42 46.098
28 43 33.526
28 44 80.1
28 45 87.132
28 46 35.511
28 47 80.529
28 48 2.828
28 49 28.0
28 50 83.487
29 78 49 10
29 30 45.607
29 31 48.466
29 32 38.079
29 33 7.071
29 34 34.015
29 35 24.597
29 36 24.083
29 37 60.638
29 38 80.324
29 39 62.008
29 40 23.195
29 41 48.877
29 42 49.659
29 43 42.202
29 44 41.437
29 45 29.0
29 46 42.45
29 47 5.831
29 48 73.926
29 49 51.662
29 50 58.796
30 90 5 11
30 31 30.017
30 32 75.432
30 33 45.277
30 34 64.351
30 35 31.828
30 36 24.413
30 37 91.679
30 38 112.446
30 39 86.608
30 40 25.807
30 41 93.622
30 42 33.015
30 43 49.769
30 44 5.385
30 45 24.352
30 46 45.541
30 47 47.518
30 48 76.322
30 49 50.804
30 50 101.71
31 60 4 19
31 32 62.362
31 33 52.355
31 34 48.703
31 35 24.042
31 36 26.401
31 37 71.847
31 38 91.679
31 39 63.655
31 40 26.627
31 41 87.281
31 42 3.0
31 43 25.612
31 44 32.558
31 45 44.944
31 46 20.616
31 47 53.226
31 48 46.69
31 49 22.361
31 50 91.444
32 43 64 9
32 33 44.272
32 34 14.036
32 35 44.102
32 36 51.088
32 37 24.021
32 38 42.45
32 39 30.414
32 40 49.679
32 41 28.792
32 42 61.612
32 43 40.012
32 44 72.918
32 45 65.734
32 46 44.181
32 47 41.761
32 48 59.54
32 49 50.09
32 50 29.275
33 85 50 19
33 34 41.0
33 35 29.206
33 36 26.571
33 37 67.268
33 38 86.683
33 39 69.0
33 40 26.0
33 41 52.01
33 42 53.852
33 43 48.549
33 44 40.608
33 45 25.554
33 46 48.415
33 47 2.828
33 48 80.529
33 49 57.628
33 50 62.968
34 44 50 14
34 35 32.527
34 36 40.608
34 37 28.178
34 38 48.877
34 39 28.0
34 40 39.205
34 41 41.976
34 42 47.802
34 43 26.0
34 44 62.482
34 45 58.31
34 46 30.15
34 47 39.051
34 48 48.415
34 49 36.222
34 50 43.29
35 67 27 13
35 36 9.22
35 37 60.0
35 38 80.802
35 39 55.946
35 40 8.062
35 41 65.513
35 42 25.08
35 43 23.195
35 44 30.232
35 45 31.016
35 46 21.19
35 47 29.682
35 48 55.082
35 49 29.967
35 50 71.694
36 76 25 15
36 37 68.505
36 38 89.308
36 39 65.0
36 40 1.414
36 41 69.893
36 42 28.32
36 43 32.016
36 44 21.932
36 45 22.204
36 46 29.428
36 47 27.893
36 48 63.348
36 49 37.643
36 50 77.414
37 19 63 9
37 38 20.809
37 39 13.342
37 40 67.119
37 41 44.045
37 42 70.178
37 43 46.325
37 44 90.211
37 45 86.406
37 46 51.313
37 47 64.938
37 48 51.245
37 49 53.31
37 50 36.056
38 2 75 10
38 39 28.653
38 40 87.92
38 41 53.451
38 42 89.811
38 43 66.068
38 44 111.018
38 45 106.888
38 46 71.063
38 47 84.202
38 48 64.133
38 49 71.868
38 50 41.146
39 16 50 13
39 40 63.695
39 41 55.227
39 42 61.62
39 43 38.21
39 44 85.884
39 45 84.9
39 46 43.139
39 47 67.03
39 48 38.053
39 49 43.267
39 50 48.765
40 75 26 14
40 41 68.622
40 42 28.425
40 43 31.064
40 44 23.345
40 45 23.087
40 46 28.636
40 47 27.203
40 48 62.586
40 49 37.0
40 50 76.059
41 53 91 20
41 42 87.092
41 43 67.602
41 44 89.9
41 45 77.421
41 46 71.253
41 47 49.204
41 48 88.102
41 49 78.09
41 50 14.142
42 57 4 10
42 43 23.854
42 44 35.511
42 45 47.508
42 46 18.868
42 47 54.589
42 48 43.738
42 49 19.723
42 50 90.802
43 44 24 16
43 44 50.0
43 45 54.148
43 46 5.0
43 47 48.01
43 48 32.311
43 49 10.77
43 50 69.181
44 92 10 13
44 45 18.974
44 46 46.098
44 47 42.953
44 48 78.026
44 49 52.154
44 50 98.478
45 98 28 11
45 46 51.624
45 47 28.302
45 48 85.51
45 49 59.666
45 50 87.784
46 47 20 14
46 47 48.166
46 48 33.956
46 49 9.22
46 50 73.437
47 83 52 13
47 48 79.756
47 49 57.385
47 50 60.141
48 14 12 7
48 49 26.077
48 50 84.77
49 40 14 18
49 50 79.006
50 39 93 5
