10 2
1 2 82 8
1 2 38.013
1 3 105.891
1 4 72.402
1 5 65.276
1 6 14.213
1 7 51.546
1 8 54.589
1 9 19.925
1 10 83.869
2 33 60 12
2 3 68.015
2 4 39.812
2 5 49.739
2 6 23.854
2 7 18.974
2 8 26.926
2 9 25.179
2 10 48.301
3 84 15 4
3 4 43.417
3 5 76.026
3 6 91.679
3 7 60.745
3 8 65.307
3 9 89.889
3 10 29.069
4 41 21 10
4 5 33.242
4 6 59.059
4 7 46.098
4 8 55.082
4 9 53.413
4 10 14.56
5 8 17 10
5 6 56.223
5 7 65.192
5 8 74.518
5 9 46.0
5 10 47.0
6 13 73 16
6 7 38.639
6 8 43.012
6 9 11.18
6 10 70.0
7 51 66 16
7 8 9.434
7 9 43.105
7 10 49.163
8 56 74 9
8 9 49.244
8 10 57.009
9 8 63 11
9 10 65.765
10 55 17 3
