20 2
1 2 82 8
1 2 38.013
1 3 105.891
1 4 72.402
1 5 65.276
1 6 14.213
1 7 51.546
1 8 54.589
1 9 19.925
1 10 83.869
1 11 71.589
1 12 53.085
1 13 91.351
1 14 26.173
1 15 22.204
1 16 102.616
1 17 87.321
1 18 67.119
1 19 51.624
1 20 36.674
2 33 60 12
2 3 68.015
2 4 39.812
2 5 49.739
2 6 23.854
2 7 18.974
2 8 26.926
2 9 25.179
2 10 48.301
2 11 50.596
2 12 33.302
2 13 61.612
2 14 12.649
2 15 37.336
2 16 64.661
2 17 50.695
2 18 29.732
2 19 22.361
2 20 29.428
3 84 15 4
3 4 43.417
3 5 76.026
3 6 91.679
3 7 60.745
3 8 65.307
3 9 89.889
3 10 29.069
3 11 67.067
3 12 75.769
3 13 59.682
3 14 79.812
3 15 102.45
3 16 4.123
3 17 32.062
3 18 41.881
3 19 59.615
3 20 87.132
4 41 21 10
4 5 33.242
4 6 59.059
4 7 46.098
4 8 55.082
4 9 53.413
4 10 14.56
4 11 25.632
4 12 65.513
4 13 74.25
4 14 47.424
4 15 76.922
4 16 42.048
4 17 48.549
4 18 35.228
4 19 20.809
4 20 68.066
5 8 17 10
5 6 56.223
5 7 65.192
5 8 74.518
5 9 46.0
5 10 47.0
5 11 10.296
5 12 82.662
5 13 102.343
5 14 48.765
5 15 78.918
5 16 75.027
5 17 79.85
5 18 62.434
5 19 29.698
5 20 78.0
6 13 73 16
6 7 38.639
6 8 43.012
6 9 11.18
6 10 70.0
6 11 61.131
6 12 43.681
6 13 80.006
6 14 12.042
6 15 23.087
6 16 88.408
6 17 73.736
6 18 53.226
6 19 38.484
6 20 29.682
7 51 66 16
7 8 9.434
7 9 43.105
7 10 49.163
7 11 63.812
7 12 19.416
7 13 42.755
7 14 30.067
7 15 42.45
7 16 56.859
7 17 36.359
7 18 18.868
7 19 35.609
7 20 26.42
8 56 74 9
8 9 49.244
8 10 57.009
8 11 73.246
8 12 11.045
8 13 37.0
8 14 36.401
8 15 41.677
8 16 61.27
8 17 37.483
8 18 24.515
8 19 45.0
8 20 23.431
9 8 63 11
9 10 65.765
9 11 51.788
9 12 51.894
9 13 85.709
9 14 13.038
9 15 34.176
9 16 86.954
9 17 75.71
9 18 54.571
9 19 32.65
9 20 39.699
10 55 17 3
10 11 38.328
10 12 68.0
10 13 68.505
10 14 58.009
10 15 85.493
10 16 28.071
10 17 40.361
10 18 33.541
10 19 33.422
10 20 73.98
11 17 12 12
11 12 82.298
11 13 98.082
11 14 52.154
11 15 83.054
11 16 66.37
11 17 73.824
11 18 58.138
11 19 28.636
11 20 79.812
12 55 85 3
12 13 39.56
12 14 39.962
12 15 36.401
12 16 71.694
12 17 46.615
12 18 35.511
12 19 53.712
12 20 17.464
13 93 74 18
13 14 72.691
13 15 75.961
13 16 55.902
13 17 29.155
13 18 40.0
13 19 73.43
13 20 57.009
14 21 64 10
14 15 31.016
14 16 76.609
14 17 63.325
14 18 42.379
14 19 27.203
14 20 30.232
15 20 95 15
15 16 98.717
15 17 78.409
15 18 60.877
15 19 57.706
15 20 18.974
16 83 19 20
16 17 28.018
16 18 38.013
16 19 57.245
16 20 83.217
17 82 47 6
17 18 21.213
17 19 53.759
17 20 60.828
18 61 50 17
18 19 34.176
18 20 45.277
19 29 38 12
19 20 51.788
20 38 89 13
