50 4
1 2 82 8
1 2 38.013
1 3 105.891
1 4 72.402
1 5 65.276
1 6 14.213
1 7 51.546
1 8 54.589
1 9 19.925
1 10 83.869
1 11 71.589
1 12 53.085
1 13 91.351
1 14 26.173
1 15 22.204
1 16 102.616
1 17 87.321
1 18 67.119
1 19 51.624
1 20 36.674
1 21 22.847
1 22 20.616
1 23 1.0
1 24 63.151
1 25 50.99
1 26 99.705
1 27 112.361
1 28 63.127
1 29 24.759
1 30 33.734
1 31 88.204
1 32 41.761
1 33 122.287
1 34 61.27
1 35 51.546
1 36 91.417
1 37 60.216
1 38 79.076
1 39 71.805
1 40 89.359
1 41 55.082
1 42 42.0
1 43 93.15
1 44 10.05
1 45 37.696
1 46 104.752
1 47 81.394
1 48 19.313
1 49 104.924
1 50 43.186
2 33 60 12
2 3 68.015
2 4 39.812
2 5 49.739
2 6 23.854
2 7 18.974
2 8 26.926
2 9 25.179
2 10 48.301
2 11 50.596
2 12 33.302
2 13 61.612
2 14 12.649
2 15 37.336
2 16 64.661
2 17 50.695
2 18 29.732
2 19 22.361
2 20 29.428
2 21 32.573
2 22 29.155
2 23 38.833
2 24 44.283
2 25 37.216
2 26 62.626
2 27 74.431
2 28 25.495
2 29 13.928
2 30 29.069
2 31 50.249
2 32 26.173
2 33 84.386
2 34 24.515
2 35 42.048
2 36 55.731
2 37 27.295
2 38 58.6
2 39 50.289
2 40 59.666
2 41 34.886
2 42 24.597
2 43 60.877
2 44 32.311
2 45 8.944
2 46 68.659
2 47 44.944
2 48 19.849
2 49 68.411
2 50 28.636
3 84 15 4
3 4 43.417
3 5 76.026
3 6 91.679
3 7 60.745
3 8 65.307
3 9 89.889
3 10 29.069
3 11 67.067
3 12 75.769
3 13 59.682
3 14 79.812
3 15 102.45
3 16 4.123
3 17 32.062
3 18 41.881
3 19 59.615
3 20 87.132
3 21 97.453
3 22 95.016
3 23 106.668
3 24 70.178
3 25 83.385
3 26 12.649
3 27 14.765
3 28 42.802
3 29 81.216
3 30 88.752
3 31 20.616
3 32 75.027
3 33 16.401
3 34 48.26
3 35 89.32
3 36 36.222
3 37 50.329
3 38 80.1
3 39 66.068
3 40 59.414
3 41 68.447
3 42 78.032
3 43 38.626
3 44 99.045
3 45 70.838
3 46 34.0
3 47 27.893
3 48 87.727
3 49 30.887
3 50 81.006
4 41 21 10
4 5 33.242
4 6 59.059
4 7 46.098
4 8 55.082
4 9 53.413
4 10 14.56
4 11 25.632
4 12 65.513
4 13 74.25
4 14 47.424
4 15 76.922
4 16 42.048
4 17 48.549
4 18 35.228
4 19 20.809
4 20 68.066
4 21 72.277
4 22 68.68
4 23 72.945
4 24 27.019
4 25 71.847
4 26 32.573
4 27 56.009
4 28 21.932
4 29 48.754
4 30 68.264
4 31 37.336
4 32 34.205
4 33 58.241
4 34 37.577
4 35 77.647
4 36 55.758
4 37 12.649
4 38 83.648
4 39 24.698
4 40 72.863
4 41 25.298
4 42 61.074
4 43 21.19
4 44 63.6
4 45 47.17
4 46 63.695
4 47 16.031
4 48 57.94
4 49 61.685
4 50 65.123
5 8 17 10
5 6 56.223
5 7 65.192
5 8 74.518
5 9 46.0
5 10 47.0
5 11 10.296
5 12 82.662
5 13 102.343
5 14 48.765
5 15 78.918
5 16 75.027
5 17 79.85
5 18 62.434
5 19 29.698
5 20 78.0
5 21 75.505
5 22 71.386
5 23 65.376
5 24 6.708
5 25 86.954
5 26 64.281
5 27 89.14
5 28 48.374
5 29 49.477
5 30 76.896
5 31 70.093
5 32 25.71
5 33 89.805
5 34 62.008
5 35 91.706
5 36 86.925
5 37 33.121
5 38 106.151
5 39 11.18
5 40 100.688
5 41 15.0
5 42 74.303
5 43 43.081
5 44 55.227
5 45 58.669
5 46 96.167
5 47 49.254
5 48 59.228
5 49 94.372
5 50 78.294
6 13 73 16
6 7 38.639
6 8 43.012
6 9 11.18
6 10 70.0
6 11 61.131
6 12 43.681
6 13 80.006
6 14 12.042
6 15 23.087
6 16 88.408
6 17 73.736
6 18 53.226
6 19 38.484
6 20 29.682
6 21 20.591
6 22 16.643
6 23 15.0
6 24 53.009
6 25 43.382
6 26 85.586
6 27 98.27
6 28 48.918
6 29 10.63
6 30 27.203
6 31 74.095
6 32 31.016
6 33 108.074
6 34 47.539
6 35 45.486
6 36 78.16
6 37 46.648
6 38 70.52
6 39 61.205
6 40 78.006
6 41 44.181
6 42 32.28
6 43 80.056
6 44 10.05
6 45 24.515
6 46 91.395
6 47 67.357
6 48 7.28
6 49 91.417
6 50 34.54
7 51 66 16
7 8 9.434
7 9 43.105
7 10 49.163
7 11 63.812
7 12 19.416
7 13 42.755
7 14 30.067
7 15 42.45
7 16 56.859
7 17 36.359
7 18 18.868
7 19 35.609
7 20 26.42
7 21 37.537
7 22 35.805
7 23 52.498
7 24 59.034
7 25 26.019
7 26 58.873
7 27 63.655
7 28 25.02
7 29 31.016
7 30 28.018
7 31 40.608
7 32 44.102
7 33 76.4
7 34 12.53
7 35 32.0
7 36 39.925
7 37 35.847
7 38 41.012
7 39 63.285
7 40 40.792
7 41 50.249
7 42 17.464
7 43 65.069
7 44 48.374
7 45 14.142
7 46 53.31
7 47 44.407
7 48 32.28
7 49 53.666
7 50 20.881
8 56 74 9
8 9 49.244
8 10 57.009
8 11 73.246
8 12 11.045
8 13 37.0
8 14 36.401
8 15 41.677
8 16 61.27
8 17 37.483
8 18 24.515
8 19 45.0
8 20 23.431
8 21 37.121
8 22 36.401
8 23 55.579
8 24 68.411
8 25 18.439
8 26 65.0
8 27 66.219
8 28 33.541
8 29 37.108
8 30 25.807
8 31 44.721
8 32 52.802
8 33 80.262
8 34 19.026
8 35 24.515
8 36 39.408
8 37 45.188
8 38 31.89
8 39 72.719
8 40 35.0
8 41 59.548
8 42 14.422
8 43 73.437
8 44 53.038
8 45 19.925
8 46 52.697
8 47 52.01
8 48 36.014
8 49 53.6
8 50 16.279
9 8 63 11
9 10 65.765
9 11 51.788
9 12 51.894
9 13 85.709
9 14 13.038
9 15 34.176
9 16 86.954
9 17 75.71
9 18 54.571
9 19 32.65
9 20 39.699
9 21 31.765
9 22 27.785
9 23 20.248
9 24 43.417
9 25 52.697
9 26 82.462
9 27 97.99
9 28 47.413
9 29 12.166
9 30 37.483
9 31 73.926
9 32 21.84
9 33 106.231
9 34 49.649
9 35 55.444
9 36 80.895
9 37 41.725
9 38 78.791
9 39 51.971
9 40 83.726
9 41 35.171
9 42 40.706
9 43 73.783
9 44 10.296
9 45 29.428
9 46 93.744
9 47 63.891
9 48 16.971
9 49 93.392
9 50 43.566
10 55 17 3
10 11 38.328
10 12 68.0
10 13 68.505
10 14 58.009
10 15 85.493
10 16 28.071
10 17 40.361
10 18 33.541
10 19 33.422
10 20 73.98
10 21 80.623
10 22 77.389
10 23 84.504
10 24 41.11
10 25 75.06
10 26 18.028
10 27 42.297
10 28 24.515
10 29 59.405
10 30 74.726
10 31 27.019
10 32 48.021
10 33 43.681
10 34 38.053
10 35 81.099
10 36 47.381
10 37 24.083
10 38 81.908
10 39 37.336
10 40 67.417
10 41 39.85
10 42 65.924
10 43 17.464
10 44 75.69
10 45 54.083
10 46 53.0
10 47 5.385
10 48 67.742
10 49 50.606
10 50 69.721
11 17 12 12
11 12 82.298
11 13 98.082
11 14 52.154
11 15 83.054
11 16 66.37
11 17 73.824
11 18 58.138
11 19 28.636
11 20 79.812
11 21 79.228
11 22 75.166
11 23 71.805
11 24 8.544
11 25 87.321
11 26 55.009
11 27 80.623
11 28 43.932
11 29 53.085
11 30 79.076
11 31 62.968
11 32 30.15
11 33 80.306
11 34 58.728
11 35 92.477
11 36 81.006
11 37 29.0
11 38 104.202
11 39 1.0
11 40 96.54
11 41 17.0
11 42 75.027
11 43 32.894
11 44 61.612
11 45 59.464
11 46 89.32
11 47 41.231
11 48 63.071
11 49 87.316
11 50 79.12
12 55 85 3
12 13 39.56
12 14 39.962
12 15 36.401
12 16 71.694
12 17 46.615
12 18 35.511
12 19 53.712
12 20 17.464
12 21 32.558
12 22 33.061
12 23 54.083
12 24 76.851
12 25 7.616
12 26 75.928
12 27 75.717
12 28 44.283
12 29 40.311
12 30 20.396
12 31 55.154
12 32 59.414
12 33 90.355
12 34 30.067
12 35 13.601
12 36 47.381
12 37 55.027
12 38 26.926
12 39 81.841
12 40 37.643
12 41 67.676
12 42 11.402
12 43 84.291
12 44 53.6
12 45 24.759
12 46 60.208
12 47 63.032
12 48 36.401
12 49 61.522
12 50 10.05
13 93 74 18
13 14 72.691
13 15 75.961
13 16 55.902
13 17 29.155
13 18 40.0
13 19 73.43
13 20 57.009
13 21 72.035
13 22 72.18
13 23 92.347
13 24 95.692
13 25 44.777
13 26 66.408
13 27 52.154
13 28 54.203
13 29 73.553
13 30 59.908
13 31 43.463
13 32 85.235
13 33 69.116
13 34 40.706
13 35 48.374
13 36 23.537
13 37 69.405
13 38 24.698
13 39 97.309
13 40 2.0
13 41 88.323
13 42 49.649
13 43 85.755
13 44 90.022
13 45 56.321
13 46 29.833
13 47 63.246
13 48 73.007
13 49 32.558
13 50 49.477
14 21 64 10
14 15 31.016
14 16 76.609
14 17 63.325
14 18 42.379
14 19 27.203
14 20 30.232
14 21 27.074
14 22 23.022
14 23 26.907
14 24 44.553
14 25 41.773
14 26 73.553
14 27 86.833
14 28 37.014
14 29 1.414
14 30 28.653
14 31 62.65
14 32 23.087
14 33 96.213
14 34 37.108
14 35 45.343
14 36 68.25
14 37 34.886
14 38 66.648
14 39 52.086
14 40 70.711
14 41 35.228
14 42 29.206
14 43 68.542
14 44 19.698
14 45 16.492
14 46 81.253
14 47 55.317
14 48 11.045
14 49 81.043
14 50 32.558
15 20 95 15
15 16 98.717
15 17 78.409
15 18 60.877
15 19 57.706
15 20 18.974
15 21 5.0
15 22 8.246
15 23 23.022
15 24 75.24
15 25 32.14
15 26 98.793
15 27 106.104
15 28 61.774
15 29 30.0
15 30 16.155
15 31 82.807
15 32 53.339
15 33 118.444
15 34 54.489
15 35 31.145
15 36 80.994
15 37 64.288
15 38 60.0
15 39 83.024
15 40 74.041
15 41 66.068
15 42 27.295
15 43 98.082
15 44 28.601
15 45 31.906
15 46 94.34
15 47 81.841
15 48 20.0
15 49 95.131
15 50 26.571
16 83 19 20
16 17 28.018
16 18 38.013
16 19 57.245
16 20 83.217
16 21 93.723
16 22 91.351
16 23 103.407
16 24 69.007
16 25 79.31
16 26 13.601
16 27 14.318
16 28 39.661
16 29 78.006
16 30 84.876
16 31 16.553
16 32 72.732
16 33 19.799
16 34 44.407
16 35 85.235
16 36 32.388
16 37 48.083
16 38 76.059
16 39 65.376
16 40 55.579
16 41 66.753
16 42 74.095
16 43 39.357
16 44 95.964
16 45 67.209
16 46 31.064
16 47 26.173
16 48 84.291
16 49 28.018
16 50 77.026
17 82 47 6
17 18 21.213
17 19 53.759
17 20 60.828
17 21 73.6
17 22 72.111
17 23 88.238
17 24 73.164
17 25 54.083
17 26 37.363
17 27 29.155
17 28 32.558
17 29 64.56
17 30 63.032
17 31 14.318
17 32 68.184
17 33 44.598
17 34 26.249
17 35 59.682
17 36 7.211
17 37 47.127
17 38 48.042
17 39 72.945
17 40 28.46
17 41 67.446
17 42 51.662
17 43 57.201
17 44 82.861
17 45 49.659
17 46 18.111
17 47 35.355
17 48 68.029
17 49 17.72
17 50 53.759
18 61 50 17
18 19 34.176
18 20 45.277
18 21 55.902
18 22 53.759
18 23 68.0
18 24 55.758
18 25 42.953
18 26 40.522
18 27 45.607
18 28 14.213
18 29 43.658
18 30 46.872
18 31 21.932
18 32 47.676
18 33 57.628
18 34 6.403
18 35 49.031
18 36 27.019
18 37 29.411
18 38 48.847
18 39 57.385
18 40 38.419
18 41 48.754
18 42 36.235
18 43 50.695
18 44 62.032
18 45 30.0
18 46 39.319
18 47 28.284
18 48 48.021
18 49 38.833
18 50 39.395
19 29 38 12
19 20 51.788
19 21 53.339
19 22 49.497
19 23 52.154
19 24 23.431
19 25 58.694
19 26 50.774
19 27 69.857
19 28 21.213
19 29 28.46
19 30 51.352
19 31 47.17
19 32 15.524
19 33 75.584
19 34 32.757
19 35 63.906
19 36 60.415
19 37 9.434
19 38 76.485
19 39 28.231
19 40 71.694
19 41 15.0
19 42 46.487
19 43 41.593
19 44 42.802
19 45 31.048
19 46 71.344
19 47 32.249
19 48 38.079
19 49 70.114
19 50 50.596
20 38 89 13
20 21 15.133
20 22 16.125
20 23 37.656
20 24 73.055
20 25 14.318
20 26 85.088
20 27 89.275
20 28 49.477
20 29 30.0
20 30 3.0
20 31 66.851
20 32 52.773
20 33 102.65
20 34 38.949
20 35 15.811
20 36 62.801
20 37 56.009
20 38 42.426
20 39 79.555
20 40 55.082
20 41 63.569
20 42 9.22
20 43 88.566
20 44 38.91
20 45 21.024
20 46 76.026
20 47 69.642
20 48 22.804
20 49 77.006
20 50 7.616
21 23 91 11
21 22 4.123
21 23 23.77
21 24 71.568
21 25 29.017
21 26 93.814
21 27 101.178
21 28 56.824
21 29 26.173
21 30 12.166
21 31 77.833
21 32 49.82
21 33 113.455
21 34 49.518
21 35 28.862
21 36 76.322
21 37 59.666
21 38 57.14
21 39 79.158
21 40 70.093
21 41 62.29
21 42 22.847
21 43 93.408
21 44 27.586
21 45 26.926
21 46 89.694
21 47 76.922
21 48 16.279
21 49 90.427
21 50 22.561
22 22 87 17
22 23 21.587
22 24 67.476
22 25 30.414
22 26 90.973
22 27 99.247
22 28 53.852
22 29 22.091
22 30 13.153
22 31 75.664
22 32 45.706
22 33 111.126
22 34 47.424
22 35 31.016
22 36 75.18
22 37 56.045
22 38 58.549
22 39 75.107
22 40 70.214
22 41 58.215
22 42 22.561
22 43 89.844
22 44 24.207
22 45 24.207
22 46 88.589
22 47 73.824
22 48 12.166
22 49 89.185
22 50 23.022
23 1 82 13
23 24 63.348
23 25 51.971
23 26 100.409
23 27 113.208
23 28 63.891
23 29 25.495
23 30 34.713
23 31 89.045
23 32 42.059
23 33 123.065
23 34 62.169
23 35 52.498
23 36 92.358
23 37 60.803
23 38 80.062
23 39 72.035
23 40 90.355
23 41 55.362
23 42 43.0
23 43 93.648
23 44 10.198
23 45 38.626
23 46 105.688
23 47 82.073
23 48 20.248
23 49 105.849
23 50 44.181
24 14 20 2
24 25 81.413
24 26 58.694
24 27 83.024
24 28 41.677
24 29 45.398
24 30 72.125
24 31 63.561
24 32 22.0
24 33 84.345
24 34 55.444
24 35 86.331
24 36 80.231
24 37 26.42
24 38 99.905
24 39 8.944
24 40 94.048
24 41 9.487
24 42 68.877
24 43 38.949
24 44 53.151
24 45 53.226
24 46 89.56
24 47 43.046
24 48 55.326
24 49 87.801
24 50 72.918
25 52 92 12
25 26 83.433
25 27 83.217
25 28 51.039
25 29 41.869
25 30 17.263
25 31 62.769
25 32 62.801
25 33 97.949
25 34 37.336
25 35 6.083
25 36 54.562
25 37 60.877
25 38 28.16
25 39 86.925
25 40 42.953
25 41 72.069
25 42 12.806
25 43 91.088
25 44 52.924
25 45 28.302
25 46 67.179
25 47 70.178
25 48 36.235
25 49 68.622
25 50 9.22
26 72 11 13
26 27 27.313
26 28 37.202
26 29 74.967
26 30 86.331
26 31 23.345
26 32 65.765
26 33 25.71
26 34 46.487
26 35 89.499
26 36 43.081
26 37 41.34
26 38 84.38
26 39 54.009
26 40 65.803
26 41 57.871
26 42 76.322
26 43 26.0
26 44 92.098
26 45 66.888
26 46 44.045
26 47 18.601
26 48 82.462
26 49 41.11
26 50 79.712
27 97 22 12
27 28 50.695
27 29 88.193
27 30 91.285
27 31 24.187
27 32 85.376
27 33 17.0
27 34 51.856
27 35 88.837
27 36 30.364
27 37 61.0
27 38 74.953
27 39 79.63
27 40 52.345
27 41 80.306
27 42 80.056
27 43 53.31
27 44 106.471
27 45 75.604
27 46 23.195
27 47 40.0
27 48 93.477
27 49 20.1
27 50 82.462
28 50 41 2
28 29 38.419
28 30 50.289
28 31 26.926
28 32 36.014
28 33 59.203
28 34 15.652
28 35 57.009
28 36 39.294
28 37 15.264
28 38 61.774
28 39 43.186
28 40 52.631
28 41 35.114
28 42 41.437
28 43 40.05
28 44 56.303
28 45 29.967
28 46 50.16
28 47 20.248
28 48 45.343
28 49 49.01
28 50 45.277
29 20 65 12
29 30 28.302
29 31 64.008
29 32 23.77
29 33 97.617
29 34 38.328
29 35 45.277
29 36 69.426
29 37 36.235
29 38 67.082
29 39 53.038
29 40 71.568
29 41 36.125
29 42 29.411
29 43 69.857
29 44 18.385
29 45 17.263
29 46 82.462
29 47 56.727
29 48 10.0
29 49 82.28
29 50 32.65
30 35 89 13
30 31 68.6
30 32 51.478
30 33 104.403
30 34 40.497
30 35 18.358
30 36 65.215
30 37 56.036
30 38 45.398
30 39 78.854
30 40 57.974
30 41 62.642
30 42 11.402
30 43 88.955
30 44 36.235
30 45 21.095
30 46 78.492
30 47 70.52
30 48 20.518
30 49 79.404
30 50 10.44
31 76 34 11
31 32 62.514
31 33 35.805
31 34 28.32
31 35 68.71
31 36 20.809
31 37 39.013
31 38 61.131
31 39 62.032
31 40 42.72
31 41 59.211
31 42 57.689
31 43 43.278
31 44 82.298
31 45 51.74
31 46 26.401
31 47 22.472
31 48 69.405
31 49 24.352
31 50 60.539
32 14 42 5
32 33 90.874
32 34 44.922
32 35 67.119
32 36 74.545
32 37 24.698
32 38 84.646
32 39 30.265
32 40 83.385
32 41 13.342
32 42 50.0
32 43 53.263
32 44 31.953
32 45 34.713
32 46 86.052
32 47 47.424
32 48 33.541
32 49 85.0
32 50 53.824
33 97 5 12
33 34 64.031
33 35 103.755
33 36 46.872
33 37 66.212
33 38 91.591
33 39 79.31
33 40 69.26
33 41 83.522
33 42 93.477
33 43 49.163
33 44 115.434
33 45 87.0
33 46 40.112
33 47 43.463
33 48 104.062
33 49 37.054
33 50 96.255
34 57 55 16
34 35 43.417
34 36 31.257
34 37 29.732
34 38 46.141
34 39 58.052
34 40 38.949
34 41 47.707
34 42 29.967
34 43 54.745
34 44 56.613
34 45 23.854
34 46 44.147
34 47 33.0
34 48 42.059
34 49 43.966
34 50 33.242
35 51 98 9
35 36 59.816
35 37 66.491
35 38 29.155
35 39 92.114
35 40 46.648
35 41 76.922
35 42 17.464
35 43 97.046
35 44 54.589
35 45 33.106
35 46 72.18
35 47 76.236
35 48 38.601
35 49 73.756
35 50 13.416
36 88 51 14
36 37 54.083
36 38 44.721
36 39 80.131
36 40 23.195
36 41 74.33
36 42 53.824
36 43 64.031
36 44 87.556
36 45 53.759
36 46 13.416
36 47 42.45
36 48 72.111
36 49 14.213
36 50 55.444
37 37 33 6
37 38 75.452
37 39 28.32
37 40 67.801
37 41 20.396
37 42 49.497
37 43 33.838
37 44 51.74
37 45 35.0
37 46 64.133
37 47 22.825
37 48 45.31
37 49 62.65
37 50 53.6
38 80 95 6
38 39 103.6
38 40 23.707
38 41 91.241
38 42 38.275
38 43 99.298
38 44 80.362
38 45 50.774
38 46 53.852
38 47 76.538
38 48 63.246
38 49 56.303
38 50 36.139
39 18 12 14
39 40 95.776
39 41 17.029
39 42 74.673
39 43 31.953
39 44 61.847
39 45 59.135
39 46 88.391
39 47 40.262
39 48 63.032
39 49 86.377
39 50 78.772
40 91 74 20
40 41 86.608
40 42 47.676
40 43 84.723
40 44 88.023
40 45 54.332
40 46 30.364
40 47 62.129
40 48 71.007
40 49 32.985
40 50 47.539
41 17 29 20
41 42 59.481
41 43 41.773
41 44 45.222
41 45 43.829
41 46 84.528
41 47 40.608
41 48 46.098
41 49 83.024
41 50 63.506
42 44 82 17
42 43 81.099
42 44 42.202
42 45 15.652
42 46 67.119
42 47 61.392
42 48 25.0
42 49 68.007
42 50 4.123
43 48 1 2
43 44 84.06
43 45 67.897
43 46 68.118
43 47 22.847
43 48 79.12
43 49 65.437
43 50 85.053
44 3 72 18
44 45 34.234
44 46 100.688
44 47 73.593
44 48 17.263
44 49 100.578
44 50 44.272
45 37 68 15
45 46 67.067
45 47 50.16
45 48 18.385
45 49 67.231
45 50 19.698
46 100 45 8
46 47 48.765
46 48 85.44
46 49 3.162
46 50 68.6
47 57 22 13
47 48 64.637
47 49 46.519
47 50 65.115
48 20 75 18
48 49 85.615
48 50 27.313
49 99 42 16
49 50 69.656
50 45 86 2
