60 4 10
1 2 62 5
1 2 86.331
1 3 42.802
1 4 67.424
1 5 54.644
1 6 76.4
1 7 78.447
1 8 107.703
1 9 100.846
1 10 57.871
1 11 42.059
1 12 93.107
1 13 44.272
1 14 21.0
1 15 25.495
1 16 35.128
1 17 56.886
1 18 16.971
1 19 60.141
1 20 101.242
1 21 10.817
1 22 54.378
1 23 58.523
1 24 72.18
1 25 82.152
1 26 60.828
1 27 58.669
1 28 72.835
1 29 43.139
1 30 67.186
1 31 70.214
1 32 15.264
1 33 36.497
1 34 61.008
1 35 102.157
1 36 14.56
1 37 69.635
1 38 64.382
1 39 23.324
1 40 83.726
1 41 19.105
1 42 52.402
1 43 94.255
1 44 10.198
1 45 62.032
1 46 50.329
1 47 69.971
1 48 53.46
1 49 52.086
1 50 4.123
1 51 13.601
1 52 4.123
1 53 105.679
1 54 73.348
1 55 48.104
1 56 50.12
1 57 34.205
1 58 107.838
1 59 68.359
1 60 92.655
2 80 25 8
2 3 76.844
2 4 23.087
2 5 47.676
2 6 18.439
2 7 60.075
2 8 23.601
2 9 16.643
2 10 51.478
2 11 70.214
2 12 7.071
2 13 62.426
2 14 97.201
2 15 63.6
2 16 75.027
2 17 51.894
2 18 70.576
2 19 37.656
2 20 19.313
2 21 75.644
2 22 49.82
2 23 74.847
2 24 27.731
2 25 32.249
2 26 71.784
2 27 28.16
2 28 30.887
2 29 47.518
2 30 43.417
2 31 42.059
2 32 86.023
2 33 72.007
2 34 80.654
2 35 16.279
2 36 77.492
2 37 21.213
2 38 46.174
2 39 63.159
2 40 6.403
2 41 94.403
2 42 81.884
2 43 15.0
2 44 78.39
2 45 62.298
2 46 87.464
2 47 47.885
2 48 72.78
2 49 42.802
2 50 85.615
2 51 76.851
2 52 87.235
2 53 20.518
2 54 13.0
2 55 45.044
2 56 69.836
2 57 69.116
2 58 21.541
2 59 31.623
2 60 50.0
3 36 88 2
3 4 68.308
3 5 71.063
3 6 60.208
3 7 41.11
3 8 100.439
3 9 93.477
3 10 28.018
3 11 6.708
3 12 81.835
3 13 14.422
3 14 34.366
3 15 48.104
3 16 68.425
3 17 27.203
3 18 43.909
3 19 70.349
3 20 95.718
3 21 40.608
3 22 72.173
3 23 16.155
3 24 77.369
3 25 57.14
3 26 89.286
3 27 57.567
3 28 79.831
3 29 56.08
3 30 39.115
3 31 83.295
3 32 29.069
3 33 68.029
3 34 93.048
3 35 89.196
3 36 50.0
3 37 69.893
3 38 35.511
3 39 40.497
3 40 77.524
3 41 32.757
3 42 10.296
3 43 77.795
3 44 33.941
3 45 24.331
3 46 12.042
3 47 86.023
3 48 83.487
3 49 34.132
3 50 46.098
3 51 30.414
3 52 39.661
3 53 97.201
3 54 66.242
3 55 61.008
3 56 10.198
3 57 64.078
3 58 95.588
3 59 47.381
3 60 59.908
4 57 23 8
4 5 24.739
4 6 27.586
4 7 65.146
4 8 40.719
4 9 34.176
4 10 49.041
4 11 61.685
4 12 30.017
4 13 54.571
4 14 81.394
4 15 42.942
4 16 52.154
4 17 49.01
4 18 50.774
4 19 14.866
4 20 34.0
4 21 56.613
4 22 26.926
4 23 71.253
4 24 10.198
4 25 43.417
4 26 49.659
4 27 10.77
4 28 13.601
4 29 25.632
4 30 45.607
4 31 22.804
4 32 70.093
4 33 49.092
4 34 58.31
4 35 39.013
4 36 56.798
4 37 2.236
4 38 46.872
4 39 44.204
4 40 18.111
4 41 78.568
4 42 75.71
4 43 36.688
4 44 60.877
4 45 61.074
4 46 80.081
4 47 28.32
4 48 50.0
4 49 36.125
4 50 66.038
4 51 60.108
4 52 69.029
4 53 39.217
4 54 13.038
4 55 22.361
4 56 63.953
4 57 46.39
4 58 43.417
4 59 34.54
4 60 62.201
5 33 17 18
5 6 50.249
5 7 80.994
5 8 61.984
5 9 56.321
5 10 60.836
5 11 65.276
5 12 54.452
5 13 60.017
5 14 72.918
5 15 29.53
5 16 29.732
5 17 60.415
5 18 38.079
5 19 10.05
5 20 54.918
5 21 44.777
5 22 2.236
5 23 79.076
5 24 22.361
5 25 64.815
5 26 25.807
5 27 25.612
5 28 21.19
5 29 15.0
5 30 61.612
5 31 15.62
5 32 62.394
5 33 26.571
5 34 34.0
5 35 63.198
5 36 41.11
5 37 26.476
5 38 61.587
5 39 34.785
5 40 42.19
5 41 70.264
5 42 80.399
5 43 61.4
5 44 51.478
5 45 72.236
5 46 83.024
5 47 15.811
5 48 25.298
5 49 46.957
5 50 52.01
5 51 52.202
5 52 57.454
5 53 61.4
5 54 37.336
5 55 10.198
5 56 70.214
5 57 25.06
5 58 67.0
5 59 53.038
5 60 82.807
6 76 43 20
6 7 42.012
6 8 41.146
6 9 34.54
6 10 33.615
6 11 53.759
6 12 21.954
6 13 45.967
6 14 84.119
6 15 57.0
6 16 72.78
6 17 34.132
6 18 62.394
6 19 41.4
6 20 37.643
6 21 66.287
6 22 52.479
6 23 56.798
6 24 36.62
6 25 16.125
6 26 76.007
6 27 25.08
6 28 40.224
6 29 44.385
6 30 25.0
6 31 50.329
6 32 73.348
6 33 70.093
6 34 84.22
6 35 29.0
6 36 70.178
6 37 27.019
6 38 27.857
6 39 54.452
6 40 22.023
6 41 81.413
6 42 64.351
6 43 18.358
6 44 67.357
6 45 44.011
6 46 70.214
6 47 55.902
6 48 75.133
6 49 27.203
6 50 76.485
6 51 65.192
6 52 76.538
6 53 37.59
6 54 15.264
6 55 44.011
6 56 52.431
6 57 66.491
6 58 35.384
6 59 13.416
6 60 34.986
7 77 85 17
7 8 80.808
7 9 74.967
7 10 22.204
7 11 38.118
7 12 61.814
7 13 34.205
7 14 75.027
7 15 71.61
7 16 92.455
7 17 23.022
7 18 72.069
7 19 75.133
7 20 78.638
7 21 72.09
7 22 82.928
7 23 27.514
7 24 75.286
7 25 28.862
7 26 105.423
7 27 57.271
7 28 78.746
7 29 68.884
7 30 19.698
7 31 86.925
7 32 67.742
7 33 90.785
7 34 111.946
7 35 65.803
7 36 80.062
7 37 65.521
7 38 19.416
7 39 65.192
7 40 64.031
7 41 73.11
7 42 37.947
7 43 53.16
7 44 68.308
7 45 17.029
7 46 44.598
7 47 91.706
7 48 101.98
7 49 34.713
7 50 80.654
7 51 64.846
7 52 76.4
7 53 76.903
7 54 55.731
7 55 71.61
7 56 31.016
7 57 86.556
7 58 71.784
7 59 30.806
7 60 20.809
8 94 6 9
8 9 7.071
8 10 74.706
8 11 93.814
8 12 19.313
8 13 86.023
8 14 119.971
8 15 83.63
8 16 91.444
8 17 75.18
8 18 91.302
8 19 52.393
8 20 7.071
8 21 96.897
8 22 63.789
8 23 97.944
8 24 39.623
8 25 51.971
8 26 82.098
8 27 49.092
8 28 41.195
8 29 66.31
8 30 65.924
8 31 51.01
8 32 108.706
8 33 88.295
8 34 91.137
8 35 16.125
8 36 97.509
8 37 38.484
8 38 68.942
8 39 84.38
8 40 24.207
8 41 117.154
8 42 105.309
8 43 28.071
8 44 100.439
8 45 85.088
8 46 110.982
8 47 56.143
8 48 85.053
8 49 66.4
8 50 106.55
8 51 99.202
8 52 109.0
8 53 4.0
8 54 35.384
8 55 62.626
8 56 93.295
8 57 86.128
8 58 12.53
8 59 54.562
8 60 67.0
9 89 11 1
9 10 67.978
9 11 86.839
9 12 13.153
9 13 79.057
9 14 112.929
9 15 76.968
9 16 85.51
9 17 68.425
9 18 84.534
9 19 46.53
9 20 4.472
9 21 90.05
9 22 58.215
9 23 91.285
9 24 34.059
9 25 46.271
9 26 77.524
9 27 42.19
9 28 36.014
9 29 59.808
9 30 59.464
9 31 46.39
9 32 101.671
9 33 82.377
9 34 86.579
9 35 13.038
9 36 90.874
9 37 31.953
9 38 62.394
9 39 77.524
9 40 17.205
9 41 110.114
9 42 98.489
9 43 23.195
9 44 93.477
9 45 78.549
9 46 104.101
9 47 51.788
9 48 80.025
9 49 59.405
9 50 99.765
9 51 92.201
9 52 102.083
9 53 5.099
9 54 28.32
9 55 56.321
9 56 86.452
9 57 80.05
9 58 12.53
9 59 47.927
9 60 62.201
10 59 72 19
10 11 22.361
10 12 55.57
10 13 15.524
10 14 58.052
10 15 49.406
10 16 70.292
10 17 1.0
10 18 50.09
10 19 56.321
10 20 70.774
10 21 50.596
10 22 62.61
10 23 23.409
10 24 59.135
10 25 29.155
10 26 84.315
10 27 39.459
10 28 62.29
10 29 47.707
10 30 11.18
10 31 68.884
10 32 49.092
10 33 68.68
10 34 90.427
10 35 62.201
10 36 58.181
10 37 50.0
10 38 7.616
10 39 43.046
10 40 53.451
10 41 55.731
10 42 30.806
10 43 50.329
10 44 47.676
10 45 12.042
10 46 36.878
10 47 73.082
10 48 80.43
10 49 13.928
10 50 59.666
10 51 44.407
10 52 56.321
10 53 71.197
10 54 42.953
10 55 51.0
10 56 19.105
10 57 64.444
10 58 68.6
10 59 20.248
10 60 35.014
11 39 82 10
11 12 75.286
11 13 7.81
11 14 37.014
11 15 43.829
11 16 64.661
11 17 21.471
11 18 40.608
11 19 64.125
11 20 89.045
11 21 38.21
11 22 66.483
11 23 16.971
11 24 70.831
11 25 51.478
11 26 84.433
11 27 50.961
11 28 73.348
11 29 50.359
11 30 33.541
11 31 77.104
11 32 29.833
11 33 64.008
11 34 88.64
11 35 82.759
11 36 47.381
11 37 63.246
11 38 29.967
11 39 36.235
11 40 70.831
11 41 35.014
11 42 15.133
11 43 71.505
11 44 32.45
11 45 21.095
11 46 18.439
11 47 80.006
11 48 78.924
11 49 27.459
11 50 44.944
11 51 28.844
11 52 39.395
11 53 90.604
11 54 59.54
11 55 55.145
11 56 8.062
11 57 59.942
11 58 89.14
11 59 41.11
11 60 55.731
12 87 24 20
12 13 67.476
12 14 103.47
12 15 70.605
12 16 82.055
12 17 56.08
12 18 77.492
12 19 44.407
12 20 17.0
12 21 82.462
12 22 56.569
12 23 78.715
12 24 33.838
12 25 33.136
12 26 78.16
12 27 35.171
12 28 36.77
12 29 54.589
12 30 46.615
12 31 47.927
12 32 92.358
12 33 79.025
12 34 87.092
12 35 9.22
12 36 84.481
12 37 28.071
12 38 49.659
12 39 70.007
12 40 12.369
12 41 100.688
12 42 86.284
12 43 11.18
12 44 85.0
12 45 65.795
12 46 92.087
12 47 53.712
12 48 79.429
12 49 48.104
12 50 92.477
12 51 83.355
12 52 93.915
12 53 15.652
12 54 19.925
12 55 52.086
12 56 74.33
12 57 76.164
12 58 14.765
12 59 35.355
12 60 49.497
13 44 76 4
13 14 42.579
13 15 41.4
13 16 62.626
13 17 14.56
13 18 39.699
13 19 58.009
13 20 81.302
13 21 38.588
13 22 61.392
13 23 19.313
13 24 63.953
13 25 44.283
13 26 80.623
13 27 43.932
13 28 66.611
13 29 45.354
13 30 26.571
13 31 71.007
13 32 34.015
13 33 61.612
13 34 85.475
13 35 74.967
13 36 47.202
13 37 56.045
13 38 23.087
13 39 34.059
13 40 63.135
13 41 40.311
13 42 21.213
13 43 63.781
13 44 34.176
13 45 17.889
13 46 25.632
13 47 74.243
13 48 75.591
13 49 19.723
13 50 46.615
13 51 30.676
13 52 42.202
13 53 82.801
13 54 51.884
13 55 49.82
13 56 10.198
13 57 57.428
13 58 81.345
13 59 33.422
13 60 50.09
14 2 83 5
14 15 43.463
14 16 56.08
14 17 57.07
14 18 35.114
14 19 76.851
14 20 114.022
14 21 28.46
14 22 73.007
14 23 50.22
14 24 87.801
14 25 86.023
14 26 81.615
14 27 71.421
14 28 89.051
14 29 59.682
14 30 68.884
14 31 88.119
14 32 11.314
14 33 57.315
14 34 82.006
14 35 112.058
14 36 35.228
14 37 83.487
14 38 65.513
14 39 38.588
14 40 95.776
14 41 2.828
14 42 41.437
14 43 102.474
14 44 21.471
14 45 58.009
14 46 37.121
14 47 88.64
14 48 74.33
14 49 57.271
14 50 25.02
14 51 21.401
14 52 17.029
14 53 117.444
14 54 84.646
14 55 65.0
14 56 44.102
14 57 54.745
14 58 118.152
14 59 73.539
14 60 92.542
15 19 43 5
15 16 21.26
15 17 48.6
15 18 8.602
15 19 34.655
15 20 76.942
15 21 15.264
15 22 29.547
15 23 60.208
15 24 46.861
15 25 66.491
15 26 41.593
15 27 35.44
15 28 47.381
15 29 17.804
15 30 55.462
15 31 44.944
15 32 33.242
15 33 20.248
15 34 44.944
15 35 79.812
15 36 13.928
15 37 45.177
15 38 53.712
15 39 7.616
15 40 60.166
15 41 40.853
15 42 58.31
15 43 73.553
15 44 22.136
15 45 57.983
15 46 59.203
15 47 45.188
15 48 35.44
15 49 38.484
15 50 23.431
15 51 23.345
15 52 28.018
15 53 81.939
15 54 50.695
15 55 22.627
15 56 50.774
15 57 16.125
15 58 85.071
15 59 52.393
15 60 80.777
16 5 27 14
16 17 69.527
16 18 24.698
16 19 39.051
16 20 84.404
16 21 29.614
16 22 28.231
16 23 81.271
16 24 51.923
16 25 84.504
16 26 25.962
16 27 48.374
16 28 50.922
16 29 28.443
16 30 75.472
16 31 43.909
16 32 48.26
16 33 3.162
16 34 26.077
16 35 91.137
16 36 21.024
16 37 54.231
16 38 74.061
16 39 28.601
16 40 70.257
16 41 54.009
16 42 78.715
16 43 87.281
16 44 37.656
16 45 79.209
16 46 78.924
16 47 41.4
16 48 18.439
16 49 58.523
16 50 31.257
16 51 40.262
16 52 39.051
16 53 90.609
16 54 63.071
16 55 30.0
16 56 71.847
16 57 6.325
16 58 95.525
16 59 70.774
16 60 100.185
17 58 72 19
17 18 49.193
17 19 56.045
17 20 71.176
17 21 49.649
17 22 62.169
17 23 23.087
17 24 59.076
17 25 30.017
17 26 83.762
17 27 39.319
17 28 62.201
17 29 47.17
17 30 12.083
17 31 68.659
17 32 48.094
17 33 67.941
17 34 89.811
17 35 62.801
17 36 57.271
17 37 50.01
17 38 8.544
17 39 42.19
17 40 53.759
17 41 54.745
17 42 30.232
17 43 50.99
17 44 46.69
17 45 12.166
17 46 36.235
17 47 72.801
17 48 79.812
17 49 13.601
17 50 58.694
17 51 43.417
17 52 55.326
17 53 71.694
17 54 43.174
17 55 50.537
17 56 18.439
17 57 63.702
17 58 69.203
17 59 20.809
17 60 36.014
18 14 50 19
18 19 43.186
18 20 84.723
18 21 6.708
18 22 38.013
18 23 57.489
18 24 55.227
18 25 70.349
18 26 48.042
18 27 42.544
18 28 55.866
18 29 26.173
18 30 57.567
18 31 53.535
18 32 25.318
18 33 24.739
18 34 50.22
18 35 86.649
18 36 8.246
18 37 53.0
18 38 55.362
18 39 8.0
18 40 67.543
18 41 32.573
18 42 54.203
18 43 79.624
18 44 14.142
18 45 57.201
18 46 54.231
18 47 53.666
18 48 41.304
18 49 41.0
18 50 15.264
18 51 16.031
18 52 19.416
18 53 89.443
18 54 57.585
18 55 31.145
18 56 48.166
18 57 21.213
18 58 92.114
18 59 56.223
18 60 83.241
19 43 18 4
19 20 45.354
19 21 49.679
19 22 12.166
19 23 76.42
19 24 13.0
19 25 56.586
19 26 34.886
19 27 18.028
19 28 12.806
19 29 17.205
19 30 55.471
19 31 13.0
19 32 65.863
19 33 35.903
19 34 43.463
19 35 53.151
19 36 47.634
19 37 16.492
19 38 55.946
19 39 38.275
19 40 32.14
19 41 74.095
19 42 79.025
19 43 51.546
19 44 55.471
19 45 68.154
19 46 82.389
19 47 16.763
19 48 35.171
19 49 42.45
19 50 58.0
19 51 55.57
19 52 62.482
19 53 51.624
19 54 27.731
19 55 12.042
19 56 68.066
19 57 33.838
19 58 57.009
19 59 45.804
19 60 75.007
20 87 7 16
20 21 90.427
20 22 56.719
20 23 94.154
20 24 32.558
20 25 50.09
20 26 75.166
20 27 42.802
20 28 34.132
20 29 59.506
20 30 62.642
20 31 44.045
20 32 102.728
20 33 81.253
20 34 84.214
20 35 17.493
20 36 90.785
20 37 31.765
20 38 65.46
20 39 77.936
20 40 18.439
20 41 111.198
20 42 101.074
20 43 27.459
20 44 94.202
20 45 81.597
20 46 106.55
20 47 49.254
20 48 78.026
20 49 61.587
20 50 99.985
20 51 93.086
20 52 102.65
20 53 7.616
20 54 29.833
20 55 55.714
20 56 89.006
20 57 79.12
20 58 16.401
20 59 50.922
20 60 66.37
21 11 56 14
21 22 44.721
21 23 55.172
21 24 61.522
21 25 73.007
21 26 54.009
21 27 47.885
21 28 62.29
21 29 32.558
21 30 59.034
21 31 60.208
21 32 19.026
21 33 30.15
21 34 55.579
21 35 91.548
21 36 9.434
21 37 58.822
21 38 56.515
21 39 12.53
21 40 72.945
21 41 25.962
21 42 50.804
21 43 83.934
21 44 8.062
21 45 56.436
21 46 50.12
21 47 60.374
21 48 47.043
21 49 43.105
21 50 10.198
21 51 10.77
21 52 12.806
21 53 94.895
21 54 62.65
21 55 37.643
21 56 46.098
21 57 27.0
21 58 97.17
21 59 59.008
21 60 84.723
22 31 16 13
22 23 80.523
22 24 24.187
22 25 67.007
22 26 23.601
22 27 27.803
22 28 22.804
22 29 16.125
22 30 63.6
22 31 16.279
22 32 62.626
22 33 25.08
22 34 31.765
22 35 65.276
22 36 40.608
22 37 28.636
22 38 63.514
22 39 35.171
22 40 44.283
22 41 70.385
22 42 81.615
22 43 63.6
22 44 51.624
22 45 73.926
22 46 84.095
22 47 15.652
22 48 23.087
22 49 48.765
22 50 51.614
22 51 52.498
22 52 57.306
22 53 63.285
22 54 39.56
22 55 11.705
22 56 71.589
22 57 23.854
22 58 69.007
22 59 55.154
22 60 84.959
23 51 94 18
23 24 81.099
23 25 49.578
23 26 99.925
23 27 61.033
23 28 84.024
23 29 64.56
23 30 32.45
23 31 89.359
23 32 45.188
23 33 80.455
23 34 104.657
23 35 84.906
23 36 64.351
23 37 72.443
23 38 29.155
23 39 52.697
23 40 76.844
23 41 48.765
23 42 10.44
23 43 72.67
23 44 49.204
23 45 13.454
23 46 17.088
23 47 92.914
23 48 94.81
23 49 35.128
23 50 61.612
23 51 45.607
23 52 55.57
23 53 94.366
23 54 66.219
23 55 68.884
23 56 9.434
23 57 76.322
23 58 91.269
23 59 43.382
23 60 47.854
24 55 13 14
24 25 52.697
24 26 44.385
24 27 20.1
24 28 3.606
24 29 29.069
24 30 55.785
24 31 14.422
24 32 76.609
24 33 48.765
24 34 53.367
24 35 41.976
24 36 60.216
24 37 9.849
24 38 57.07
24 39 49.578
24 40 21.541
24 41 85.0
24 42 85.159
24 43 42.544
24 44 66.708
24 45 71.176
24 46 89.269
24 47 20.248
24 48 46.174
24 49 46.011
24 50 70.292
24 51 66.4
24 52 74.25
24 53 39.115
24 54 21.401
24 55 24.413
24 56 73.553
24 57 46.819
24 58 45.177
24 59 44.598
24 60 71.561
25 84 57 13
25 26 90.604
25 27 39.205
25 28 56.303
25 29 56.798
25 30 18.028
25 31 66.219
25 32 76.158
25 33 82.079
25 34 98.473
25 35 37.0
25 36 78.518
25 37 43.012
25 38 21.633
25 39 62.394
25 40 37.108
25 41 83.522
25 42 58.728
25 43 24.352
25 44 72.339
25 45 36.125
25 46 65.192
25 47 71.701
25 48 89.045
25 49 30.067
25 50 83.006
25 51 69.584
25 52 81.498
25 53 48.052
25 54 31.385
25 55 57.454
25 56 47.802
25 57 78.186
25 58 43.081
25 59 14.142
25 60 18.868
26 12 2 13
26 27 51.4
26 28 41.773
26 29 36.62
26 30 86.452
26 31 31.145
26 32 73.027
26 33 24.331
26 34 9.055
26 35 86.348
26 36 46.39
26 37 51.078
26 38 86.052
26 39 49.031
26 40 65.803
26 41 79.404
26 42 99.328
26 43 86.163
26 44 62.0
26 45 95.016
26 46 100.663
26 47 26.0
26 48 7.616
26 49 70.803
26 50 57.07
26 51 64.07
26 52 64.63
26 53 82.389
26 54 62.61
26 55 33.971
26 56 90.62
26 57 27.019
26 58 89.269
26 59 78.568
26 60 108.467
27 53 33 14
27 28 23.0
27 29 20.025
27 30 37.577
27 31 29.732
27 32 60.108
27 33 45.541
27 34 59.363
27 35 44.385
27 36 49.336
27 37 12.53
27 38 38.275
27 39 35.355
27 40 25.06
27 41 68.593
27 42 65.115
27 43 39.013
27 44 51.4
27 45 51.478
27 46 69.376
27 47 34.438
27 48 50.12
27 49 26.019
27 50 57.697
27 51 50.329
27 52 59.908
27 53 47.011
27 54 15.297
27 55 18.974
27 56 53.46
27 57 42.19
27 58 49.649
27 59 27.803
27 60 57.28
28 53 10 7
28 29 29.732
28 30 59.203
28 31 11.18
28 32 77.936
28 33 47.76
28 34 50.804
28 35 44.643
28 36 60.44
28 37 13.416
28 38 60.415
28 39 50.606
28 40 24.597
28 41 86.267
28 42 87.824
28 43 45.793
28 44 67.801
28 45 74.33
28 46 91.782
28 47 17.0
28 48 44.011
28 49 49.01
28 50 70.767
28 51 67.676
28 52 75.073
28 53 41.0
28 54 25.0
28 55 24.759
28 56 76.322
28 57 46.098
28 58 47.518
28 59 48.104
28 60 75.166
29 33 32 15
29 30 50.21
29 31 28.792
29 32 48.765
29 33 25.71
29 34 43.139
29 35 63.789
29 36 31.385
29 37 27.857
29 38 49.578
29 39 21.095
29 40 43.417
29 41 56.939
29 42 65.49
29 43 59.034
29 44 38.275
29 45 58.592
29 46 68.029
29 47 30.414
29 48 33.242
29 49 34.205
29 50 41.231
29 51 38.471
29 52 45.343
29 53 64.846
29 54 35.057
29 55 5.385
29 56 55.543
29 57 22.204
29 58 68.659
29 59 43.566
29 60 73.498
30 69 67 3
30 31 67.231
30 32 59.54
30 33 73.498
30 34 93.338
30 35 52.479
30 36 65.803
30 37 46.098
30 38 3.606
30 39 49.98
30 40 46.39
30 41 66.491
30 42 41.037
30 43 40.224
30 44 57.079
30 45 19.235
30 46 47.381
30 47 72.014
30 48 83.451
30 49 17.0
30 50 68.593
30 51 54.009
30 52 66.008
30 53 62.241
30 54 37.014
30 55 52.498
30 56 29.833
30 57 69.34
30 58 58.83
30 59 12.042
30 60 25.71
31 43 5 6
31 32 77.389
31 33 40.817
31 34 40.2
31 35 55.66
31 36 56.727
31 37 23.345
31 38 68.007
31 39 49.659
31 40 35.777
31 41 85.422
31 42 92.022
31 43 56.939
31 44 66.648
31 45 80.808
31 46 95.336
31 47 5.831
31 48 34.234
31 49 55.109
31 50 67.624
31 51 67.119
31 52 72.945
31 53 51.245
31 54 35.355
31 55 23.409
31 56 81.056
31 57 40.0
31 58 58.249
31 59 56.824
31 60 85.0
32 10 75 10
32 33 49.041
32 34 74.33
32 35 101.02
32 36 27.295
32 37 72.18
32 38 56.321
32 39 27.731
32 40 84.504
32 41 8.485
32 42 38.013
32 43 91.679
32 44 11.18
32 45 50.804
32 46 35.355
32 47 78.186
32 48 66.008
32 49 46.819
32 50 19.235
32 51 10.296
32 52 11.402
32 53 106.212
32 54 73.41
32 55 54.12
32 56 37.643
32 57 46.011
32 58 107.07
32 59 63.246
32 60 84.024
33 8 26 20
33 34 25.495
33 35 88.091
33 36 22.091
33 37 51.157
33 38 72.201
33 39 27.785
33 40 67.186
33 41 55.145
33 42 78.294
33 43 84.38
33 44 38.21
33 45 77.897
33 46 78.772
33 47 38.419
33 48 17.029
33 49 56.613
33 50 32.757
33 51 40.608
33 52 40.311
33 53 87.476
33 54 60.133
33 55 27.019
33 56 71.021
33 57 4.243
33 58 92.439
33 59 68.447
33 60 98.005
34 3 1 13
34 35 95.341
34 36 47.096
34 37 59.808
34 38 92.698
34 39 52.555
34 40 74.726
34 41 80.006
34 42 103.247
34 43 94.921
34 44 63.64
34 45 100.688
34 46 104.043
34 47 35.014
34 48 10.0
34 49 77.233
34 50 57.035
34 51 66.098
34 52 65.0
34 53 91.444
34 54 71.176
34 55 41.231
34 56 95.258
34 57 29.12
34 58 98.311
34 59 86.052
34 60 116.039
35 96 22 7
35 36 93.68
35 37 37.0
35 38 55.758
35 39 79.12
35 40 21.024
35 41 109.293
35 42 93.005
35 43 12.649
35 44 93.915
35 45 71.694
35 46 99.02
35 47 61.351
35 48 87.966
35 49 55.973
35 50 101.592
35 51 92.179
35 52 102.883
35 53 12.166
35 54 29.12
35 55 61.205
35 56 81.216
35 57 85.288
35 58 6.403
35 59 42.012
35 60 51.039
36 6 48 3
36 37 59.034
36 38 63.569
36 39 16.125
36 40 74.095
36 41 33.061
36 42 60.216
36 43 87.132
36 44 17.088
36 45 64.9
36 46 59.54
36 47 56.036
36 48 39.115
36 49 49.244
36 50 11.18
36 51 20.125
36 52 18.248
36 53 95.854
36 54 64.56
36 55 35.805
36 56 55.172
36 57 19.647
36 58 98.98
36 59 64.382
36 60 91.482
37 59 22 18
37 38 47.518
37 39 46.4
37 40 16.031
37 41 80.66
37 42 77.13
37 43 35.114
37 44 63.032
37 45 62.008
37 46 81.609
37 47 29.0
37 48 51.662
37 49 37.336
37 50 68.264
37 51 62.225
37 52 71.218
37 53 37.0
37 54 12.042
37 55 24.515
37 56 65.307
37 57 48.508
37 58 41.304
37 59 34.785
37 60 61.855
38 66 69 13
38 39 47.927
38 40 48.836
38 41 63.151
38 42 37.537
38 43 43.6
38 44 54.231
38 45 16.155
38 46 43.841
38 47 72.615
38 48 82.759
38 49 15.62
38 50 65.924
38 51 51.088
38 52 63.071
38 53 65.307
38 54 39.051
38 55 52.202
38 56 26.249
38 57 68.007
38 58 62.129
38 59 14.56
38 60 28.284
39 22 50 14
39 40 60.415
39 41 35.847
39 42 50.695
39 43 71.805
39 44 17.205
39 45 50.99
39 46 51.662
39 47 50.596
39 48 43.012
39 49 33.242
39 50 22.472
39 51 17.464
39 52 24.839
39 53 82.365
39 54 50.16
39 55 26.42
39 56 43.267
39 57 23.707
39 58 84.694
39 59 48.26
39 60 75.584
40 75 21 7
40 41 92.957
40 42 83.259
40 43 21.401
40 44 76.276
40 45 64.761
40 46 88.549
40 47 41.593
40 48 67.082
40 49 43.417
40 50 82.735
40 51 75.0
40 52 84.906
40 53 21.954
40 54 11.402
40 55 40.447
40 56 71.176
40 57 64.498
40 58 25.318
40 59 34.366
40 60 55.362
41 4 81 8
41 42 40.311
41 43 99.765
41 44 18.788
41 45 56.08
41 46 36.359
41 47 86.006
41 48 72.173
41 49 54.626
41 50 23.195
41 51 18.601
41 52 15.033
41 53 114.634
41 54 81.835
41 55 62.266
41 56 42.297
41 57 52.469
41 58 115.378
41 59 70.937
41 60 90.355
42 41 97 16
42 43 81.056
42 44 43.932
42 45 23.022
42 46 6.708
42 47 95.047
42 48 93.638
42 49 40.162
42 50 55.866
42 51 40.46
42 52 49.041
42 53 101.872
42 54 72.236
42 55 70.257
42 56 12.083
42 57 74.324
42 58 99.403
42 59 51.039
42 60 58.181
43 92 34 18
43 44 85.44
43 45 59.363
43 46 87.207
43 47 62.769
43 48 86.683
43 49 45.486
43 50 94.112
43 51 83.385
43 52 94.578
43 53 24.083
43 54 24.331
43 55 57.428
43 56 69.426
43 57 81.154
43 58 18.788
43 59 30.414
43 60 39.051
44 12 64 9
44 45 52.0
44 46 42.72
44 47 67.231
44 48 55.082
44 49 42.297
44 50 12.53
44 51 3.606
44 52 9.22
44 53 98.184
44 54 65.513
44 55 43.566
44 56 40.497
44 57 35.014
44 58 99.765
44 59 58.694
44 60 82.492
45 60 84 8
45 46 29.682
45 47 84.9
45 48 90.697
45 49 25.71
45 50 64.475
45 51 48.466
45 52 59.775
45 53 81.437
45 54 54.589
45 55 62.241
45 56 14.142
45 57 73.661
45 58 78.032
45 59 30.676
45 60 35.735
46 35 100 12
46 47 98.046
46 48 94.641
46 49 45.188
46 50 54.037
46 51 39.446
46 52 46.69
46 53 107.615
46 54 77.389
46 55 73.0
46 56 17.804
46 57 74.947
46 58 105.423
46 59 57.009
46 60 64.885
47 38 2 19
47 48 29.833
47 49 59.203
47 50 67.119
47 51 68.007
47 52 72.945
47 53 56.569
47 54 41.037
47 55 25.179
47 56 84.38
47 57 38.184
47 58 63.789
47 59 61.911
47 60 90.427
48 9 9 13
48 49 67.268
48 50 49.649
48 51 57.315
48 52 57.315
48 53 85.006
48 54 62.626
48 55 31.623
48 56 85.428
48 57 20.1
48 58 91.351
48 59 76.4
48 60 106.4
49 54 59 19
49 50 53.009
49 51 39.623
49 52 51.478
49 53 63.253
49 54 32.202
49 55 37.216
49 56 28.16
49 57 52.431
49 58 62.29
49 59 16.492
49 60 42.379
50 1 58 12
50 51 16.125
50 52 8.246
50 53 104.657
50 54 72.615
50 55 46.011
50 56 53.0
50 57 30.676
50 58 107.154
50 59 69.065
50 60 94.202
51 15 66 5
51 52 12.0
51 53 96.835
51 54 64.07
51 55 43.829
51 56 36.892
51 57 37.216
51 58 98.112
51 59 56.089
51 60 79.31
52 3 66 2
52 53 106.85
52 54 74.303
52 55 50.448
52 56 47.424
52 57 37.855
52 58 108.674
52 59 67.897
52 60 91.269
53 94 10 7
53 54 32.802
53 55 61.4
53 56 89.889
53 57 85.147
53 58 9.22
53 59 51.0
53 60 63.0
54 68 30 4
54 55 33.136
54 56 60.166
54 57 57.009
54 58 34.54
54 59 25.08
54 60 50.249
55 35 27 12
55 56 60.017
55 57 24.083
55 58 65.765
55 59 44.822
55 60 74.813
56 46 86 13
56 57 66.888
56 58 87.618
56 59 39.205
56 60 49.729
57 11 29 5
57 58 89.805
57 59 64.475
57 60 93.941
58 100 17 19
58 59 48.415
58 60 56.321
59 70 55 7
59 60 30.0
60 94 73 1
