30 3
1 2 82 8
1 2 38.013
1 3 105.891
1 4 72.402
1 5 65.276
1 6 14.213
1 7 51.546
1 8 54.589
1 9 19.925
1 10 83.869
1 11 71.589
1 12 53.085
1 13 91.351
1 14 26.173
1 15 22.204
1 16 102.616
1 17 87.321
1 18 67.119
1 19 51.624
1 20 36.674
1 21 22.847
1 22 20.616
1 23 1.0
1 24 63.151
1 25 50.99
1 26 99.705
1 27 112.361
1 28 63.127
1 29 24.759
1 30 33.734
2 33 60 12
2 3 68.015
2 4 39.812
2 5 49.739
2 6 23.854
2 7 18.974
2 8 26.926
2 9 25.179
2 10 48.301
2 11 50.596
2 12 33.302
2 13 61.612
2 14 12.649
2 15 37.336
2 16 64.661
2 17 50.695
2 18 29.732
2 19 22.361
2 20 29.428
2 21 32.573
2 22 29.155
2 23 38.833
2 24 44.283
2 25 37.216
2 26 62.626
2 27 74.431
2 28 25.495
2 29 13.928
2 30 29.069
3 84 15 4
3 4 43.417
3 5 76.026
3 6 91.679
3 7 60.745
3 8 65.307
3 9 89.889
3 10 29.069
3 11 67.067
3 12 75.769
3 13 59.682
3 14 79.812
3 15 102.45
3 16 4.123
3 17 32.062
3 18 41.881
3 19 59.615
3 20 87.132
3 21 97.453
3 22 95.016
3 23 106.668
3 24 70.178
3 25 83.385
3 26 12.649
3 27 14.765
3 28 42.802
3 29 81.216
3 30 88.752
4 41 21 10
4 5 33.242
4 6 59.059
4 7 46.098
4 8 55.082
4 9 53.413
4 10 14.56
4 11 25.632
4 12 65.513
4 13 74.25
4 14 47.424
4 15 76.922
4 16 42.048
4 17 48.549
4 18 35.228
4 19 20.809
4 20 68.066
4 21 72.277
4 22 68.68
4 23 72.945
4 24 27.019
4 25 71.847
4 26 32.573
4 27 56.009
4 28 21.932
4 29 48.754
4 30 68.264
5 8 17 10
5 6 56.223
5 7 65.192
5 8 74.518
5 9 46.0
5 10 47.0
5 11 10.296
5 12 82.662
5 13 102.343
5 14 48.765
5 15 78.918
5 16 75.027
5 17 79.85
5 18 62.434
5 19 29.698
5 20 78.0
5 21 75.505
5 22 71.386
5 23 65.376
5 24 6.708
5 25 86.954
5 26 64.281
5 27 89.14
5 28 48.374
5 29 49.477
5 30 76.896
6 13 73 16
6 7 38.639
6 8 43.012
6 9 11.18
6 10 70.0
6 11 61.131
6 12 43.681
6 13 80.006
6 14 12.042
6 15 23.087
6 16 88.408
6 17 73.736
6 18 53.226
6 19 38.484
6 20 29.682
6 21 20.591
6 22 16.643
6 23 15.0
6 24 53.009
6 25 43.382
6 26 85.586
6 27 98.27
6 28 48.918
6 29 10.63
6 30 27.203
7 51 66 16
7 8 9.434
7 9 43.105
7 10 49.163
7 11 63.812
7 12 19.416
7 13 42.755
7 14 30.067
7 15 42.45
7 16 56.859
7 17 36.359
7 18 18.868
7 19 35.609
7 20 26.42
7 21 37.537
7 22 35.805
7 23 52.498
7 24 59.034
7 25 26.019
7 26 58.873
7 27 63.655
7 28 25.02
7 29 31.016
7 30 28.018
8 56 74 9
8 9 49.244
8 10 57.009
8 11 73.246
8 12 11.045
8 13 37.0
8 14 36.401
8 15 41.677
8 16 61.27
8 17 37.483
8 18 24.515
8 19 45.0
8 20 23.431
8 21 37.121
8 22 36.401
8 23 55.579
8 24 68.411
8 25 18.439
8 26 65.0
8 27 66.219
8 28 33.541
8 29 37.108
8 30 25.807
9 8 63 11
9 10 65.765
9 11 51.788
9 12 51.894
9 13 85.709
9 14 13.038
9 15 34.176
9 16 86.954
9 17 75.71
9 18 54.571
9 19 32.65
9 20 39.699
9 21 31.765
9 22 27.785
9 23 20.248
9 24 43.417
9 25 52.697
9 26 82.462
9 27 97.99
9 28 47.413
9 29 12.166
9 30 37.483
10 55 17 3
10 11 38.328
10 12 68.0
10 13 68.505
10 14 58.009
10 15 85.493
10 16 28.071
10 17 40.361
10 18 33.541
10 19 33.422
10 20 73.98
10 21 80.623
10 22 77.389
10 23 84.504
10 24 41.11
10 25 75.06
10 26 18.028
10 27 42.297
10 28 24.515
10 29 59.405
10 30 74.726
11 17 12 12
11 12 82.298
11 13 98.082
11 14 52.154
11 15 83.054
11 16 66.37
11 17 73.824
11 18 58.138
11 19 28.636
11 20 79.812
11 21 79.228
11 22 75.166
11 23 71.805
11 24 8.544
11 25 87.321
11 26 55.009
11 27 80.623
11 28 43.932
11 29 53.085
11 30 79.076
12 55 85 3
12 13 39.56
12 14 39.962
12 15 36.401
12 16 71.694
12 17 46.615
12 18 35.511
12 19 53.712
12 20 17.464
12 21 32.558
12 22 33.061
12 23 54.083
12 24 76.851
12 25 7.616
12 26 75.928
12 27 75.717
12 28 44.283
12 29 40.311
12 30 20.396
13 93 74 18
13 14 72.691
13 15 75.961
13 16 55.902
13 17 29.155
13 18 40.0
13 19 73.43
13 20 57.009
13 21 72.035
13 22 72.18
13 23 92.347
13 24 95.692
13 25 44.777
13 26 66.408
13 27 52.154
13 28 54.203
13 29 73.553
13 30 59.908
14 21 64 10
14 15 31.016
14 16 76.609
14 17 63.325
14 18 42.379
14 19 27.203
14 20 30.232
14 21 27.074
14 22 23.022
14 23 26.907
14 24 44.553
14 25 41.773
14 26 73.553
14 27 86.833
14 28 37.014
14 29 1.414
14 30 28.653
15 20 95 15
15 16 98.717
15 17 78.409
15 18 60.877
15 19 57.706
15 20 18.974
15 21 5.0
15 22 8.246
15 23 23.022
15 24 75.24
15 25 32.14
15 26 98.793
15 27 106.104
15 28 61.774
15 29 30.0
15 30 16.155
16 83 19 20
16 17 28.018
16 18 38.013
16 19 57.245
16 20 83.217
16 21 93.723
16 22 91.351
16 23 103.407
16 24 69.007
16 25 79.31
16 26 13.601
16 27 14.318
16 28 39.661
16 29 78.006
16 30 84.876
17 82 47 6
17 18 21.213
17 19 53.759
17 20 60.828
17 21 73.6
17 22 72.111
17 23 88.238
17 24 73.164
17 25 54.083
17 26 37.363
17 27 29.155
17 28 32.558
17 29 64.56
17 30 63.032
18 61 50 17
18 19 34.176
18 20 45.277
18 21 55.902
18 22 53.759
18 23 68.0
18 24 55.758
18 25 42.953
18 26 40.522
18 27 45.607
18 28 14.213
18 29 43.658
18 30 46.872
19 29 38 12
19 20 51.788
19 21 53.339
19 22 49.497
19 23 52.154
19 24 23.431
19 25 58.694
19 26 50.774
19 27 69.857
19 28 21.213
19 29 28.46
19 30 51.352
20 38 89 13
20 21 15.133
20 22 16.125
20 23 37.656
20 24 73.055
20 25 14.318
20 26 85.088
20 27 89.275
20 28 49.477
20 29 30.0
20 30 3.0
21 23 91 11
21 22 4.123
21 23 23.77
21 24 71.568
21 25 29.017
21 26 93.814
21 27 101.178
21 28 56.824
21 29 26.173
21 30 12.166
22 22 87 17
22 23 21.587
22 24 67.476
22 25 30.414
22 26 90.973
22 27 99.247
22 28 53.852
22 29 22.091
22 30 13.153
23 1 82 13
23 24 63.348
23 25 51.971
23 26 100.409
23 27 113.208
23 28 63.891
23 29 25.495
23 30 34.713
24 14 20 2
24 25 81.413
24 26 58.694
24 27 83.024
24 28 41.677
24 29 45.398
24 30 72.125
25 52 92 12
25 26 83.433
25 27 83.217
25 28 51.039
25 29 41.869
25 30 17.263
26 72 11 13
26 27 27.313
26 28 37.202
26 29 74.967
26 30 86.331
27 97 22 12
27 28 50.695
27 29 88.193
27 30 91.285
28 50 41 2
28 29 38.419
28 30 50.289
29 20 65 12
29 30 28.302
30 35 89 13
