80 4
1 2 62 5
1 2 86.331
1 3 42.802
1 4 67.424
1 5 54.644
1 6 76.4
1 7 78.447
1 8 107.703
1 9 100.846
1 10 57.871
1 11 42.059
1 12 93.107
1 13 44.272
1 14 21.0
1 15 25.495
1 16 35.128
1 17 56.886
1 18 16.971
1 19 60.141
1 20 101.242
1 21 10.817
1 22 54.378
1 23 58.523
1 24 72.18
1 25 82.152
1 26 60.828
1 27 58.669
1 28 72.835
1 29 43.139
1 30 67.186
1 31 70.214
1 32 15.264
1 33 36.497
1 34 61.008
1 35 102.157
1 36 14.56
1 37 69.635
1 38 64.382
1 39 23.324
1 40 83.726
1 41 19.105
1 42 52.402
1 43 94.255
1 44 10.198
1 45 62.032
1 46 50.329
1 47 69.971
1 48 53.46
1 49 52.086
1 50 4.123
1 51 13.601
1 52 4.123
1 53 105.679
1 54 73.348
1 55 48.104
1 56 50.12
1 57 34.205
1 58 107.838
1 59 68.359
1 60 92.655
1 61 86.284
1 62 60.075
1 63 26.173
1 64 32.28
1 65 70.605
1 66 50.695
1 67 56.436
1 68 98.0
1 69 49.244
1 70 36.069
1 71 44.688
1 72 71.561
1 73 53.151
1 74 28.018
1 75 67.624
1 76 78.492
1 77 48.877
1 78 61.131
1 79 25.02
1 80 15.033
2 80 25 8
2 3 76.844
2 4 23.087
2 5 47.676
2 6 18.439
2 7 60.075
2 8 23.601
2 9 16.643
2 10 51.478
2 11 70.214
2 12 7.071
2 13 62.426
2 14 97.201
2 15 63.6
2 16 75.027
2 17 51.894
2 18 70.576
2 19 37.656
2 20 19.313
2 21 75.644
2 22 49.82
2 23 74.847
2 24 27.731
2 25 32.249
2 26 71.784
2 27 28.16
2 28 30.887
2 29 47.518
2 30 43.417
2 31 42.059
2 32 86.023
2 33 72.007
2 34 80.654
2 35 16.279
2 36 77.492
2 37 21.213
2 38 46.174
2 39 63.159
2 40 6.403
2 41 94.403
2 42 81.884
2 43 15.0
2 44 78.39
2 45 62.298
2 46 87.464
2 47 47.885
2 48 72.78
2 49 42.802
2 50 85.615
2 51 76.851
2 52 87.235
2 53 20.518
2 54 13.0
2 55 45.044
2 56 69.836
2 57 69.116
2 58 21.541
2 59 31.623
2 60 50.0
2 61 10.296
2 62 43.863
2 63 80.66
2 64 69.26
2 65 56.886
2 66 66.098
2 67 49.193
2 68 42.059
2 69 37.121
2 70 80.92
2 71 86.267
2 72 45.277
2 73 43.105
2 74 79.511
2 75 39.395
2 76 28.425
2 77 37.947
2 78 65.788
2 79 98.858
2 80 94.578
3 36 88 2
3 4 68.308
3 5 71.063
3 6 60.208
3 7 41.11
3 8 100.439
3 9 93.477
3 10 28.018
3 11 6.708
3 12 81.835
3 13 14.422
3 14 34.366
3 15 48.104
3 16 68.425
3 17 27.203
3 18 43.909
3 19 70.349
3 20 95.718
3 21 40.608
3 22 72.173
3 23 16.155
3 24 77.369
3 25 57.14
3 26 89.286
3 27 57.567
3 28 79.831
3 29 56.08
3 30 39.115
3 31 83.295
3 32 29.069
3 33 68.029
3 34 93.048
3 35 89.196
3 36 50.0
3 37 69.893
3 38 35.511
3 39 40.497
3 40 77.524
3 41 32.757
3 42 10.296
3 43 77.795
3 44 33.941
3 45 24.331
3 46 12.042
3 47 86.023
3 48 83.487
3 49 34.132
3 50 46.098
3 51 30.414
3 52 39.661
3 53 97.201
3 54 66.242
3 55 61.008
3 56 10.198
3 57 64.078
3 58 95.588
3 59 47.381
3 60 59.908
3 61 81.884
3 62 34.713
3 63 17.0
3 64 62.241
3 65 34.713
3 66 77.885
3 67 29.069
3 68 69.08
3 69 47.297
3 70 8.062
3 71 9.434
3 72 86.145
3 73 66.008
3 74 64.351
3 75 79.404
3 76 83.934
3 77 51.624
3 78 86.885
3 79 33.015
3 80 36.688
4 57 23 8
4 5 24.739
4 6 27.586
4 7 65.146
4 8 40.719
4 9 34.176
4 10 49.041
4 11 61.685
4 12 30.017
4 13 54.571
4 14 81.394
4 15 42.942
4 16 52.154
4 17 49.01
4 18 50.774
4 19 14.866
4 20 34.0
4 21 56.613
4 22 26.926
4 23 71.253
4 24 10.198
4 25 43.417
4 26 49.659
4 27 10.77
4 28 13.601
4 29 25.632
4 30 45.607
4 31 22.804
4 32 70.093
4 33 49.092
4 34 58.31
4 35 39.013
4 36 56.798
4 37 2.236
4 38 46.872
4 39 44.204
4 40 18.111
4 41 78.568
4 42 75.71
4 43 36.688
4 44 60.877
4 45 61.074
4 46 80.081
4 47 28.32
4 48 50.0
4 49 36.125
4 50 66.038
4 51 60.108
4 52 69.029
4 53 39.217
4 54 13.038
4 55 22.361
4 56 63.953
4 57 46.39
4 58 43.417
4 59 34.54
4 60 62.201
4 61 19.313
4 62 42.297
4 63 67.417
4 64 46.69
4 65 59.439
4 66 43.174
4 67 46.011
4 68 58.052
4 69 21.471
4 70 70.264
4 71 77.492
4 72 26.401
4 73 20.025
4 74 57.07
4 75 19.105
4 76 16.031
4 77 19.105
4 78 43.829
4 79 83.738
4 80 77.795
5 33 17 18
5 6 50.249
5 7 80.994
5 8 61.984
5 9 56.321
5 10 60.836
5 11 65.276
5 12 54.452
5 13 60.017
5 14 72.918
5 15 29.53
5 16 29.732
5 17 60.415
5 18 38.079
5 19 10.05
5 20 54.918
5 21 44.777
5 22 2.236
5 23 79.076
5 24 22.361
5 25 64.815
5 26 25.807
5 27 25.612
5 28 21.19
5 29 15.0
5 30 61.612
5 31 15.62
5 32 62.394
5 33 26.571
5 34 34.0
5 35 63.198
5 36 41.11
5 37 26.476
5 38 61.587
5 39 34.785
5 40 42.19
5 41 70.264
5 42 80.399
5 43 61.4
5 44 51.478
5 45 72.236
5 46 83.024
5 47 15.811
5 48 25.298
5 49 46.957
5 50 52.01
5 51 52.202
5 52 57.454
5 53 61.4
5 54 37.336
5 55 10.198
5 56 70.214
5 57 25.06
5 58 67.0
5 59 53.038
5 60 82.807
5 61 42.012
5 62 56.08
5 63 64.133
5 64 26.077
5 65 73.926
5 66 18.439
5 67 57.697
5 68 80.709
5 69 28.653
5 70 70.178
5 71 79.025
5 72 17.0
5 73 6.403
5 74 36.235
5 75 13.601
5 76 26.926
5 77 22.825
5 78 20.518
5 79 76.158
5 80 68.0
6 76 43 20
6 7 42.012
6 8 41.146
6 9 34.54
6 10 33.615
6 11 53.759
6 12 21.954
6 13 45.967
6 14 84.119
6 15 57.0
6 16 72.78
6 17 34.132
6 18 62.394
6 19 41.4
6 20 37.643
6 21 66.287
6 22 52.479
6 23 56.798
6 24 36.62
6 25 16.125
6 26 76.007
6 27 25.08
6 28 40.224
6 29 44.385
6 30 25.0
6 31 50.329
6 32 73.348
6 33 70.093
6 34 84.22
6 35 29.0
6 36 70.178
6 37 27.019
6 38 27.857
6 39 54.452
6 40 22.023
6 41 81.413
6 42 64.351
6 43 18.358
6 44 67.357
6 45 44.011
6 46 70.214
6 47 55.902
6 48 75.133
6 49 27.203
6 50 76.485
6 51 65.192
6 52 76.538
6 53 37.59
6 54 15.264
6 55 44.011
6 56 52.431
6 57 66.491
6 58 35.384
6 59 13.416
6 60 34.986
6 61 27.019
6 62 26.077
6 63 66.287
6 64 66.098
6 65 38.471
6 66 67.978
6 67 31.623
6 68 30.61
6 69 29.017
6 70 65.115
6 71 69.527
6 72 53.907
6 73 44.294
6 74 75.538
6 75 46.69
6 76 40.249
6 77 32.558
6 78 70.456
6 79 85.235
6 80 82.347
7 77 85 17
7 8 80.808
7 9 74.967
7 10 22.204
7 11 38.118
7 12 61.814
7 13 34.205
7 14 75.027
7 15 71.61
7 16 92.455
7 17 23.022
7 18 72.069
7 19 75.133
7 20 78.638
7 21 72.09
7 22 82.928
7 23 27.514
7 24 75.286
7 25 28.862
7 26 105.423
7 27 57.271
7 28 78.746
7 29 68.884
7 30 19.698
7 31 86.925
7 32 67.742
7 33 90.785
7 34 111.946
7 35 65.803
7 36 80.062
7 37 65.521
7 38 19.416
7 39 65.192
7 40 64.031
7 41 73.11
7 42 37.947
7 43 53.16
7 44 68.308
7 45 17.029
7 46 44.598
7 47 91.706
7 48 101.98
7 49 34.713
7 50 80.654
7 51 64.846
7 52 76.4
7 53 76.903
7 54 55.731
7 55 71.61
7 56 31.016
7 57 86.556
7 58 71.784
7 59 30.806
7 60 20.809
7 61 69.029
7 62 25.0
7 63 56.223
7 64 85.276
7 65 8.062
7 66 95.016
7 67 24.839
7 68 32.527
7 69 52.431
7 70 49.041
7 71 47.297
7 72 90.471
7 73 74.626
7 74 91.526
7 75 82.855
7 76 80.281
7 77 58.249
7 78 101.02
7 79 74.027
7 80 76.42
8 94 6 9
8 9 7.071
8 10 74.706
8 11 93.814
8 12 19.313
8 13 86.023
8 14 119.971
8 15 83.63
8 16 91.444
8 17 75.18
8 18 91.302
8 19 52.393
8 20 7.071
8 21 96.897
8 22 63.789
8 23 97.944
8 24 39.623
8 25 51.971
8 26 82.098
8 27 49.092
8 28 41.195
8 29 66.31
8 30 65.924
8 31 51.01
8 32 108.706
8 33 88.295
8 34 91.137
8 35 16.125
8 36 97.509
8 37 38.484
8 38 68.942
8 39 84.38
8 40 24.207
8 41 117.154
8 42 105.309
8 43 28.071
8 44 100.439
8 45 85.088
8 46 110.982
8 47 56.143
8 48 85.053
8 49 66.4
8 50 106.55
8 51 99.202
8 52 109.0
8 53 4.0
8 54 35.384
8 55 62.626
8 56 93.295
8 57 86.128
8 58 12.53
8 59 54.562
8 60 67.0
8 61 21.471
8 62 67.119
8 63 103.947
8 64 86.683
8 65 78.746
8 66 79.31
8 67 72.56
8 68 56.321
8 69 59.203
8 70 104.484
8 71 109.859
8 72 53.151
8 73 59.203
8 74 97.124
8 75 50.09
8 76 36.014
8 77 58.83
8 78 76.059
8 79 121.828
8 80 117.004
9 89 11 1
9 10 67.978
9 11 86.839
9 12 13.153
9 13 79.057
9 14 112.929
9 15 76.968
9 16 85.51
9 17 68.425
9 18 84.534
9 19 46.53
9 20 4.472
9 21 90.05
9 22 58.215
9 23 91.285
9 24 34.059
9 25 46.271
9 26 77.524
9 27 42.19
9 28 36.014
9 29 59.808
9 30 59.464
9 31 46.39
9 32 101.671
9 33 82.377
9 34 86.579
9 35 13.038
9 36 90.874
9 37 31.953
9 38 62.394
9 39 77.524
9 40 17.205
9 41 110.114
9 42 98.489
9 43 23.195
9 44 93.477
9 45 78.549
9 46 104.101
9 47 51.788
9 48 80.025
9 49 59.405
9 50 99.765
9 51 92.201
9 52 102.083
9 53 5.099
9 54 28.32
9 55 56.321
9 56 86.452
9 57 80.05
9 58 12.53
9 59 47.927
9 60 62.201
9 61 14.866
9 62 60.374
9 63 96.876
9 64 80.523
9 65 72.533
9 66 74.027
9 67 65.765
9 68 52.173
9 69 52.202
9 70 97.453
9 71 102.903
9 72 48.836
9 73 53.151
9 74 90.956
9 75 45.044
9 76 31.257
9 77 51.971
9 78 71.449
9 79 114.769
9 80 110.0
10 59 72 19
10 11 22.361
10 12 55.57
10 13 15.524
10 14 58.052
10 15 49.406
10 16 70.292
10 17 1.0
10 18 50.09
10 19 56.321
10 20 70.774
10 21 50.596
10 22 62.61
10 23 23.409
10 24 59.135
10 25 29.155
10 26 84.315
10 27 39.459
10 28 62.29
10 29 47.707
10 30 11.18
10 31 68.884
10 32 49.092
10 33 68.68
10 34 90.427
10 35 62.201
10 36 58.181
10 37 50.0
10 38 7.616
10 39 43.046
10 40 53.451
10 41 55.731
10 42 30.806
10 43 50.329
10 44 47.676
10 45 12.042
10 46 36.878
10 47 73.082
10 48 80.43
10 49 13.928
10 50 59.666
10 51 44.407
10 52 56.321
10 53 71.197
10 54 42.953
10 55 51.0
10 56 19.105
10 57 64.444
10 58 68.6
10 59 20.248
10 60 35.014
10 61 58.241
10 62 7.616
10 63 38.833
10 64 63.127
10 65 14.213
10 66 73.6
10 67 3.162
10 68 42.202
10 69 32.311
10 70 34.438
10 71 36.878
10 72 72.277
10 73 54.626
10 74 69.34
10 75 64.761
10 76 65.008
10 77 38.079
10 78 80.262
10 79 57.974
10 80 58.215
11 39 82 10
11 12 75.286
11 13 7.81
11 14 37.014
11 15 43.829
11 16 64.661
11 17 21.471
11 18 40.608
11 19 64.125
11 20 89.045
11 21 38.21
11 22 66.483
11 23 16.971
11 24 70.831
11 25 51.478
11 26 84.433
11 27 50.961
11 28 73.348
11 29 50.359
11 30 33.541
11 31 77.104
11 32 29.833
11 33 64.008
11 34 88.64
11 35 82.759
11 36 47.381
11 37 63.246
11 38 29.967
11 39 36.235
11 40 70.831
11 41 35.014
11 42 15.133
11 43 71.505
11 44 32.45
11 45 21.095
11 46 18.439
11 47 80.006
11 48 78.924
11 49 27.459
11 50 44.944
11 51 28.844
11 52 39.395
11 53 90.604
11 54 59.54
11 55 55.145
11 56 8.062
11 57 59.942
11 58 89.14
11 59 41.11
11 60 55.731
11 61 75.18
11 62 28.601
11 63 18.111
11 64 58.181
11 65 31.016
11 66 73.055
11 67 23.022
11 68 64.195
11 69 40.792
11 70 12.083
11 71 16.125
11 72 80.025
11 73 60.033
11 74 61.221
11 75 73.171
11 76 77.369
11 77 45.277
11 78 81.744
11 79 36.346
11 80 38.328
12 87 24 20
12 13 67.476
12 14 103.47
12 15 70.605
12 16 82.055
12 17 56.08
12 18 77.492
12 19 44.407
12 20 17.0
12 21 82.462
12 22 56.569
12 23 78.715
12 24 33.838
12 25 33.136
12 26 78.16
12 27 35.171
12 28 36.77
12 29 54.589
12 30 46.615
12 31 47.927
12 32 92.358
12 33 79.025
12 34 87.092
12 35 9.22
12 36 84.481
12 37 28.071
12 38 49.659
12 39 70.007
12 40 12.369
12 41 100.688
12 42 86.284
12 43 11.18
12 44 85.0
12 45 65.795
12 46 92.087
12 47 53.712
12 48 79.429
12 49 48.104
12 50 92.477
12 51 83.355
12 52 93.915
12 53 15.652
12 54 19.925
12 55 52.086
12 56 74.33
12 57 76.164
12 58 14.765
12 59 35.355
12 60 49.497
12 61 14.422
12 62 48.021
12 63 86.556
12 64 76.322
12 65 59.481
12 66 72.835
12 67 53.535
12 68 40.162
12 69 43.863
12 70 86.313
12 71 91.214
12 72 50.99
12 73 50.04
12 74 86.579
12 75 45.541
12 76 33.615
12 77 44.922
12 78 72.125
12 79 105.0
12 80 101.02
13 44 76 4
13 14 42.579
13 15 41.4
13 16 62.626
13 17 14.56
13 18 39.699
13 19 58.009
13 20 81.302
13 21 38.588
13 22 61.392
13 23 19.313
13 24 63.953
13 25 44.283
13 26 80.623
13 27 43.932
13 28 66.611
13 29 45.354
13 30 26.571
13 31 71.007
13 32 34.015
13 33 61.612
13 34 85.475
13 35 74.967
13 36 47.202
13 37 56.045
13 38 23.087
13 39 34.059
13 40 63.135
13 41 40.311
13 42 21.213
13 43 63.781
13 44 34.176
13 45 17.889
13 46 25.632
13 47 74.243
13 48 75.591
13 49 19.723
13 50 46.615
13 51 30.676
13 52 42.202
13 53 82.801
13 54 51.884
13 55 49.82
13 56 10.198
13 57 57.428
13 58 81.345
13 59 33.422
13 60 50.09
13 61 67.535
13 62 21.095
13 63 23.345
13 64 55.803
13 65 26.476
13 66 69.354
13 67 15.652
13 68 57.723
13 69 34.132
13 70 19.416
13 71 23.854
13 72 74.061
13 73 54.452
13 74 60.108
13 75 67.0
13 76 70.406
13 77 39.0
13 78 77.492
13 79 42.45
13 80 43.012
14 2 83 5
14 15 43.463
14 16 56.08
14 17 57.07
14 18 35.114
14 19 76.851
14 20 114.022
14 21 28.46
14 22 73.007
14 23 50.22
14 24 87.801
14 25 86.023
14 26 81.615
14 27 71.421
14 28 89.051
14 29 59.682
14 30 68.884
14 31 88.119
14 32 11.314
14 33 57.315
14 34 82.006
14 35 112.058
14 36 35.228
14 37 83.487
14 38 65.513
14 39 38.588
14 40 95.776
14 41 2.828
14 42 41.437
14 43 102.474
14 44 21.471
14 45 58.009
14 46 37.121
14 47 88.64
14 48 74.33
14 49 57.271
14 50 25.02
14 51 21.401
14 52 17.029
14 53 117.444
14 54 84.646
14 55 65.0
14 56 44.102
14 57 54.745
14 58 118.152
14 59 73.539
14 60 92.542
14 61 99.086
14 62 62.642
14 63 19.235
14 64 52.773
14 65 68.029
14 66 71.197
14 67 57.723
14 68 100.225
14 69 60.877
14 70 26.306
14 71 31.78
14 72 89.9
14 73 70.328
14 74 49.01
14 75 85.088
14 76 94.403
14 77 62.29
14 78 81.584
14 79 4.123
14 80 6.083
15 19 43 5
15 16 21.26
15 17 48.6
15 18 8.602
15 19 34.655
15 20 76.942
15 21 15.264
15 22 29.547
15 23 60.208
15 24 46.861
15 25 66.491
15 26 41.593
15 27 35.44
15 28 47.381
15 29 17.804
15 30 55.462
15 31 44.944
15 32 33.242
15 33 20.248
15 34 44.944
15 35 79.812
15 36 13.928
15 37 45.177
15 38 53.712
15 39 7.616
15 40 60.166
15 41 40.853
15 42 58.31
15 43 73.553
15 44 22.136
15 45 57.983
15 46 59.203
15 47 45.188
15 48 35.44
15 49 38.484
15 50 23.431
15 51 23.345
15 52 28.018
15 53 81.939
15 54 50.695
15 55 22.627
15 56 50.774
15 57 16.125
15 58 85.071
15 59 52.393
15 60 80.777
15 61 62.169
15 62 48.301
15 63 37.054
15 64 14.422
15 65 63.6
15 66 30.265
15 67 46.872
15 68 83.199
15 69 28.018
15 70 44.911
15 71 54.342
15 72 46.53
15 73 27.659
15 74 20.125
15 75 42.202
15 76 53.075
15 77 25.71
15 78 40.012
15 79 46.819
15 80 38.471
16 5 27 14
16 17 69.527
16 18 24.698
16 19 39.051
16 20 84.404
16 21 29.614
16 22 28.231
16 23 81.271
16 24 51.923
16 25 84.504
16 26 25.962
16 27 48.374
16 28 50.922
16 29 28.443
16 30 75.472
16 31 43.909
16 32 48.26
16 33 3.162
16 34 26.077
16 35 91.137
16 36 21.024
16 37 54.231
16 38 74.061
16 39 28.601
16 40 70.257
16 41 54.009
16 42 78.715
16 43 87.281
16 44 37.656
16 45 79.209
16 46 78.924
16 47 41.4
16 48 18.439
16 49 58.523
16 50 31.257
16 51 40.262
16 52 39.051
16 53 90.609
16 54 63.071
16 55 30.0
16 56 71.847
16 57 6.325
16 58 95.525
16 59 70.774
16 60 100.185
16 61 70.859
16 62 68.505
16 63 55.362
16 64 7.211
16 65 84.504
16 66 17.205
16 67 67.624
16 68 101.242
16 69 44.598
16 70 64.257
16 71 73.736
16 72 43.829
16 73 32.388
16 74 8.062
16 75 42.953
16 76 56.648
16 77 40.262
16 78 27.295
16 79 60.033
16 80 50.16
17 58 72 19
17 18 49.193
17 19 56.045
17 20 71.176
17 21 49.649
17 22 62.169
17 23 23.087
17 24 59.076
17 25 30.017
17 26 83.762
17 27 39.319
17 28 62.201
17 29 47.17
17 30 12.083
17 31 68.659
17 32 48.094
17 33 67.941
17 34 89.811
17 35 62.801
17 36 57.271
17 37 50.01
17 38 8.544
17 39 42.19
17 40 53.759
17 41 54.745
17 42 30.232
17 43 50.99
17 44 46.69
17 45 12.166
17 46 36.235
17 47 72.801
17 48 79.812
17 49 13.601
17 50 58.694
17 51 43.417
17 52 55.326
17 53 71.694
17 54 43.174
17 55 50.537
17 56 18.439
17 57 63.702
17 58 69.203
17 59 20.809
17 60 36.014
17 61 58.523
17 62 8.062
17 63 37.855
17 64 62.37
17 65 15.0
17 66 73.007
17 67 3.0
17 68 43.174
17 69 31.953
17 70 33.541
17 71 36.125
17 72 72.035
17 73 54.231
17 74 68.505
17 75 64.537
17 76 65.0
17 77 37.696
17 78 79.756
17 79 57.009
17 80 57.219
18 14 50 19
18 19 43.186
18 20 84.723
18 21 6.708
18 22 38.013
18 23 57.489
18 24 55.227
18 25 70.349
18 26 48.042
18 27 42.544
18 28 55.866
18 29 26.173
18 30 57.567
18 31 53.535
18 32 25.318
18 33 24.739
18 34 50.22
18 35 86.649
18 36 8.246
18 37 53.0
18 38 55.362
18 39 8.0
18 40 67.543
18 41 32.573
18 42 54.203
18 43 79.624
18 44 14.142
18 45 57.201
18 46 54.231
18 47 53.666
18 48 41.304
18 49 41.0
18 50 15.264
18 51 16.031
18 52 19.416
18 53 89.443
18 54 57.585
18 55 31.145
18 56 48.166
18 57 21.213
18 58 92.114
18 59 56.223
18 60 83.241
18 61 69.836
18 62 50.289
18 63 30.806
18 64 19.235
18 65 64.008
18 66 37.014
18 67 47.927
18 68 86.833
18 69 33.956
18 70 39.56
18 71 49.041
18 72 55.073
18 73 36.235
18 74 20.616
18 75 50.804
18 76 61.522
18 77 32.696
18 78 47.17
18 79 38.601
18 80 29.967
19 43 18 4
19 20 45.354
19 21 49.679
19 22 12.166
19 23 76.42
19 24 13.0
19 25 56.586
19 26 34.886
19 27 18.028
19 28 12.806
19 29 17.205
19 30 55.471
19 31 13.0
19 32 65.863
19 33 35.903
19 34 43.463
19 35 53.151
19 36 47.634
19 37 16.492
19 38 55.946
19 39 38.275
19 40 32.14
19 41 74.095
19 42 79.025
19 43 51.546
19 44 55.471
19 45 68.154
19 46 82.389
19 47 16.763
19 48 35.171
19 49 42.45
19 50 58.0
19 51 55.57
19 52 62.482
19 53 51.624
19 54 27.731
19 55 12.042
19 56 68.066
19 57 33.838
19 58 57.009
19 59 45.804
19 60 75.007
19 61 32.062
19 62 50.695
19 63 65.788
19 64 34.54
19 65 68.542
19 66 28.443
19 67 53.16
19 68 72.007
19 69 24.331
19 70 70.612
19 71 78.918
19 72 16.125
19 73 7.211
19 74 44.944
19 75 9.055
19 76 18.601
19 77 19.026
19 78 29.155
19 79 79.756
19 80 72.422
20 87 7 16
20 21 90.427
20 22 56.719
20 23 94.154
20 24 32.558
20 25 50.09
20 26 75.166
20 27 42.802
20 28 34.132
20 29 59.506
20 30 62.642
20 31 44.045
20 32 102.728
20 33 81.253
20 34 84.214
20 35 17.493
20 36 90.785
20 37 31.765
20 38 65.46
20 39 77.936
20 40 18.439
20 41 111.198
20 42 101.074
20 43 27.459
20 44 94.202
20 45 81.597
20 46 106.55
20 47 49.254
20 48 78.026
20 49 61.587
20 50 99.985
20 51 93.086
20 52 102.65
20 53 7.616
20 54 29.833
20 55 55.714
20 56 89.006
20 57 79.12
20 58 16.401
20 59 50.922
20 60 66.37
20 61 15.0
20 62 63.159
20 63 98.412
20 64 79.699
20 65 75.928
20 66 72.25
20 67 68.447
20 68 56.515
20 69 53.151
20 70 99.403
20 71 105.152
20 72 46.271
20 73 52.202
20 74 90.139
20 75 43.046
20 76 29.0
20 77 52.431
20 78 69.116
20 79 116.0
20 80 110.887
21 11 56 14
21 22 44.721
21 23 55.172
21 24 61.522
21 25 73.007
21 26 54.009
21 27 47.885
21 28 62.29
21 29 32.558
21 30 59.034
21 31 60.208
21 32 19.026
21 33 30.15
21 34 55.579
21 35 91.548
21 36 9.434
21 37 58.822
21 38 56.515
21 39 12.53
21 40 72.945
21 41 25.962
21 42 50.804
21 43 83.934
21 44 8.062
21 45 56.436
21 46 50.12
21 47 60.374
21 48 47.043
21 49 43.105
21 50 10.198
21 51 10.77
21 52 12.806
21 53 94.895
21 54 62.65
21 55 37.643
21 56 46.098
21 57 27.0
21 58 97.17
21 59 59.008
21 60 84.723
21 61 75.472
21 62 51.788
21 63 26.0
21 64 25.0
21 65 64.078
21 66 43.186
21 67 48.765
21 68 89.202
21 69 38.626
21 70 35.355
21 71 44.721
21 72 61.774
21 73 42.802
21 74 24.166
21 75 57.428
21 76 67.897
21 77 38.079
21 78 53.46
21 79 32.016
21 80 23.259
22 31 16 13
22 23 80.523
22 24 24.187
22 25 67.007
22 26 23.601
22 27 27.803
22 28 22.804
22 29 16.125
22 30 63.6
22 31 16.279
22 32 62.626
22 33 25.08
22 34 31.765
22 35 65.276
22 36 40.608
22 37 28.636
22 38 63.514
22 39 35.171
22 40 44.283
22 41 70.385
22 42 81.615
22 43 63.6
22 44 51.624
22 45 73.926
22 46 84.095
22 47 15.652
22 48 23.087
22 49 48.765
22 50 51.614
22 51 52.498
22 52 57.306
22 53 63.285
22 54 39.56
22 55 11.705
22 56 71.589
22 57 23.854
22 58 69.007
22 59 55.154
22 60 84.959
22 61 44.0
22 62 57.983
22 63 64.777
22 64 25.0
22 65 75.802
22 66 16.279
22 67 59.481
22 68 82.928
22 69 30.529
22 70 71.063
22 71 80.0
22 72 17.205
22 73 8.485
22 74 34.986
22 75 14.765
22 76 28.46
22 77 24.698
22 78 18.385
22 79 76.322
22 80 67.978
23 51 94 18
23 24 81.099
23 25 49.578
23 26 99.925
23 27 61.033
23 28 84.024
23 29 64.56
23 30 32.45
23 31 89.359
23 32 45.188
23 33 80.455
23 34 104.657
23 35 84.906
23 36 64.351
23 37 72.443
23 38 29.155
23 39 52.697
23 40 76.844
23 41 48.765
23 42 10.44
23 43 72.67
23 44 49.204
23 45 13.454
23 46 17.088
23 47 92.914
23 48 94.81
23 49 35.128
23 50 61.612
23 51 45.607
23 52 55.57
23 53 94.366
23 54 66.219
23 55 68.884
23 56 9.434
23 57 76.322
23 58 91.269
23 59 43.382
23 60 47.854
23 61 81.609
23 62 31.016
23 63 33.106
23 64 74.626
23 65 23.022
23 66 88.64
23 67 25.962
23 68 58.523
23 69 52.154
23 70 24.042
23 71 20.1
23 72 92.542
23 73 73.348
23 74 78.102
23 75 85.288
23 76 87.281
23 77 57.428
23 78 96.799
23 79 48.508
23 80 52.811
24 55 13 14
24 25 52.697
24 26 44.385
24 27 20.1
24 28 3.606
24 29 29.069
24 30 55.785
24 31 14.422
24 32 76.609
24 33 48.765
24 34 53.367
24 35 41.976
24 36 60.216
24 37 9.849
24 38 57.07
24 39 49.578
24 40 21.541
24 41 85.0
24 42 85.159
24 43 42.544
24 44 66.708
24 45 71.176
24 46 89.269
24 47 20.248
24 48 46.174
24 49 46.011
24 50 70.292
24 51 66.4
24 52 74.25
24 53 39.115
24 54 21.401
24 55 24.413
24 56 73.553
24 57 46.819
24 58 45.177
24 59 44.598
24 60 71.561
24 61 20.224
24 62 52.469
24 63 75.133
24 64 47.539
24 65 69.635
24 66 40.0
24 67 56.08
24 68 66.528
24 69 30.083
24 70 78.772
24 71 86.4
24 72 17.804
24 73 20.125
24 74 57.94
24 75 11.705
24 76 6.708
24 77 26.401
24 78 38.328
24 79 90.443
24 80 83.738
25 84 57 13
25 26 90.604
25 27 39.205
25 28 56.303
25 29 56.798
25 30 18.028
25 31 66.219
25 32 76.158
25 33 82.079
25 34 98.473
25 35 37.0
25 36 78.518
25 37 43.012
25 38 21.633
25 39 62.394
25 40 37.108
25 41 83.522
25 42 58.728
25 43 24.352
25 44 72.339
25 45 36.125
25 46 65.192
25 47 71.701
25 48 89.045
25 49 30.067
25 50 83.006
25 51 69.584
25 52 81.498
25 53 48.052
25 54 31.385
25 55 57.454
25 56 47.802
25 57 78.186
25 58 43.081
25 59 14.142
25 60 18.868
25 61 41.976
25 62 23.409
25 63 67.067
25 64 77.492
25 65 27.785
25 66 81.835
25 67 28.636
25 68 16.763
25 69 39.925
25 70 63.53
25 71 65.803
25 72 69.814
25 73 58.6
25 74 86.128
25 75 62.482
25 76 56.356
25 77 44.721
25 78 85.276
25 79 86.377
25 80 85.376
26 12 2 13
26 27 51.4
26 28 41.773
26 29 36.62
26 30 86.452
26 31 31.145
26 32 73.027
26 33 24.331
26 34 9.055
26 35 86.348
26 36 46.39
26 37 51.078
26 38 86.052
26 39 49.031
26 40 65.803
26 41 79.404
26 42 99.328
26 43 86.163
26 44 62.0
26 45 95.016
26 46 100.663
26 47 26.0
26 48 7.616
26 49 70.803
26 50 57.07
26 51 64.07
26 52 64.63
26 53 82.389
26 54 62.61
26 55 33.971
26 56 90.62
26 57 27.019
26 58 89.269
26 59 78.568
26 60 108.467
26 61 64.537
26 62 80.43
26 63 78.518
26 64 29.017
26 65 98.005
26 66 11.402
26 67 81.271
26 68 106.508
26 69 53.151
26 70 86.493
26 71 95.901
26 72 29.0
26 73 32.016
26 74 33.838
26 75 32.757
26 76 46.271
26 77 47.424
26 78 6.083
26 79 85.475
26 80 75.802
27 53 33 14
27 28 23.0
27 29 20.025
27 30 37.577
27 31 29.732
27 32 60.108
27 33 45.541
27 34 59.363
27 35 44.385
27 36 49.336
27 37 12.53
27 38 38.275
27 39 35.355
27 40 25.06
27 41 68.593
27 42 65.115
27 43 39.013
27 44 51.4
27 45 51.478
27 46 69.376
27 47 34.438
27 48 50.12
27 49 26.019
27 50 57.697
27 51 50.329
27 52 59.908
27 53 47.011
27 54 15.297
27 55 18.974
27 56 53.46
27 57 42.19
27 58 49.649
27 59 27.803
27 60 57.28
27 61 27.803
27 62 33.242
27 63 56.859
27 64 42.048
27 65 50.922
27 66 42.942
27 67 36.346
27 68 55.227
27 69 10.817
27 70 59.506
27 71 66.731
27 72 33.242
27 73 19.416
27 74 52.01
27 75 25.632
27 76 26.476
27 77 9.849
27 78 46.098
27 79 73.593
27 80 68.118
28 53 10 7
28 29 29.732
28 30 59.203
28 31 11.18
28 32 77.936
28 33 47.76
28 34 50.804
28 35 44.643
28 36 60.44
28 37 13.416
28 38 60.415
28 39 50.606
28 40 24.597
28 41 86.267
28 42 87.824
28 43 45.793
28 44 67.801
28 45 74.33
28 46 91.782
28 47 17.0
28 48 44.011
28 49 49.01
28 50 70.767
28 51 67.676
28 52 75.073
28 53 41.0
28 54 25.0
28 55 24.759
28 56 76.322
28 57 46.098
28 58 47.518
28 59 48.104
28 60 75.166
28 61 22.804
28 62 55.731
28 63 76.968
28 64 46.957
28 65 73.007
28 66 38.118
28 67 59.211
28 68 70.093
28 69 32.558
28 70 80.957
28 71 88.769
28 72 14.422
28 73 20.0
28 74 57.271
28 75 9.055
28 76 5.831
28 77 28.46
28 78 35.693
28 79 91.81
28 80 84.812
29 33 32 15
29 30 50.21
29 31 28.792
29 32 48.765
29 33 25.71
29 34 43.139
29 35 63.789
29 36 31.385
29 37 27.857
29 38 49.578
29 39 21.095
29 40 43.417
29 41 56.939
29 42 65.49
29 43 59.034
29 44 38.275
29 45 58.592
29 46 68.029
29 47 30.414
29 48 33.242
29 49 34.205
29 50 41.231
29 51 38.471
29 52 45.343
29 53 64.846
29 54 35.057
29 55 5.385
29 56 55.543
29 57 22.204
29 58 68.659
29 59 43.566
29 60 73.498
29 61 44.944
29 62 43.932
29 63 49.477
29 64 22.023
29 65 61.4
29 66 26.173
29 67 44.654
29 68 73.41
29 69 17.205
29 70 55.227
29 71 64.031
29 72 31.048
29 73 10.77
29 74 32.062
29 75 25.495
29 76 35.355
29 77 12.083
29 78 32.65
29 79 62.65
29 80 55.218
30 69 67 3
30 31 67.231
30 32 59.54
30 33 73.498
30 34 93.338
30 35 52.479
30 36 65.803
30 37 46.098
30 38 3.606
30 39 49.98
30 40 46.39
30 41 66.491
30 42 41.037
30 43 40.224
30 44 57.079
30 45 19.235
30 46 47.381
30 47 72.014
30 48 83.451
30 49 17.0
30 50 68.593
30 51 54.009
30 52 66.008
30 53 62.241
30 54 37.014
30 55 52.498
30 56 29.833
30 57 69.34
30 58 58.83
30 59 12.042
30 60 25.71
30 61 51.352
30 62 7.28
30 63 49.729
30 64 68.264
30 65 14.036
30 66 76.368
30 67 11.18
30 68 31.401
30 69 33.302
30 70 45.618
30 71 47.802
30 72 70.774
30 73 55.218
30 74 75.584
30 75 63.159
30 76 61.0
30 77 39.051
30 78 81.835
30 79 68.964
30 80 68.731
31 43 5 6
31 32 77.389
31 33 40.817
31 34 40.2
31 35 55.66
31 36 56.727
31 37 23.345
31 38 68.007
31 39 49.659
31 40 35.777
31 41 85.422
31 42 92.022
31 43 56.939
31 44 66.648
31 45 80.808
31 46 95.336
31 47 5.831
31 48 34.234
31 49 55.109
31 50 67.624
31 51 67.119
31 52 72.945
31 53 51.245
31 54 35.355
31 55 23.409
31 56 81.056
31 57 40.0
31 58 58.249
31 59 56.824
31 60 85.0
31 61 33.838
31 62 62.936
31 63 78.16
31 64 41.231
31 65 80.654
31 66 29.12
31 67 65.734
31 68 80.61
31 69 37.216
31 70 83.361
31 71 91.788
31 72 3.606
31 73 18.028
31 74 51.039
31 75 4.123
31 76 15.133
31 77 32.016
31 78 25.08
31 79 91.236
31 80 83.355
32 10 75 10
32 33 49.041
32 34 74.33
32 35 101.02
32 36 27.295
32 37 72.18
32 38 56.321
32 39 27.731
32 40 84.504
32 41 8.485
32 42 38.013
32 43 91.679
32 44 11.18
32 45 50.804
32 46 35.355
32 47 78.186
32 48 66.008
32 49 46.819
32 50 19.235
32 51 10.296
32 52 11.402
32 53 106.212
32 54 73.41
32 55 54.12
32 56 37.643
32 57 46.011
32 58 107.07
32 59 63.246
32 60 84.024
32 61 87.784
32 62 52.953
32 63 12.083
32 64 44.011
32 65 60.299
32 66 62.201
32 67 48.374
32 68 90.934
32 69 49.578
32 70 21.633
32 71 29.698
32 72 79.31
32 73 59.481
32 74 41.976
32 75 74.243
32 76 83.235
32 77 50.99
32 78 72.443
32 79 13.892
32 80 9.22
33 8 26 20
33 34 25.495
33 35 88.091
33 36 22.091
33 37 51.157
33 38 72.201
33 39 27.785
33 40 67.186
33 41 55.145
33 42 78.294
33 43 84.38
33 44 38.21
33 45 77.897
33 46 78.772
33 47 38.419
33 48 17.029
33 49 56.613
33 50 32.757
33 51 40.608
33 52 40.311
33 53 87.476
33 54 60.133
33 55 27.019
33 56 71.021
33 57 4.243
33 58 92.439
33 59 68.447
33 60 98.005
33 61 67.742
33 62 66.611
33 63 55.543
33 64 5.831
33 65 82.879
33 66 14.765
33 67 65.947
33 68 98.793
33 69 42.154
33 70 64.195
33 71 73.682
33 72 40.804
33 73 29.275
33 74 10.63
33 75 39.812
33 76 53.488
33 77 37.643
33 78 25.08
33 79 61.205
33 80 51.478
34 3 1 13
34 35 95.341
34 36 47.096
34 37 59.808
34 38 92.698
34 39 52.555
34 40 74.726
34 41 80.006
34 42 103.247
34 43 94.921
34 44 63.64
34 45 100.688
34 46 104.043
34 47 35.014
34 48 10.0
34 49 77.233
34 50 57.035
34 51 66.098
34 52 65.0
34 53 91.444
34 54 71.176
34 55 41.231
34 56 95.258
34 57 29.12
34 58 98.311
34 59 86.052
34 60 116.039
34 61 73.546
34 62 87.046
34 63 81.025
34 64 31.048
34 65 104.35
34 66 16.971
34 67 87.459
34 68 114.586
34 69 60.141
34 70 89.56
34 71 99.04
34 72 38.013
34 73 39.962
34 74 33.061
34 75 41.773
34 76 55.326
34 77 54.562
34 78 15.133
34 79 86.0
34 80 76.026
35 96 22 7
35 36 93.68
35 37 37.0
35 38 55.758
35 39 79.12
35 40 21.024
35 41 109.293
35 42 93.005
35 43 12.649
35 44 93.915
35 45 71.694
35 46 99.02
35 47 61.351
35 48 87.966
35 49 55.973
35 50 101.592
35 51 92.179
35 52 102.883
35 53 12.166
35 54 29.12
35 55 61.205
35 56 81.216
35 57 85.288
35 58 6.403
35 59 42.012
35 60 51.039
35 61 21.84
35 62 54.818
35 63 94.81
35 64 85.475
35 65 64.475
35 66 81.498
35 67 60.44
35 68 40.2
35 69 52.924
35 70 94.069
35 71 98.494
35 72 58.523
35 73 59.0
35 74 95.755
35 75 53.6
35 76 40.853
35 77 54.12
35 78 80.281
35 79 113.464
35 80 109.772
36 6 48 3
36 37 59.034
36 38 63.569
36 39 16.125
36 40 74.095
36 41 33.061
36 42 60.216
36 43 87.132
36 44 17.088
36 45 64.9
36 46 59.54
36 47 56.036
36 48 39.115
36 49 49.244
36 50 11.18
36 51 20.125
36 52 18.248
36 53 95.854
36 54 64.56
36 55 35.805
36 56 55.172
36 57 19.647
36 58 98.98
36 59 64.382
36 60 91.482
36 61 76.059
36 62 58.523
36 63 35.341
36 64 17.72
36 65 72.007
36 66 36.139
36 67 56.08
36 68 95.037
36 69 41.437
36 70 44.777
36 71 54.12
36 72 57.801
36 73 40.46
36 74 14.866
36 75 54.452
36 76 66.219
36 77 39.56
36 78 46.573
36 79 39.115
36 80 29.428
37 59 22 18
37 38 47.518
37 39 46.4
37 40 16.031
37 41 80.66
37 42 77.13
37 43 35.114
37 44 63.032
37 45 62.008
37 46 81.609
37 47 29.0
37 48 51.662
37 49 37.336
37 50 68.264
37 51 62.225
37 52 71.218
37 53 37.0
37 54 12.042
37 55 24.515
37 56 65.307
37 57 48.508
37 58 41.304
37 59 34.785
37 60 61.855
37 61 17.088
37 62 43.105
37 63 69.34
37 64 48.836
37 65 60.017
37 66 44.911
37 67 47.011
37 68 57.28
37 69 23.324
37 70 72.014
37 71 79.12
37 72 26.907
37 73 22.0
37 74 59.228
37 75 19.849
37 76 15.033
37 77 21.213
37 78 45.188
37 79 85.796
37 80 79.931
38 66 69 13
38 39 47.927
38 40 48.836
38 41 63.151
38 42 37.537
38 43 43.6
38 44 54.231
38 45 16.155
38 46 43.841
38 47 72.615
38 48 82.759
38 49 15.62
38 50 65.924
38 51 51.088
38 52 63.071
38 53 65.307
38 54 39.051
38 55 52.202
38 56 26.249
38 57 68.007
38 58 62.129
38 59 14.56
38 60 28.284
38 61 53.759
38 62 5.657
38 63 46.325
38 64 66.851
38 65 12.649
38 66 75.743
38 67 8.0
38 68 34.713
38 69 33.015
38 70 42.048
38 71 44.204
38 72 71.512
38 73 55.227
38 74 73.824
38 75 63.906
38 76 62.514
38 77 38.833
38 78 81.609
38 79 65.521
38 80 65.49
39 22 50 14
39 40 60.415
39 41 35.847
39 42 50.695
39 43 71.805
39 44 17.205
39 45 50.99
39 46 51.662
39 47 50.596
39 48 43.012
39 49 33.242
39 50 22.472
39 51 17.464
39 52 24.839
39 53 82.365
39 54 50.16
39 55 26.42
39 56 43.267
39 57 23.707
39 58 84.694
39 59 48.26
39 60 75.584
39 61 62.968
39 62 42.72
39 63 30.017
39 64 21.954
39 65 57.14
39 66 37.656
39 67 40.706
39 68 78.918
39 69 26.249
39 70 37.483
39 71 46.872
39 72 51.624
39 73 31.765
39 74 26.401
39 75 46.53
39 76 56.08
39 77 25.554
39 78 47.17
39 79 41.593
39 80 34.205
40 75 21 7
40 41 92.957
40 42 83.259
40 43 21.401
40 44 76.276
40 45 64.761
40 46 88.549
40 47 41.593
40 48 67.082
40 49 43.417
40 50 82.735
40 51 75.0
40 52 84.906
40 53 21.954
40 54 11.402
40 55 40.447
40 56 71.176
40 57 64.498
40 58 25.318
40 59 34.366
40 60 55.362
40 61 5.0
40 62 45.88
40 63 79.981
40 64 64.777
40 65 60.208
40 66 60.531
40 67 50.922
40 68 48.021
40 69 35.0
40 70 81.025
40 71 86.954
40 72 38.949
40 73 38.013
40 74 75.133
40 75 33.242
40 76 22.023
40 77 34.886
40 78 59.775
40 79 97.673
40 80 92.801
41 4 81 8
41 42 40.311
41 43 99.765
41 44 18.788
41 45 56.08
41 46 36.359
41 47 86.006
41 48 72.173
41 49 54.626
41 50 23.195
41 51 18.601
41 52 15.033
41 53 114.634
41 54 81.835
41 55 62.266
41 56 42.297
41 57 52.469
41 58 115.378
41 59 70.937
41 60 90.355
41 61 96.26
41 62 60.166
41 63 17.029
41 64 50.488
41 65 66.0
41 66 68.884
41 67 55.317
41 68 97.862
41 69 58.052
41 70 24.739
41 71 30.887
41 72 87.235
41 73 67.602
41 74 47.096
41 75 82.365
41 76 91.608
41 77 59.464
41 78 79.246
41 79 6.083
41 80 5.0
42 41 97 16
42 43 81.056
42 44 43.932
42 45 23.022
42 46 6.708
42 47 95.047
42 48 93.638
42 49 40.162
42 50 55.866
42 51 40.46
42 52 49.041
42 53 101.872
42 54 72.236
42 55 70.257
42 56 12.083
42 57 74.324
42 58 99.403
42 59 51.039
42 60 58.181
42 61 87.846
42 62 38.275
42 63 26.249
42 64 72.498
42 65 33.121
42 66 87.932
42 67 32.757
42 68 68.6
42 69 55.326
42 70 16.401
42 71 10.05
42 72 95.0
42 73 75.107
42 74 74.626
42 75 88.051
42 76 91.591
42 77 60.075
42 78 96.773
42 79 39.294
42 80 44.721
43 92 34 18
43 44 85.44
43 45 59.363
43 46 87.207
43 47 62.769
43 48 86.683
43 49 45.486
43 50 94.112
43 51 83.385
43 52 94.578
43 53 24.083
43 54 24.331
43 55 57.428
43 56 69.426
43 57 81.154
43 58 18.788
43 59 30.414
43 60 39.051
43 61 24.759
43 62 43.139
43 63 84.599
43 64 81.056
43 65 51.894
43 66 79.812
43 67 48.795
43 68 29.12
43 69 45.706
43 70 83.096
43 71 86.977
43 72 60.208
43 73 56.294
43 74 91.0
43 75 54.12
43 76 43.417
43 77 48.094
43 78 80.231
43 79 103.586
43 80 100.648
44 12 64 9
44 45 52.0
44 46 42.72
44 47 67.231
44 48 55.082
44 49 42.297
44 50 12.53
44 51 3.606
44 52 9.22
44 53 98.184
44 54 65.513
44 55 43.566
44 56 40.497
44 57 35.014
44 58 99.765
44 59 58.694
44 60 82.492
44 61 79.202
44 62 50.01
44 63 18.358
44 64 33.015
44 65 60.44
44 66 51.088
44 67 46.271
44 68 88.023
44 69 41.34
44 70 28.018
44 71 37.216
44 72 68.447
44 73 48.877
44 74 31.953
44 75 63.632
44 76 73.246
44 77 41.869
44 78 61.294
44 79 24.698
44 80 17.029
45 60 84 8
45 46 29.682
45 47 84.9
45 48 90.697
45 49 25.71
45 50 64.475
45 51 48.466
45 52 59.775
45 53 81.437
45 54 54.589
45 55 62.241
45 56 14.142
45 57 73.661
45 58 78.032
45 59 30.676
45 60 35.735
45 61 69.635
45 62 19.105
45 63 39.205
45 64 72.18
45 65 10.44
45 66 84.06
45 67 15.133
45 68 45.651
45 69 43.966
45 70 32.14
45 71 31.385
45 72 84.172
45 73 66.129
45 74 77.337
45 75 76.688
45 76 77.026
45 77 49.649
45 78 91.241
45 79 57.079
45 80 59.414
46 35 100 12
46 47 98.046
46 48 94.641
46 49 45.188
46 50 54.037
46 51 39.446
46 52 46.69
46 53 107.615
46 54 77.389
46 55 73.0
46 56 17.804
46 57 74.947
46 58 105.423
46 59 57.009
46 60 64.885
46 61 93.038
46 62 44.204
46 63 24.413
46 64 73.055
46 65 39.825
46 66 89.269
46 67 38.601
46 68 75.293
46 69 59.228
46 70 14.765
46 71 5.657
46 72 98.184
46 73 78.026
46 74 74.243
46 75 91.444
46 76 95.802
46 77 63.64
46 78 98.478
46 79 34.54
46 80 41.049
47 38 2 19
47 48 29.833
47 49 59.203
47 50 67.119
47 51 68.007
47 52 72.945
47 53 56.569
47 54 41.037
47 55 25.179
47 56 84.38
47 57 38.184
47 58 63.789
47 59 61.911
47 60 90.427
47 61 39.56
47 62 67.417
47 63 79.831
47 64 39.623
47 65 85.235
47 66 25.495
47 67 69.921
47 68 86.279
47 69 41.0
47 70 85.586
47 71 94.26
47 72 3.0
47 73 20.025
47 74 48.918
47 75 9.22
47 76 20.616
47 77 35.511
47 78 20.025
47 79 91.924
47 80 83.63
48 9 9 13
48 49 67.268
48 50 49.649
48 51 57.315
48 52 57.315
48 53 85.006
48 54 62.626
48 55 31.623
48 56 85.428
48 57 20.1
48 58 91.351
48 59 76.4
48 60 106.4
48 61 66.37
48 62 77.104
48 63 72.007
48 64 22.091
48 65 94.366
48 66 7.211
48 67 77.466
48 68 105.309
48 69 50.329
48 70 80.281
48 71 89.739
48 72 32.757
48 73 30.871
48 74 26.249
48 75 35.0
48 76 49.041
48 77 44.822
48 78 10.817
48 79 78.23
48 80 68.469
49 54 59 19
49 50 53.009
49 51 39.623
49 52 51.478
49 53 63.253
49 54 32.202
49 55 37.216
49 56 28.16
49 57 52.431
49 58 62.29
49 59 16.492
49 60 42.379
49 61 47.854
49 62 10.0
49 63 39.115
49 64 51.313
49 65 27.203
49 66 60.308
49 67 10.77
49 68 46.098
49 69 18.385
49 70 38.21
49 71 43.566
49 72 58.464
49 73 40.719
49 74 58.6
49 75 50.99
49 76 52.154
49 77 24.166
49 78 66.573
49 79 58.181
49 80 55.973
50 1 58 12
50 51 16.125
50 52 8.246
50 53 104.657
50 54 72.615
50 55 46.011
50 56 53.0
50 57 30.676
50 58 107.154
50 59 69.065
50 60 94.202
50 61 85.088
50 62 61.4
50 63 29.732
50 64 28.792
50 65 72.732
50 66 47.127
50 67 58.052
50 68 99.081
50 69 48.703
50 70 39.623
50 71 48.415
50 72 68.819
50 73 50.912
50 74 24.0
50 75 65.192
50 76 76.485
50 77 47.854
50 78 57.567
50 79 29.069
50 80 19.0
51 15 66 5
51 52 12.0
51 53 96.835
51 54 64.07
51 55 43.829
51 56 36.892
51 57 37.216
51 58 98.112
51 59 56.089
51 60 79.31
51 61 78.102
51 62 47.011
51 63 15.232
51 64 35.228
51 65 57.009
51 66 53.0
51 67 43.105
51 68 85.094
51 69 40.0
51 70 24.698
51 71 34.0
51 72 69.08
51 73 49.193
51 74 34.928
51 75 63.953
51 76 73.007
51 77 41.012
51 78 63.071
51 79 24.187
51 80 17.804
52 3 66 2
52 53 106.85
52 54 74.303
52 55 50.448
52 56 47.424
52 57 37.855
52 58 108.674
52 59 67.897
52 60 91.269
52 61 87.658
52 62 59.008
52 63 22.804
52 64 35.903
52 65 68.659
52 66 54.342
52 67 55.082
52 68 97.082
52 69 50.12
52 70 32.65
52 71 41.037
52 72 74.431
52 73 55.606
52 74 32.062
52 75 70.214
52 76 80.66
52 77 50.22
52 78 64.761
52 79 21.0
52 80 11.18
53 94 10 7
53 54 32.802
53 55 61.4
53 56 89.889
53 57 85.147
53 58 9.22
53 59 51.0
53 60 63.0
53 61 19.925
53 62 63.632
53 63 101.139
53 64 85.615
53 65 74.947
53 66 79.057
53 67 69.116
53 68 52.345
53 69 56.859
53 70 101.415
53 71 106.607
53 72 53.6
53 73 58.249
53 74 96.047
53 75 50.01
53 76 36.125
53 77 56.824
53 78 76.322
53 79 119.206
53 80 114.621
54 68 30 4
54 55 33.136
54 56 60.166
54 57 57.009
54 58 34.54
54 59 25.08
54 60 50.249
54 61 15.652
54 62 35.511
54 63 68.622
54 64 57.009
54 65 51.039
54 66 55.66
54 67 40.262
54 68 45.255
54 69 24.187
54 70 69.635
54 71 75.664
54 72 38.897
54 73 32.016
54 74 67.119
54 75 31.89
54 76 25.08
54 77 25.0
54 78 56.824
54 79 86.452
54 80 81.841
55 35 27 12
55 56 60.017
55 57 24.083
55 58 65.765
55 59 44.822
55 60 74.813
55 61 41.485
55 62 46.615
55 63 54.818
55 64 24.331
55 65 64.351
55 66 24.413
55 67 47.885
55 68 73.824
55 69 19.209
55 70 60.407
55 71 69.116
55 72 25.71
55 73 5.385
55 74 34.713
55 75 20.125
55 76 30.48
55 77 13.454
55 78 29.411
55 79 68.0
55 80 60.465
56 46 86 13
56 57 66.888
56 58 87.618
56 59 39.205
56 60 49.729
56 61 75.769
56 62 26.401
56 63 25.71
56 64 65.192
56 65 24.515
56 66 79.31
56 67 20.809
56 68 59.093
56 69 44.011
56 70 18.028
56 71 18.028
56 72 84.149
56 73 64.63
56 74 68.768
56 75 77.026
56 76 79.906
56 77 49.041
56 78 87.596
56 79 43.012
56 80 45.891
57 11 29 5
57 58 89.805
57 59 64.475
57 60 93.941
57 61 65.307
57 62 62.426
57 63 51.971
57 64 2.0
57 65 78.645
57 66 16.492
57 67 61.717
57 68 94.921
57 69 38.275
57 70 60.44
57 71 69.921
57 72 40.361
57 73 26.926
57 74 11.18
57 75 38.588
57 76 51.894
57 77 33.956
57 78 26.926
57 79 58.549
57 80 49.031
58 100 17 19
58 59 48.415
58 60 56.321
58 61 25.02
58 62 61.221
58 63 101.045
58 64 90.094
58 65 70.682
58 66 85.094
58 67 66.843
58 68 45.0
58 69 58.6
58 70 100.419
58 71 104.89
58 72 60.877
58 73 63.198
58 74 100.449
58 75 56.569
58 76 43.174
58 77 59.464
58 78 83.187
58 79 119.62
58 80 115.763
59 70 55 7
59 60 30.0
59 61 39.319
59 62 12.806
59 63 55.009
59 64 63.695
59 65 26.0
59 66 69.203
59 67 18.439
59 68 30.806
59 69 26.42
59 70 52.802
59 71 56.586
59 72 60.415
59 73 46.669
59 74 72.125
59 75 52.839
59 76 49.477
59 77 31.623
59 78 73.539
59 79 74.25
59 80 72.422
60 94 73 1
60 61 60.083
60 62 32.985
60 63 73.335
60 64 93.022
60 65 25.298
60 66 99.202
60 67 36.222
60 68 12.53
60 69 56.303
60 70 67.469
60 71 67.067
60 72 88.6
60 73 76.485
60 74 100.846
60 75 81.216
60 76 75.18
60 77 61.612
60 78 103.325
60 79 92.071
60 80 93.086
61 75 16 12
61 62 50.695
61 63 83.738
61 64 65.734
61 65 65.192
61 66 60.075
61 67 55.66
61 68 52.355
61 69 38.21
61 70 85.147
61 71 91.302
61 72 36.77
61 73 38.471
61 74 76.158
61 75 31.78
61 76 19.235
61 77 37.443
61 78 58.464
61 79 101.119
61 80 95.901
62 62 65 17
62 63 43.658
62 64 61.294
62 65 17.889
62 66 70.093
62 67 5.657
62 68 38.118
62 69 27.459
62 70 40.497
62 71 43.841
62 72 66.408
62 73 49.739
62 74 68.425
62 75 58.822
62 76 58.138
62 77 33.287
62 78 76.026
62 79 62.968
62 80 62.169
63 21 80 4
63 64 50.01
63 65 49.01
63 66 67.268
63 67 38.601
63 68 81.025
63 69 46.043
63 70 9.899
63 71 18.868
63 72 80.523
63 73 60.166
63 74 50.16
63 75 74.632
63 76 81.841
63 77 48.765
63 78 77.058
63 79 19.313
63 80 20.224
64 11 31 3
64 65 77.337
64 66 18.439
64 67 60.44
64 68 94.244
64 69 37.643
64 70 58.523
64 71 68.007
64 72 41.725
64 73 27.514
64 74 10.44
64 75 39.661
64 76 52.773
64 77 33.541
64 78 28.862
64 79 56.569
64 80 47.074
65 70 81 19
65 66 87.459
65 67 16.971
65 68 35.511
65 69 45.277
65 70 42.426
65 71 41.785
65 72 84.155
65 73 67.602
65 74 83.487
65 75 76.551
65 76 74.967
65 77 51.108
65 78 93.744
65 79 67.268
65 80 69.116
66 15 13 10
66 67 70.605
66 68 98.112
66 69 43.186
66 70 75.133
66 71 84.528
66 72 28.231
66 73 23.77
66 74 25.239
66 75 29.275
66 76 43.417
66 77 37.643
66 78 10.44
66 79 74.967
66 80 65.513
67 58 69 6
67 68 42.579
67 69 29.155
67 70 34.986
67 71 38.184
67 72 69.123
67 73 51.478
67 74 66.888
67 75 61.612
67 76 62.0
67 77 34.928
67 78 77.175
67 79 57.871
67 80 57.559
68 100 62 10
68 69 56.648
68 70 76.217
68 71 76.922
68 72 84.149
68 73 74.626
68 74 102.883
68 75 77.104
68 76 69.203
68 77 61.327
68 78 101.02
68 79 100.17
68 80 100.13
69 47 42 11
69 70 48.847
69 71 56.321
69 72 40.447
69 73 22.361
69 74 46.69
69 75 33.136
69 76 36.688
69 77 5.831
69 78 48.6
69 79 62.936
69 80 57.801
70 28 87 19
70 71 9.487
70 72 85.988
70 73 65.62
70 74 59.481
70 75 79.624
70 76 85.44
70 77 52.498
70 78 84.593
70 79 25.0
70 80 28.792
71 31 96 12
71 72 94.53
71 73 74.243
71 74 68.877
71 75 87.966
71 76 93.005
71 77 60.415
71 78 93.904
71 79 29.411
71 80 35.511
72 41 2 2
72 73 20.396
72 74 51.225
72 75 7.616
72 76 17.72
72 77 35.128
72 78 23.022
72 79 93.107
72 80 85.0
73 37 22 18
73 74 37.947
73 75 14.765
73 76 25.807
73 77 16.553
73 78 26.87
73 79 73.355
73 80 65.734
74 1 34 6
74 75 49.739
74 76 63.071
74 77 43.105
74 78 35.355
74 79 53.038
74 80 43.0
75 44 9 12
75 76 14.142
75 77 28.0
75 78 26.683
75 79 88.119
75 80 80.455
76 58 7 17
76 77 33.106
76 78 40.2
76 79 97.082
76 80 90.272
77 44 37 20
77 78 42.802
77 79 64.661
77 80 58.728
78 18 3 16
78 79 85.329
78 80 75.928
79 3 87 16
79 80 10.198
80 1 77 7
