75 4
1 2 4 17
1 2 116.499
1 3 113.455
1 4 48.466
1 5 73.98
1 6 46.239
1 7 82.347
1 8 71.449
1 9 96.421
1 10 58.052
1 11 70.178
1 12 102.956
1 13 57.723
1 14 57.315
1 15 61.587
1 16 45.88
1 17 94.372
1 18 22.204
1 19 19.647
1 20 84.38
1 21 68.447
1 22 13.601
1 23 9.487
1 24 20.518
1 25 70.682
1 26 116.4
1 27 87.727
1 28 99.624
1 29 64.07
1 30 86.649
1 31 1.0
1 32 98.494
1 33 55.606
1 34 30.414
1 35 82.462
1 36 94.578
1 37 94.937
1 38 106.527
1 39 81.271
1 40 100.449
1 41 112.486
1 42 107.787
1 43 99.905
1 44 59.908
1 45 92.914
1 46 39.459
1 47 93.236
1 48 57.871
1 49 100.568
1 50 98.311
1 51 67.446
1 52 92.698
1 53 75.06
1 54 126.905
1 55 92.179
1 56 74.673
1 57 40.162
1 58 46.872
1 59 124.459
1 60 68.015
1 61 96.607
1 62 58.873
1 63 43.566
1 64 61.612
1 65 16.125
1 66 56.798
1 67 27.459
1 68 70.264
1 69 100.319
1 70 116.825
1 71 68.066
1 72 77.233
1 73 101.553
1 74 86.377
1 75 89.805
2 98 70 18
2 3 12.806
2 4 80.777
2 5 84.291
2 6 82.28
2 7 38.275
2 8 47.17
2 9 57.0
2 10 61.465
2 11 58.421
2 12 60.828
2 13 82.608
2 14 60.374
2 15 64.537
2 16 83.241
2 17 41.304
2 18 97.185
2 19 102.421
2 20 59.228
2 21 50.249
2 22 103.6
2 23 107.415
2 24 96.255
2 25 66.03
2 26 37.483
2 27 36.056
2 28 17.0
2 29 52.431
2 30 69.857
2 31 115.935
2 32 22.023
2 33 61.057
2 34 86.954
2 35 48.703
2 36 34.713
2 37 29.411
2 38 14.142
2 39 35.228
2 40 23.195
2 41 24.839
2 42 19.026
2 43 31.321
2 44 56.613
2 45 23.601
2 46 82.759
2 47 38.639
2 48 86.47
2 49 33.015
2 50 28.443
2 51 57.14
2 52 33.061
2 53 72.125
2 54 17.0
2 55 75.584
2 56 60.166
2 57 87.596
2 58 75.027
2 59 24.698
2 60 49.659
2 61 25.632
2 62 60.877
2 63 73.007
2 64 82.219
2 65 102.215
2 66 60.877
2 67 89.051
2 68 67.03
2 69 26.306
2 70 7.211
2 71 84.006
2 72 90.67
2 73 59.034
2 74 39.0
2 75 32.14
3 88 78 5
3 4 73.926
3 5 74.007
3 6 75.644
3 7 41.485
3 8 42.202
3 9 65.765
3 10 56.303
3 11 50.289
3 12 48.332
3 13 74.216
3 14 56.223
3 15 57.385
3 16 76.557
3 17 49.254
3 18 95.588
3 19 97.908
3 20 66.03
3 21 51.0
3 22 101.139
3 23 104.738
3 24 92.957
3 25 56.886
3 26 24.839
3 27 27.857
3 28 16.763
3 29 50.329
3 30 58.549
3 31 112.805
3 32 15.0
3 33 58.0
3 34 83.241
3 35 54.332
3 36 42.107
3 37 36.014
3 38 7.211
3 39 33.838
3 40 13.928
3 41 12.042
3 42 29.155
3 43 20.025
3 44 54.562
3 45 23.77
3 46 82.662
3 47 28.018
3 48 77.878
3 49 41.976
3 50 18.248
3 51 59.808
3 52 23.77
3 53 77.782
3 54 13.454
3 55 63.789
3 56 65.115
3 57 81.394
3 58 69.462
3 59 15.033
3 60 45.453
3 61 32.016
3 62 61.4
3 63 70.725
3 64 73.348
3 65 98.407
3 66 60.216
3 67 86.313
3 68 57.871
3 69 34.525
3 70 6.325
3 71 74.33
3 72 80.056
3 73 46.615
3 74 44.283
3 75 24.597
4 20 49 6
4 5 28.636
4 6 2.236
4 7 58.052
4 8 34.234
4 9 85.907
4 10 21.095
4 11 24.413
4 12 54.562
4 13 11.705
4 14 24.739
4 15 16.553
4 16 2.828
4 17 75.69
4 18 42.19
4 19 29.069
4 20 75.664
4 21 46.819
4 22 41.304
4 23 42.953
4 24 31.145
4 25 22.472
4 26 70.767
4 27 46.098
4 28 64.327
4 29 36.139
4 30 38.328
4 31 47.539
4 32 59.464
4 33 28.231
4 34 23.195
4 35 66.851
4 36 72.18
4 37 69.354
4 38 68.007
4 39 49.01
4 40 60.008
4 41 69.642
4 42 79.025
4 43 56.604
4 44 34.176
4 45 59.414
4 46 44.294
4 47 48.826
4 48 14.422
4 49 77.929
4 50 56.356
4 51 54.203
4 52 50.537
4 53 74.518
4 54 86.764
4 55 44.407
4 56 66.038
4 57 8.602
4 58 10.0
4 59 81.835
4 60 33.0
4 61 69.065
4 62 44.102
4 63 29.069
4 64 15.524
4 65 32.573
4 66 38.588
4 67 30.414
4 68 21.954
4 69 74.169
4 70 78.772
4 71 22.804
4 72 34.176
4 73 53.235
4 74 64.761
4 75 49.396
5 14 77 17
5 6 30.414
5 7 74.095
5 8 46.648
5 9 105.603
5 10 40.361
5 11 29.53
5 12 36.62
5 13 17.117
5 14 45.343
5 15 29.698
5 16 30.265
5 17 92.439
5 18 70.711
5 19 54.452
5 20 97.0
5 21 66.603
5 22 69.007
5 23 70.064
5 24 59.076
5 25 20.125
5 26 61.351
5 27 48.836
5 28 70.612
5 29 55.227
5 30 18.358
5 31 72.993
5 32 62.514
5 33 50.448
5 34 51.788
5 35 86.215
5 36 87.235
5 37 82.765
5 38 70.178
5 39 61.27
5 40 61.131
5 41 65.62
5 42 88.888
5 43 54.037
5 44 55.172
5 45 68.308
5 46 72.236
5 47 46.0
5 48 16.125
5 49 92.136
5 50 56.036
5 51 76.381
5 52 51.245
5 53 98.717
5 54 84.593
5 55 20.0
5 56 88.391
5 57 35.014
5 58 36.77
5 59 76.688
5 60 48.01
5 61 81.154
5 62 67.476
5 63 55.902
5 64 13.153
5 65 59.135
5 66 61.847
5 67 59.034
5 68 19.235
5 69 86.539
5 70 80.006
5 71 6.0
5 72 7.211
5 73 36.359
5 74 81.302
5 75 52.953
6 19 47 6
6 7 58.694
6 8 35.511
6 9 86.006
6 10 22.0
6 11 26.401
6 12 56.798
6 13 13.342
6 14 25.318
6 15 18.358
6 16 1.0
6 17 76.158
6 18 40.311
6 19 26.833
6 20 75.591
6 21 47.127
6 22 39.205
6 23 40.792
6 24 29.069
6 25 24.698
6 26 72.863
6 27 47.854
6 28 65.734
6 29 36.674
6 30 40.522
6 31 45.31
6 32 61.098
6 33 28.46
6 34 21.378
6 35 67.067
6 36 72.835
6 37 70.178
6 38 69.642
6 39 50.09
6 40 61.741
6 41 71.561
6 42 80.1
6 43 58.523
6 44 34.482
6 45 60.671
6 46 43.046
6 47 50.804
6 48 15.652
6 49 78.638
6 50 58.181
6 51 54.12
6 52 52.355
6 53 74.027
6 54 88.549
6 55 46.53
6 56 65.863
6 57 6.403
6 58 9.849
6 59 83.762
6 60 34.059
6 61 70.007
6 62 43.909
6 63 28.284
6 64 17.263
6 65 30.364
6 66 38.471
6 67 28.636
6 68 24.187
6 69 75.06
6 70 80.411
6 71 24.515
6 72 35.735
6 73 55.471
6 74 65.307
6 75 51.078
7 77 38 7
7 8 27.459
7 9 32.65
7 10 37.108
7 11 44.654
7 12 68.476
7 13 64.846
7 14 33.377
7 15 45.695
7 16 59.682
7 17 18.358
7 18 61.4
7 19 71.589
7 20 27.514
7 21 13.928
7 22 68.877
7 23 72.918
7 24 63.246
7 25 54.083
7 26 59.211
7 27 33.541
7 28 24.739
7 29 22.091
7 30 67.179
7 31 81.939
7 32 31.016
7 33 31.0
7 34 55.317
7 35 14.866
7 36 14.142
7 37 12.649
7 38 34.713
7 39 14.422
7 40 35.057
7 41 48.042
7 42 25.554
7 43 41.976
7 44 25.02
7 45 18.111
7 46 45.607
7 47 42.544
7 48 68.949
7 49 20.025
7 50 37.656
7 51 18.868
7 52 36.056
7 53 37.0
7 54 53.31
7 55 75.007
7 56 24.021
7 57 62.129
7 58 49.254
7 59 56.294
7 60 26.401
7 61 14.422
7 62 23.854
7 63 39.56
7 64 66.31
7 65 69.921
7 66 25.632
7 67 55.362
7 68 54.918
7 69 18.028
7 70 41.629
7 71 71.12
7 72 81.302
7 73 66.242
7 74 7.211
7 75 31.016
8 54 53 2
8 9 59.464
8 10 14.318
8 11 17.205
8 12 46.098
8 13 38.639
8 14 14.142
8 15 19.235
8 16 36.497
8 17 45.793
8 18 54.918
8 19 55.758
8 20 52.01
8 21 22.361
8 22 59.548
8 23 62.968
8 24 50.931
8 25 26.627
8 26 47.539
8 27 17.0
8 28 30.364
8 29 13.038
8 30 40.804
8 31 70.767
8 32 27.203
8 33 17.0
8 34 41.11
8 35 40.311
8 36 40.719
8 37 36.688
8 38 35.511
8 39 15.297
8 40 29.0
8 41 41.4
8 42 45.044
8 43 29.53
8 44 16.125
8 45 25.179
8 46 44.922
8 47 24.739
8 48 42.755
8 49 45.88
8 50 27.203
8 51 33.615
8 52 21.954
8 53 56.859
8 54 55.606
8 55 48.826
8 56 44.777
8 57 40.522
8 58 27.857
8 59 53.151
8 60 4.123
8 61 35.693
8 62 28.16
8 63 30.017
8 64 39.56
8 65 56.223
8 66 24.021
8 67 44.688
8 68 27.459
8 69 41.0
8 70 46.141
8 71 43.863
8 72 53.852
8 73 43.932
8 74 34.67
8 75 18.439
9 98 13 12
9 10 66.37
9 11 76.577
9 12 100.703
9 13 94.515
9 14 61.774
9 15 76.276
9 16 86.925
9 17 16.763
9 18 74.243
9 19 91.548
9 20 12.042
9 21 39.446
9 22 83.15
9 23 87.207
9 24 81.154
9 25 85.913
9 26 87.932
9 27 65.734
9 28 51.245
9 29 50.774
9 30 99.765
9 31 96.333
9 32 60.166
9 33 57.697
9 34 76.118
9 35 19.416
9 36 24.042
9 37 30.364
9 38 60.638
9 39 47.011
9 40 64.257
9 41 75.432
9 42 38.013
9 43 72.498
9 44 51.884
9 45 47.011
9 46 57.079
9 47 74.431
9 48 98.489
9 49 24.021
9 50 68.029
9 51 32.28
9 52 67.602
9 53 24.187
9 54 74.0
9 55 107.629
9 56 22.023
9 57 87.92
9 58 76.158
9 59 80.505
9 60 57.628
9 61 34.205
9 62 42.72
9 63 60.638
9 64 96.566
9 65 88.142
9 66 47.76
9 67 73.246
9 68 86.683
9 69 31.257
9 70 63.127
9 71 102.078
9 72 112.801
9 73 98.478
9 74 25.807
9 75 62.769
10 41 47 15
10 11 16.031
10 12 51.088
10 13 28.178
10 14 5.0
10 15 10.817
10 16 23.0
10 17 55.027
10 18 43.463
10 19 41.617
10 20 57.009
10 21 26.926
10 22 46.872
10 23 50.0
10 24 37.643
10 25 22.847
10 26 58.83
10 27 29.698
10 28 44.598
10 29 15.652
10 30 40.522
10 31 57.315
10 32 41.34
10 33 10.296
10 34 27.659
10 35 47.011
10 36 51.196
10 37 48.26
10 38 49.739
10 39 28.16
10 40 42.802
10 41 54.452
10 42 58.138
10 43 41.869
10 44 14.866
10 45 39.051
10 46 37.0
10 47 35.511
10 48 32.202
10 49 56.886
10 50 40.311
10 51 36.069
10 52 34.655
10 53 58.412
10 54 69.635
10 55 48.384
10 56 48.104
10 57 26.476
10 58 13.601
10 59 66.483
10 60 12.166
10 61 48.01
10 62 27.203
10 63 20.1
10 64 30.232
10 65 42.45
10 66 21.633
10 67 32.249
10 68 23.259
10 69 53.085
10 70 60.415
10 71 36.125
10 72 47.381
10 73 49.163
10 74 43.966
10 75 32.016
11 40 63 11
11 12 35.228
11 13 24.187
11 14 20.396
11 15 8.602
11 16 27.203
11 17 62.968
11 18 58.241
11 19 51.856
11 20 68.68
11 21 38.419
11 22 60.415
11 23 63.063
11 24 50.537
11 25 9.434
11 26 46.69
11 27 22.561
11 28 43.012
11 29 27.459
11 30 25.08
11 31 69.34
11 32 36.497
11 33 25.71
11 34 40.719
11 35 57.315
11 36 57.706
11 37 53.31
11 38 44.911
11 39 31.78
11 40 36.401
11 41 45.277
11 42 60.208
11 43 32.249
11 44 28.636
11 45 39.623
11 46 53.009
11 47 24.413
11 48 28.071
11 49 62.65
11 50 32.311
11 51 49.092
11 52 26.571
11 53 72.201
11 54 62.769
11 55 33.106
11 56 60.803
11 57 32.65
11 58 23.324
11 59 57.454
11 60 19.105
11 61 51.865
11 62 41.629
11 63 36.014
11 64 24.021
11 65 54.083
11 66 36.401
11 67 46.487
11 68 10.296
11 69 57.245
11 70 55.543
11 71 27.203
11 72 36.715
11 73 33.377
11 74 51.865
11 75 26.306
12 44 98 13
12 13 47.202
12 14 55.0
12 15 42.953
12 16 57.245
12 17 84.629
12 18 93.172
12 19 83.63
12 20 95.708
12 21 68.007
12 22 94.557
12 23 96.799
12 24 84.433
12 25 32.311
12 26 28.018
12 27 34.986
12 28 53.075
12 29 59.034
12 30 18.439
12 31 102.044
12 32 43.186
12 33 60.033
12 34 75.0
12 35 83.187
12 36 77.801
12 37 71.84
12 38 47.707
12 39 54.12
12 40 39.825
12 41 37.0
12 42 72.346
12 43 30.61
12 44 61.522
12 45 54.672
12 46 88.051
12 47 26.401
12 48 48.918
12 49 80.808
12 50 34.713
12 51 79.404
12 52 33.422
12 53 102.46
12 54 55.109
12 55 18.682
12 56 89.889
12 57 63.063
12 58 57.28
12 59 45.277
12 60 49.82
12 61 68.768
12 62 74.148
12 63 71.176
12 64 44.045
12 65 86.925
12 66 69.584
12 67 81.253
12 68 32.696
12 69 73.593
12 70 54.626
12 71 40.361
12 72 39.812
12 73 2.236
12 74 74.947
12 75 38.013
13 16 60 13
13 14 32.757
13 15 19.416
13 16 13.153
13 17 83.006
13 18 53.6
13 19 38.079
13 20 84.876
13 21 55.073
13 22 52.01
13 23 53.235
13 24 42.012
13 25 17.889
13 26 67.119
13 27 46.69
13 28 67.03
13 29 43.829
13 30 29.53
13 31 56.754
13 32 60.671
13 33 37.202
13 34 34.713
13 35 75.18
13 36 78.746
13 37 75.186
13 38 69.051
13 39 53.935
13 40 60.415
13 41 68.154
13 42 83.487
13 43 55.362
13 44 42.72
13 45 63.127
13 46 55.902
13 47 47.17
13 48 4.123
13 49 84.202
13 50 56.045
13 51 63.6
13 52 50.448
13 53 84.865
13 54 86.331
13 55 34.482
13 56 75.604
13 57 18.028
13 58 20.809
13 59 80.112
13 60 38.601
13 61 74.33
13 62 53.907
13 63 40.224
13 64 4.0
13 65 42.426
13 66 48.27
13 67 41.976
13 68 17.0
13 69 79.624
13 70 79.624
13 71 11.18
13 72 22.472
13 73 46.228
13 74 71.868
13 75 50.488
14 44 43 6
14 15 15.811
14 16 26.306
14 17 50.961
14 18 41.183
14 19 42.059
14 20 52.202
14 21 22.361
14 22 45.453
14 23 48.836
14 24 36.797
14 25 27.731
14 26 60.828
14 27 30.806
14 28 43.382
14 29 11.402
14 30 45.222
14 31 56.639
14 32 41.231
14 33 5.385
14 34 27.019
14 35 42.485
14 36 47.518
14 37 45.011
14 38 49.406
14 39 25.962
14 40 43.139
14 41 55.444
14 42 55.579
14 43 43.267
14 44 10.0
14 45 37.336
14 46 33.136
14 47 37.577
14 48 36.715
14 49 53.339
14 50 41.231
14 51 31.145
14 52 35.805
14 53 53.413
14 54 69.656
14 55 53.141
14 56 43.186
14 57 29.017
14 58 16.0
14 59 67.268
14 60 10.817
14 61 45.1
14 62 22.204
14 63 16.763
14 64 35.0
14 65 42.202
14 66 16.643
14 67 30.61
14 68 28.178
14 69 50.01
14 70 59.908
14 71 41.037
14 72 52.345
14 73 53.009
14 74 40.025
14 75 32.558
15 35 56 7
15 16 19.235
15 17 63.977
15 18 50.22
15 19 43.278
15 20 67.357
15 21 37.014
15 22 52.0
15 23 54.562
15 24 42.048
15 25 12.369
15 26 55.227
15 27 29.547
15 28 48.374
15 29 25.612
15 30 30.414
15 31 60.745
15 32 43.012
15 33 21.095
15 34 32.311
15 35 56.859
15 36 59.464
15 37 55.785
15 38 51.546
15 39 34.525
15 40 43.463
15 41 53.254
15 42 64.195
15 43 40.224
15 44 25.495
15 45 44.0
15 46 46.39
15 47 32.65
15 48 23.537
15 49 64.846
15 50 39.825
15 51 46.69
15 52 34.0
15 53 69.203
15 54 70.214
15 55 38.079
15 56 58.694
15 57 24.413
15 58 14.765
15 59 65.46
15 60 19.313
15 61 54.918
15 62 38.013
15 63 29.275
15 64 20.616
15 65 45.486
15 66 32.45
15 67 38.328
15 68 12.649
15 69 60.208
15 70 62.298
15 71 25.807
15 72 36.797
15 73 41.231
15 74 52.802
15 75 32.894
16 18 47 5
16 17 77.13
16 18 40.447
16 19 26.401
16 20 76.479
16 21 48.083
16 22 39.115
16 23 40.608
16 24 29.017
16 25 25.239
16 26 73.593
16 27 48.754
16 28 66.708
16 29 37.656
16 30 40.804
16 31 44.944
16 32 62.032
16 33 29.411
16 34 21.587
16 35 68.007
16 36 73.824
16 37 71.176
16 38 70.576
16 39 51.088
16 40 62.65
16 41 72.402
16 42 81.099
16 43 59.363
16 44 35.44
16 45 61.66
16 46 43.566
16 47 51.614
16 48 15.232
16 49 79.63
16 50 59.059
16 51 55.009
16 52 53.235
16 53 74.813
16 54 89.443
16 55 46.69
16 56 66.731
16 57 5.831
16 58 10.77
16 59 84.599
16 60 35.057
16 61 71.007
16 62 44.777
16 63 29.0
16 64 17.117
16 65 30.083
16 66 39.357
16 67 28.862
16 68 24.698
16 69 76.059
16 70 81.345
16 71 24.331
16 72 35.44
16 73 55.946
16 74 66.287
16 75 52.0
17 93 29 10
17 18 72.422
17 19 86.209
17 20 18.385
17 21 29.275
17 22 80.777
17 23 84.9
17 24 76.792
17 25 72.402
17 26 71.169
17 27 49.82
17 28 34.482
17 29 39.56
17 30 84.959
17 31 94.112
17 32 43.463
17 33 47.854
17 34 70.064
17 35 12.083
17 36 7.28
17 37 13.601
17 38 43.932
17 39 31.89
17 40 47.539
17 41 58.694
17 42 22.804
17 43 55.902
17 44 41.773
17 45 30.414
17 46 55.362
17 47 58.249
17 48 87.092
17 49 8.944
17 50 51.43
17 51 26.926
17 52 51.313
17 53 32.249
17 54 58.215
17 55 92.655
17 56 22.672
17 57 79.076
17 58 66.491
17 59 64.125
17 60 44.721
17 61 17.464
17 62 36.222
17 63 54.037
17 64 84.581
17 65 83.726
17 66 40.0
17 67 68.731
17 68 73.246
17 69 15.033
17 70 47.011
17 71 89.471
17 72 99.644
17 73 82.42
17 74 11.18
17 75 46.615
18 24 7 20
18 19 23.345
18 20 62.201
18 21 47.707
18 22 9.055
18 23 13.0
18 24 13.038
18 25 61.522
18 26 102.0
18 27 71.868
18 28 80.66
18 29 45.277
18 30 79.228
18 31 22.091
18 32 80.92
18 33 38.013
18 34 19.026
18 35 60.44
18 36 73.007
18 37 73.824
18 38 88.459
18 39 62.241
18 40 83.409
18 41 96.26
18 42 86.954
18 43 84.38
18 44 41.037
18 45 73.661
18 46 17.263
18 47 78.715
18 48 55.317
18 49 78.924
18 50 82.098
18 51 45.541
18 52 76.851
18 53 53.339
18 54 108.977
18 55 86.023
18 56 52.469
18 57 36.139
18 58 36.222
18 59 107.801
18 60 51.039
18 61 75.802
18 62 37.59
18 63 25.0
18 64 57.559
18 65 17.804
18 66 36.401
18 67 12.042
18 68 61.4
18 69 79.177
18 70 98.29
18 71 64.777
18 72 75.71
18 73 91.444
18 74 64.885
18 75 73.239
19 7 23 9
19 20 79.762
19 21 57.871
19 22 17.0
19 23 16.492
19 24 11.18
19 25 51.478
19 26 98.494
19 27 71.063
19 28 85.422
19 29 50.922
19 30 67.067
19 31 18.682
19 32 82.928
19 33 41.785
19 34 16.279
19 35 75.007
19 36 85.0
19 37 84.172
19 38 91.269
19 39 67.624
19 40 84.404
19 41 95.671
19 42 96.167
19 43 82.807
19 44 47.127
19 45 79.202
19 46 36.401
19 47 75.664
19 48 38.328
19 49 91.082
19 50 81.688
19 51 60.008
19 52 75.928
19 53 73.376
19 54 111.252
19 55 72.533
19 56 69.584
19 57 20.616
19 58 29.0
19 59 107.815
19 60 52.839
19 61 85.165
19 62 50.04
19 63 32.249
19 64 41.976
19 65 5.831
19 66 46.39
19 67 18.439
19 68 51.0
19 69 89.499
19 70 101.872
19 71 48.508
19 72 58.009
19 73 82.298
19 74 76.792
19 75 73.6
20 86 12 4
20 21 30.414
20 22 71.113
20 23 75.166
20 24 69.26
20 25 77.795
20 26 86.145
20 27 60.926
20 28 50.09
20 29 41.773
20 30 92.801
20 31 84.291
20 32 57.871
20 33 47.707
20 34 64.537
20 35 12.649
20 36 24.515
20 37 30.15
20 38 60.033
20 39 41.629
20 40 61.984
20 41 74.33
20 42 41.11
20 43 69.376
20 44 42.202
20 45 44.553
20 46 45.044
20 47 70.007
20 48 88.752
20 49 27.313
20 50 65.0
20 51 21.471
20 52 63.569
20 53 14.213
20 54 75.954
20 55 100.802
20 56 10.198
20 57 77.078
20 58 65.765
20 59 81.056
20 60 49.578
20 61 34.132
20 62 31.78
20 63 49.336
20 64 87.201
20 65 76.236
20 66 37.121
20 67 61.4
20 68 78.492
20 69 32.985
20 70 64.498
20 71 93.086
20 72 104.139
20 73 93.472
20 74 22.204
20 75 58.523
21 64 33 3
21 22 55.009
21 23 59.034
21 24 49.336
21 25 47.424
21 26 64.498
21 27 35.057
21 28 34.67
21 29 11.402
21 30 62.968
21 31 68.029
21 32 37.947
21 33 18.682
21 34 41.593
21 35 20.125
21 36 27.166
21 37 26.571
21 38 43.829
21 39 17.72
21 40 41.485
21 41 55.082
21 42 39.357
21 43 46.174
21 44 12.649
21 45 27.459
21 46 32.527
21 47 44.181
21 48 59.059
21 49 33.242
21 50 42.426
21 51 11.402
21 52 39.013
21 53 34.54
21 54 63.812
21 55 71.021
21 56 22.472
21 57 49.82
21 58 37.363
21 59 65.0
21 60 19.416
21 61 28.178
21 62 10.63
21 63 25.71
21 64 57.14
21 65 56.045
21 66 11.705
21 67 41.437
21 68 48.104
21 69 31.953
21 70 52.431
21 71 62.801
21 72 73.756
21 73 65.803
21 74 19.026
21 75 34.059
22 15 8 14
22 23 4.123
22 24 10.198
22 25 62.362
22 26 105.688
22 27 76.217
22 28 86.833
22 29 51.225
22 30 79.429
22 31 13.342
22 32 86.267
22 33 43.139
22 34 19.698
22 35 68.884
22 36 80.994
22 37 81.437
22 38 94.112
22 39 68.411
22 40 88.459
22 41 100.896
22 42 94.366
22 43 88.6
22 44 47.011
22 45 80.0
22 46 26.077
22 47 82.377
22 48 53.085
22 49 86.977
22 50 86.683
22 51 53.852
22 52 81.216
22 53 62.394
22 54 114.586
22 55 85.709
22 56 61.294
22 57 34.0
22 58 37.336
22 59 112.699
22 60 55.902
22 61 83.187
22 62 45.31
22 63 30.61
22 64 56.009
22 65 11.18
22 66 43.417
22 67 14.866
22 68 62.097
22 69 86.816
22 70 104.235
22 71 63.008
22 72 73.335
22 73 92.973
22 74 72.801
22 75 77.987
23 11 7 2
23 24 12.53
23 25 64.514
23 26 108.724
23 27 79.511
23 28 90.604
23 29 55.0
23 30 81.253
23 31 9.22
23 32 89.828
23 33 46.755
23 34 22.472
23 35 73.007
23 36 85.094
23 37 85.493
23 38 97.745
23 39 72.201
23 40 91.935
23 41 104.235
23 42 98.387
23 43 91.831
23 44 50.804
23 45 83.815
23 46 30.15
23 47 85.446
23 48 54.009
23 49 91.082
23 50 90.028
23 51 57.974
23 52 84.504
23 53 66.272
23 54 118.191
23 55 87.298
23 56 65.376
23 57 35.228
23 58 39.812
23 59 116.103
23 60 59.397
23 61 87.207
23 62 49.396
23 63 34.409
23 64 57.219
23 65 11.045
23 66 47.413
23 67 18.439
23 68 64.195
23 69 90.874
23 70 107.935
23 71 64.07
23 72 74.061
23 73 95.273
23 74 76.896
23 75 81.394
24 17 18 1
24 25 52.202
24 26 96.26
24 27 67.268
24 28 79.322
24 29 43.909
24 30 69.231
24 31 19.849
24 32 77.987
24 33 35.228
24 34 10.0
24 35 65.276
24 36 76.158
24 37 75.895
24 38 86.052
24 39 61.057
24 40 79.931
24 41 92.022
24 42 88.391
24 43 79.511
24 44 39.825
24 45 72.719
24 46 25.298
24 47 73.007
24 48 43.29
24 49 82.225
24 50 77.833
24 51 50.16
24 52 72.25
24 53 62.362
24 54 106.405
24 55 75.538
24 56 59.135
24 57 24.083
24 58 27.313
24 59 103.966
24 60 47.508
24 61 77.253
24 62 40.608
24 63 23.77
24 64 46.011
24 65 7.0
24 66 37.643
24 67 8.062
24 68 51.923
24 69 81.271
24 70 96.4
24 71 53.085
24 72 63.64
24 73 82.873
24 74 67.912
24 75 69.296
25 32 68 6
25 26 49.406
25 27 30.0
25 28 51.352
25 29 36.235
25 30 18.111
25 31 69.778
25 32 44.011
25 33 33.106
25 34 42.953
25 35 66.603
25 36 67.119
25 37 62.65
25 38 52.154
25 39 41.146
25 40 43.29
25 41 50.329
25 42 69.123
25 43 37.643
25 44 36.892
25 45 48.508
25 46 58.694
25 47 29.411
25 48 21.19
25 49 72.014
25 50 38.639
25 51 57.801
25 52 33.242
25 53 80.709
25 54 68.68
25 55 25.71
25 56 69.656
25 57 31.064
25 58 25.318
25 59 62.241
25 60 28.32
25 61 61.098
25 62 49.739
25 63 41.593
25 64 16.492
25 65 54.626
25 66 44.294
25 67 49.497
25 68 1.0
25 69 66.483
25 70 62.514
25 71 18.248
25 72 27.295
25 73 30.871
25 74 61.294
25 75 34.015
26 72 97 14
26 27 30.676
26 28 36.688
26 29 59.481
26 30 43.417
26 31 115.603
26 32 28.284
26 33 64.475
26 34 86.267
26 35 73.682
26 36 63.891
26 37 57.567
26 38 27.731
26 39 47.096
26 40 24.187
26 41 13.038
26 42 53.339
26 43 18.439
26 44 63.246
26 45 41.593
26 46 92.358
26 47 23.324
26 48 69.971
26 49 65.0
26 50 22.091
26 51 75.166
26 52 25.962
26 53 96.13
26 54 27.857
26 55 46.174
26 56 83.096
26 57 79.209
26 58 69.656
26 59 17.464
26 60 51.624
26 61 53.759
26 62 73.546
26 63 77.389
26 64 65.0
26 65 100.424
26 66 70.605
26 67 91.066
26 68 50.22
26 69 57.385
26 70 30.414
26 71 63.561
26 72 65.97
26 73 27.019
26 74 63.953
26 75 30.594
27 62 68 18
27 28 21.84
27 29 28.862
27 30 36.715
27 31 87.0
27 32 14.036
27 33 34.0
27 34 57.315
27 35 48.332
27 36 43.186
27 37 37.483
27 38 22.361
27 39 19.313
27 40 13.928
27 41 24.759
27 42 40.719
27 43 12.53
27 44 32.573
27 45 20.809
27 46 61.685
27 47 9.22
27 48 50.488
27 49 46.755
27 50 10.63
27 51 46.271
27 52 5.0
27 53 68.659
27 54 40.706
27 55 43.829
27 56 55.785
27 57 53.712
27 58 42.202
27 59 36.797
27 60 21.024
27 61 34.828
27 62 43.29
27 63 47.011
27 64 46.174
27 65 72.139
27 66 40.025
27 67 61.4
27 68 31.0
27 69 40.0
27 70 32.985
27 71 48.094
27 72 55.543
27 73 32.757
27 74 39.962
27 75 4.123
28 83 62 17
28 29 35.609
28 30 58.181
28 31 99.045
28 32 9.899
28 33 44.102
28 34 69.971
28 35 38.013
28 36 27.203
28 37 20.881
28 38 10.05
28 39 18.439
28 40 13.601
28 41 24.331
28 42 19.416
28 43 22.672
28 44 39.825
28 45 7.211
28 46 66.843
28 47 27.459
28 48 71.007
28 49 28.653
28 50 18.385
28 51 43.081
28 52 20.591
28 53 61.294
28 54 29.155
28 55 64.885
28 56 48.508
28 57 70.88
28 58 58.189
28 59 31.575
28 60 32.696
28 61 17.088
28 62 45.222
28 63 56.223
28 64 67.03
28 65 85.235
28 66 44.598
28 67 72.201
28 68 52.345
28 69 21.095
28 70 17.804
28 71 69.584
28 72 77.369
28 73 50.99
28 74 28.0
28 75 17.72
29 55 40 4
29 30 52.355
29 31 63.514
29 32 35.805
29 33 9.22
29 34 34.928
29 35 31.385
29 36 36.222
29 37 34.059
29 38 43.186
29 39 17.205
29 40 38.588
29 41 51.884
29 42 45.354
29 43 41.11
29 44 4.243
29 45 28.844
29 46 33.106
29 47 37.336
29 48 47.854
29 49 42.107
29 50 38.079
29 51 21.633
29 52 33.526
29 53 44.777
29 54 63.702
29 55 60.415
29 56 33.422
29 57 40.05
29 58 27.166
29 59 62.968
29 60 9.22
29 61 34.525
29 62 15.133
29 63 20.616
29 64 45.793
29 65 50.09
29 66 11.18
29 67 36.62
29 68 36.878
29 69 39.205
29 70 53.075
29 71 51.4
29 72 62.37
29 73 56.886
29 74 28.636
29 75 29.155
30 30 86 7
30 31 85.703
30 32 49.041
30 33 50.596
30 34 60.407
30 35 80.92
30 36 78.873
30 37 73.6
30 38 55.785
30 39 53.075
30 40 46.84
30 41 49.0
30 42 77.369
30 43 38.639
30 44 53.712
30 45 57.454
30 46 76.792
30 47 31.321
30 48 30.806
30 49 83.006
30 50 41.485
30 51 73.926
30 52 37.696
30 53 97.129
30 54 68.007
30 55 8.062
30 56 85.44
30 57 46.487
30 58 43.046
30 59 59.414
30 60 43.566
30 61 71.281
30 62 66.708
30 63 59.682
30 64 26.077
30 65 70.88
30 66 61.465
30 67 67.186
30 68 18.028
30 69 76.551
30 70 64.777
30 71 21.932
30 72 22.561
30 73 18.028
30 74 74.25
30 75 40.706
31 2 5 16
31 32 97.837
31 33 55.0
31 34 29.698
31 35 82.225
31 36 94.244
31 37 94.541
31 38 105.891
31 39 80.709
31 40 99.765
31 41 111.759
31 42 107.355
31 43 99.156
31 44 59.363
31 45 92.358
31 46 39.319
31 47 92.455
31 48 56.886
31 49 100.245
31 50 97.591
31 51 67.186
31 52 91.967
31 53 75.107
31 54 126.254
31 55 91.214
31 56 74.545
31 57 39.217
31 58 46.043
31 59 123.746
31 60 67.357
31 61 96.177
31 62 58.523
31 63 43.046
31 64 60.638
31 65 15.264
31 66 56.365
31 67 26.926
31 68 69.354
31 69 99.925
31 70 116.211
31 71 67.082
31 72 76.236
31 73 100.648
31 74 86.035
31 75 89.107
32 76 69 17
32 33 43.139
32 34 68.25
32 35 45.398
32 36 36.249
32 37 29.967
32 38 8.544
32 39 20.248
32 40 4.123
32 41 17.263
32 42 29.206
32 43 12.806
32 44 40.0
32 45 13.342
32 46 68.6
32 47 17.889
32 48 64.498
32 49 38.275
32 50 8.485
32 51 47.854
32 52 11.402
32 53 68.007
32 54 28.425
32 55 55.462
32 56 55.0
32 57 66.708
32 58 54.589
32 59 27.295
32 60 30.48
32 61 26.42
32 62 47.927
32 63 55.973
32 64 60.208
32 65 83.409
32 66 46.141
32 67 71.421
32 68 45.011
32 69 30.806
32 70 19.313
32 71 62.032
32 72 69.051
32 73 41.11
32 74 35.693
32 75 10.198
33 46 38 17
33 34 25.942
33 35 38.626
33 36 45.044
33 37 43.186
33 38 50.99
33 39 25.942
33 40 45.453
33 41 58.249
33 42 54.571
33 43 46.53
33 44 6.083
33 45 37.59
33 46 28.443
33 47 41.437
33 48 41.049
33 49 51.01
33 50 44.102
33 51 26.401
33 52 38.949
33 53 48.27
33 54 71.449
33 55 58.523
33 56 38.419
33 57 31.257
33 58 18.682
33 59 69.814
33 60 13.038
33 61 43.738
33 62 17.029
33 63 13.038
33 64 39.699
33 65 41.183
33 66 11.402
33 67 28.32
33 68 33.541
33 69 48.374
33 70 61.221
33 71 45.967
33 72 57.385
33 73 58.009
33 74 37.216
33 75 35.228
34 23 26 8
34 35 59.034
34 36 68.731
34 37 67.912
34 38 76.4
34 39 51.884
34 40 70.093
34 41 82.073
34 42 80.006
34 43 69.527
34 44 31.016
34 45 63.53
34 46 24.083
34 47 63.008
34 48 36.688
34 49 74.813
34 50 67.897
34 51 44.181
34 52 62.29
34 53 59.506
34 54 96.675
34 55 67.067
34 56 54.342
34 57 17.889
34 58 17.72
34 59 94.048
34 60 37.802
34 61 68.964
34 62 34.015
34 63 16.031
34 64 38.639
34 65 15.264
34 66 30.15
34 67 7.28
34 68 42.755
34 69 73.246
34 70 86.839
34 71 45.891
34 72 57.009
34 73 73.376
34 74 60.531
34 75 59.414
35 82 24 15
35 36 15.0
35 37 19.313
35 38 48.042
35 39 29.069
35 40 49.497
35 41 62.073
35 42 31.906
35 43 56.754
35 44 32.696
35 45 32.14
35 46 43.324
35 47 57.385
35 48 79.177
35 49 19.849
35 50 52.393
35 51 15.133
35 52 50.922
35 53 23.537
35 54 65.0
35 55 88.865
35 56 11.662
35 57 69.376
35 58 57.245
35 59 69.354
35 60 38.288
35 61 23.087
35 62 25.02
35 63 43.105
35 64 77.175
35 65 72.25
35 66 29.428
35 67 57.219
35 68 67.357
35 69 23.324
35 70 53.367
35 71 82.662
35 72 93.408
35 73 80.951
35 74 10.05
35 75 45.88
36 91 36 2
36 37 6.325
36 38 36.674
36 39 26.077
36 40 40.311
36 41 51.42
36 42 17.0
36 43 48.765
36 44 39.013
36 45 23.324
36 46 56.356
36 47 51.4
36 48 82.861
36 49 6.083
36 50 44.294
36 51 27.785
36 52 44.407
36 53 37.696
36 54 51.478
36 55 86.452
36 56 26.627
36 57 76.236
36 58 63.388
36 59 57.035
36 60 40.162
36 61 10.198
36 62 35.735
36 63 52.773
36 64 80.056
36 65 82.976
36 66 38.639
36 67 68.154
36 68 68.0
36 69 8.544
36 70 40.112
36 71 84.581
36 72 94.414
36 73 75.604
36 74 8.246
36 75 39.825
37 89 42 20
37 38 30.414
37 39 21.541
37 40 34.015
37 41 45.122
37 42 13.454
37 43 42.544
37 44 37.336
37 45 17.205
37 46 57.689
37 47 45.453
37 48 79.31
37 49 9.434
37 50 38.079
37 51 29.732
37 52 38.419
37 53 42.72
37 54 45.891
37 55 81.056
37 56 30.871
37 57 74.0
37 58 61.008
37 59 51.0
37 60 36.674
37 61 4.0
37 62 36.235
37 63 52.202
37 64 76.243
37 65 82.565
37 66 38.275
37 67 68.007
37 68 63.561
37 69 5.385
37 70 34.366
37 71 80.411
37 72 89.9
37 73 69.656
37 74 10.0
37 75 33.971
38 84 72 8
38 39 26.627
38 40 9.055
38 41 14.866
38 42 25.807
38 43 17.464
38 44 47.424
38 45 16.763
38 46 75.452
38 47 24.515
38 48 72.835
38 49 37.336
38 50 14.318
38 51 52.811
38 52 19.0
38 53 71.344
38 54 20.518
38 55 61.685
38 56 58.549
38 57 75.24
38 58 63.063
38 59 21.587
38 60 38.601
38 61 26.476
38 62 54.203
38 63 63.64
38 64 68.469
38 65 91.608
38 66 53.009
38 67 79.31
38 68 53.151
38 69 29.732
38 70 10.77
38 71 70.007
38 72 76.531
38 73 45.793
38 74 38.013
38 75 18.682
39 69 50 4
39 40 23.77
39 41 37.363
39 42 30.017
39 43 29.017
39 44 21.401
39 45 11.662
39 46 48.826
39 47 28.46
39 48 58.052
39 49 30.871
39 50 25.02
39 51 28.071
39 52 22.361
39 53 49.649
39 54 47.011
39 55 60.811
39 56 36.674
39 57 54.589
39 58 41.593
39 59 47.424
39 60 16.031
39 61 20.396
39 62 27.731
39 63 37.802
39 64 54.818
39 65 67.119
39 66 26.401
39 67 53.824
39 68 42.048
39 69 25.71
39 70 36.069
39 71 58.873
39 72 68.425
39 73 51.884
39 74 21.26
39 75 17.263
40 75 73 19
40 41 13.601
40 42 32.558
40 43 9.22
40 44 42.72
40 45 17.464
40 46 71.589
40 47 15.524
40 48 64.133
40 49 42.19
40 50 5.385
40 51 51.624
40 52 10.05
40 53 72.028
40 54 26.926
40 55 52.924
40 56 59.008
40 57 67.535
40 58 55.758
40 59 24.413
40 60 32.558
40 61 30.414
40 62 51.264
40 63 58.412
40 64 59.682
40 65 85.147
40 66 49.193
40 67 73.593
40 68 44.283
40 69 34.67
40 70 19.235
40 71 61.033
40 72 67.476
40 73 37.802
40 74 39.812
40 75 10.817
41 79 86 20
41 42 40.311
41 43 13.038
41 44 55.946
41 45 30.0
41 46 84.971
41 47 21.024
41 48 71.512
41 49 52.202
41 50 14.213
41 51 65.115
41 52 19.799
41 53 85.024
41 54 19.026
41 55 53.46
41 56 72.062
41 57 77.666
41 58 66.708
41 59 12.207
41 60 45.222
41 61 41.231
41 62 64.846
41 63 71.281
41 64 66.731
41 65 96.876
41 66 62.65
41 67 86.052
41 68 51.264
41 69 44.598
41 70 18.028
41 71 66.708
41 72 71.176
41 73 35.44
41 74 52.154
41 75 23.022
42 99 51 9
42 43 41.773
42 44 49.041
42 45 20.616
42 46 71.028
42 47 46.872
42 48 87.573
42 49 14.142
42 50 37.643
42 51 43.186
42 52 39.962
42 53 54.626
42 54 36.014
42 55 84.22
42 56 43.566
42 57 84.481
42 58 71.449
42 59 43.174
42 60 46.043
42 61 11.18
42 62 49.396
42 63 64.622
42 64 84.012
42 65 94.921
42 66 50.99
42 67 80.623
42 68 70.093
42 69 8.602
42 70 25.495
42 71 87.321
42 72 95.818
42 73 70.292
42 74 23.345
42 75 36.674
43 68 79 1
43 44 44.944
43 45 25.495
43 46 74.095
43 47 8.246
43 48 58.822
43 49 51.039
43 50 4.472
43 51 57.009
43 52 7.616
43 53 78.518
43 54 31.048
43 55 44.272
43 56 65.49
43 57 64.637
43 58 53.814
43 59 25.239
43 60 33.541
43 61 39.115
43 62 55.109
43 63 59.54
43 64 54.12
43 65 84.172
43 66 52.202
43 67 73.817
43 68 38.601
43 69 43.6
43 70 26.173
43 71 54.589
43 72 60.033
43 73 28.601
43 74 47.434
43 75 12.166
44 52 37 8
44 45 33.015
44 46 29.155
44 47 40.792
44 48 46.648
44 49 45.0
44 50 42.048
44 51 21.213
44 52 37.336
44 53 43.829
44 54 67.941
44 55 61.741
44 56 33.242
44 57 37.336
44 58 24.739
44 59 67.119
44 60 12.042
44 61 38.079
44 62 13.0
44 63 16.401
44 64 45.0
44 65 46.098
44 66 8.062
44 67 32.45
44 68 37.443
44 69 42.579
44 70 57.315
44 71 50.99
44 72 62.225
44 73 59.414
44 74 31.145
44 75 33.106
45 79 56 17
45 46 59.666
45 47 28.32
45 48 67.186
45 49 26.173
45 50 21.024
45 51 36.056
45 52 21.26
45 53 55.036
45 54 36.359
45 55 64.637
45 56 42.107
45 57 65.513
45 58 52.631
45 59 38.328
45 60 26.926
45 61 14.142
45 62 38.013
45 63 49.406
45 64 63.506
45 65 78.772
45 66 37.483
45 67 65.46
45 68 49.477
45 69 19.209
45 70 25.0
45 71 66.708
45 72 75.273
45 73 52.498
45 74 22.361
45 75 17.029
46 41 10 7
46 47 69.642
46 48 58.669
46 49 62.169
46 50 71.176
46 51 28.636
46 52 66.483
46 53 37.108
46 54 95.802
46 55 84.345
46 56 35.228
46 57 41.231
46 58 35.468
46 59 95.88
46 60 40.804
46 61 60.0
46 62 21.932
46 63 17.117
46 64 59.506
46 65 32.016
46 66 22.472
46 67 18.358
46 68 58.856
46 69 62.968
46 70 84.646
46 71 66.708
46 72 78.294
46 73 86.093
46 74 48.374
46 75 62.241
47 60 77 3
47 48 50.596
47 49 54.489
47 50 10.198
47 51 55.444
47 52 7.071
47 53 77.878
47 54 39.294
47 55 37.577
47 56 65.0
47 57 57.009
47 58 46.69
47 59 33.121
47 60 28.862
47 61 42.45
47 62 52.086
47 63 54.231
47 64 45.88
47 65 77.337
47 66 48.508
47 67 67.742
47 68 30.364
47 69 47.381
47 70 34.015
47 71 46.39
47 72 52.154
47 73 24.207
47 74 48.765
47 75 11.662
48 12 61 19
48 49 88.323
48 50 59.666
48 51 67.424
48 52 54.129
48 53 88.459
48 54 89.844
48 55 34.928
48 56 79.404
48 57 19.235
48 58 24.083
48 59 83.385
48 60 42.72
48 61 78.447
48 62 57.628
48 63 43.417
48 64 5.0
48 65 43.046
48 66 52.01
48 67 43.966
48 68 20.248
48 69 83.744
48 70 83.361
48 71 10.198
48 72 20.396
48 73 48.104
48 74 75.961
48 75 54.332
49 97 37 3
49 50 46.615
49 51 33.541
49 52 47.424
49 53 41.183
49 54 50.01
49 55 90.427
49 56 31.145
49 57 82.152
49 58 69.26
49 59 56.569
49 60 45.607
49 61 12.042
49 62 41.761
49 63 58.856
49 64 85.381
49 65 89.051
49 66 44.721
49 67 74.216
49 68 72.918
49 69 7.616
49 70 39.115
49 71 89.694
49 72 99.282
49 73 78.645
49 74 14.318
49 75 43.139
50 70 75 1
50 51 53.085
50 52 5.831
50 53 74.33
50 54 30.463
50 55 47.539
50 56 61.294
50 57 64.14
50 58 52.802
50 59 26.173
50 60 31.064
50 61 34.67
50 62 51.662
50 63 57.14
50 64 55.109
50 65 82.759
50 66 49.041
50 67 71.84
50 68 39.623
50 69 39.205
50 70 24.021
50 71 56.143
50 72 62.29
50 73 32.65
50 74 43.012
50 75 8.944
51 67 22 5
51 52 50.04
51 53 23.259
51 54 72.014
51 55 81.988
51 56 12.042
51 57 55.714
51 58 44.294
51 59 74.33
51 60 30.414
51 61 32.558
51 62 10.44
51 63 28.443
51 64 66.068
51 65 57.14
51 66 15.652
51 67 42.107
51 68 58.412
51 69 34.828
51 70 60.374
51 71 72.18
51 72 83.439
51 73 77.201
51 74 20.0
51 75 45.011
52 65 72 15
52 53 72.007
52 54 36.249
52 55 44.294
52 56 59.034
52 57 58.31
52 58 47.011
52 59 31.89
52 60 25.942
52 61 35.384
52 62 47.676
52 63 51.971
52 64 49.649
52 65 77.078
52 66 44.643
52 67 66.4
52 68 34.234
52 69 40.311
52 70 29.275
52 71 51.01
52 72 57.706
52 73 31.241
52 74 42.048
52 75 5.099
53 77 1 12
53 54 88.527
53 55 105.19
53 56 13.038
53 57 74.33
53 58 64.537
53 59 92.779
53 60 53.666
53 61 46.573
53 62 31.241
53 63 46.043
53 64 87.693
53 65 69.123
53 66 36.878
53 67 55.027
53 68 81.271
53 69 46.239
53 70 76.903
53 71 94.175
53 72 105.646
53 73 100.245
53 74 33.541
53 75 66.91
54 98 87 20
54 55 72.25
54 56 76.243
54 57 94.414
54 58 82.68
54 59 10.817
54 60 58.898
54 61 41.976
54 62 74.33
54 63 84.149
54 64 85.165
54 65 111.826
54 66 73.41
54 67 99.765
54 68 69.642
54 69 43.186
54 70 11.705
54 71 85.51
54 72 90.2
54 73 53.759
54 74 55.082
54 75 37.736
55 26 93 13
55 56 93.493
55 57 52.173
55 58 50.04
55 59 63.0
55 60 51.624
55 61 78.6
55 62 74.733
55 63 67.268
55 64 30.676
55 65 76.688
55 66 69.462
55 67 74.007
55 68 25.495
55 69 83.815
55 70 70.093
55 71 25.06
55 72 21.633
55 73 19.235
55 74 82.037
55 75 47.707
56 76 14 12
56 57 67.119
56 58 56.08
56 59 80.062
56 60 41.881
56 61 34.54
56 62 21.954
56 63 39.217
56 64 78.102
56 65 66.121
56 66 27.459
56 67 51.245
56 68 70.292
56 69 34.986
56 70 64.56
56 71 84.22
56 72 95.462
56 73 87.664
56 74 21.19
56 75 53.935
57 15 42 9
57 58 13.038
57 59 89.872
57 60 38.639
57 61 74.108
57 62 45.31
57 63 28.302
57 64 22.023
57 65 24.515
57 66 40.162
57 67 25.08
57 68 30.529
57 69 79.025
57 70 86.006
57 71 29.017
57 72 39.623
57 73 61.774
57 74 68.469
57 75 56.798
58 28 43 5
58 59 78.873
58 60 25.71
58 61 61.074
58 62 34.132
58 63 19.416
58 64 24.187
58 65 30.806
58 66 28.653
58 67 24.187
58 68 25.179
58 69 66.008
58 70 73.79
58 71 31.305
58 72 42.942
58 73 55.66
58 74 55.731
58 75 44.944
59 89 93 14
59 60 56.851
59 61 47.0
59 62 75.153
59 63 82.801
59 64 78.549
59 65 108.931
59 66 73.43
59 67 97.837
59 68 63.159
59 69 49.254
59 70 17.72
59 71 78.16
59 72 81.884
59 73 44.102
59 74 59.304
59 75 34.713
60 53 49 9
60 61 36.125
60 62 24.331
60 63 26.077
60 64 39.925
60 65 53.009
60 66 20.0
60 67 41.037
60 68 29.069
60 69 41.304
60 70 49.092
60 71 44.777
60 72 55.218
60 73 47.676
60 74 33.541
60 75 22.204
61 89 46 15
61 62 38.275
61 63 53.488
61 64 75.186
61 65 83.815
61 66 39.812
61 67 69.462
61 68 62.032
61 69 5.385
61 70 30.414
61 71 79.057
61 72 88.238
61 73 66.603
61 74 13.416
61 75 31.145
62 57 25 12
62 63 18.111
62 64 56.586
62 65 47.518
62 66 5.657
62 67 32.558
62 68 50.249
62 69 41.593
62 70 63.008
62 71 62.968
62 72 74.411
62 73 72.007
62 74 27.514
62 75 42.953
63 39 27 16
63 64 43.566
63 65 30.364
63 66 14.142
63 67 16.125
63 68 41.773
63 69 57.567
63 70 73.661
63 71 50.606
63 72 62.266
63 73 69.26
63 74 44.553
63 75 48.26
64 16 64 16
64 65 46.39
64 66 50.931
64 67 45.891
64 68 15.524
64 69 80.523
64 70 78.918
64 71 7.28
64 72 18.788
64 73 43.186
64 74 73.41
64 75 50.09
65 10 18 16
65 66 44.385
65 67 15.033
65 68 54.231
65 69 87.932
65 70 102.078
65 71 53.151
65 72 63.032
65 73 85.493
65 74 74.733
65 75 74.411
66 53 29 12
66 67 29.732
66 68 44.777
66 69 43.658
66 70 62.37
66 71 57.315
66 72 68.768
66 73 67.476
66 74 30.414
66 75 40.162
67 25 19 6
67 68 49.366
67 69 73.389
67 70 89.499
67 71 53.151
67 72 64.288
67 73 79.555
67 74 59.908
67 75 63.127
68 31 68 16
68 69 67.417
68 70 63.506
68 71 17.263
68 72 26.42
68 73 31.305
68 74 62.129
68 75 35.014
69 94 44 3
69 70 32.0
69 71 84.433
69 72 93.622
69 73 71.449
69 74 14.866
69 75 36.235
70 94 76 6
70 71 80.156
70 72 86.145
70 73 52.924
70 74 43.417
70 75 29.411
71 14 71 2
71 72 11.662
71 73 39.825
71 74 78.294
71 75 52.154
72 8 81 12
72 73 39.925
72 74 88.51
72 75 59.666
73 45 96 11
73 74 72.719
73 75 35.805
74 83 34 3
74 75 37.121
75 66 67 10
