30 3 10
1 9 59 15
1 2 33.242
1 3 60.083
1 4 18.358
1 5 67.543
1 6 89.09
1 7 22.0
1 8 9.849
1 9 26.0
1 10 94.403
1 11 33.242
1 12 28.443
1 13 9.055
1 14 10.63
1 15 66.611
1 16 40.311
1 17 73.763
1 18 95.21
1 19 38.91
1 20 57.271
1 21 23.087
1 22 59.933
1 23 79.158
1 24 50.249
1 25 62.177
1 26 62.968
1 27 30.017
1 28 23.324
1 29 41.437
1 30 41.231
2 5 26 1
2 3 80.156
2 4 50.695
2 5 89.828
2 6 100.09
2 7 55.145
2 8 25.298
2 9 58.694
2 10 83.241
2 11 40.817
2 12 10.296
2 13 24.187
2 14 25.179
2 15 92.455
2 16 41.11
2 17 76.118
2 18 84.202
2 19 42.154
2 20 63.569
2 21 44.204
2 22 58.421
2 23 75.027
2 24 66.03
2 25 39.661
2 26 57.009
2 27 46.69
2 28 51.0
2 29 47.011
2 30 49.649
3 66 78 19
3 4 48.094
3 5 10.77
3 6 35.341
3 7 57.079
3 8 59.942
3 9 47.265
3 10 77.369
3 11 40.46
3 12 70.093
3 13 64.405
3 14 69.462
3 15 20.224
3 16 44.777
3 17 41.437
3 18 77.621
3 19 42.19
3 20 31.016
3 21 38.013
3 22 45.1
3 23 55.785
3 24 15.652
3 25 79.12
3 26 53.151
3 27 33.601
3 28 37.656
3 29 37.59
3 30 33.615
4 18 75 12
4 5 53.6
4 6 80.895
4 7 10.817
4 8 25.495
4 9 8.062
4 10 98.351
4 11 35.609
4 12 44.181
4 13 26.926
4 14 28.844
4 15 50.537
4 16 44.407
4 17 71.694
4 18 99.035
4 19 42.012
4 20 54.708
4 21 19.799
4 22 61.555
4 23 80.281
4 24 42.45
4 25 73.763
4 26 66.603
4 27 27.019
4 28 11.705
4 29 42.426
4 30 40.46
5 70 88 11
5 6 37.537
5 7 61.4
5 8 68.505
5 9 51.245
5 10 86.313
5 11 50.804
5 12 79.906
5 13 72.719
5 14 77.414
5 15 12.207
5 16 55.471
5 17 50.01
5 18 86.493
5 19 52.839
5 20 41.304
5 21 46.615
5 22 55.444
5 23 64.777
5 24 26.401
5 25 89.889
5 26 63.506
5 27 43.139
5 28 44.385
5 29 48.301
5 30 44.294
6 98 63 19
6 7 90.802
6 8 85.988
6 9 81.492
6 10 61.392
6 11 60.166
6 12 89.889
6 13 90.934
6 14 96.747
6 15 49.497
6 16 59.093
6 17 30.0
6 18 61.188
6 19 57.94
6 20 36.674
6 21 66.03
6 22 46.098
6 23 42.953
6 24 39.013
6 25 84.149
6 26 52.345
6 27 59.211
6 28 69.462
6 29 53.141
6 30 50.961
7 9 81 5
7 8 31.257
7 9 10.198
7 10 108.904
7 11 46.011
7 12 50.249
7 13 31.016
7 14 30.806
7 15 56.613
7 16 54.672
7 17 82.492
7 18 109.604
7 19 52.402
7 20 65.513
7 21 30.48
7 22 72.25
7 23 91.049
7 24 52.811
7 25 82.28
7 26 77.104
7 27 37.802
7 28 22.361
7 29 53.075
7 30 51.225
8 13 50 10
8 9 33.541
8 10 85.983
8 11 27.166
8 12 19.026
8 13 5.0
8 14 11.045
8 15 69.311
8 16 32.894
8 17 67.897
8 18 86.822
8 19 32.016
8 20 52.086
8 21 21.954
8 22 52.811
8 23 71.868
8 24 48.083
8 25 52.355
8 26 55.009
8 27 27.203
8 28 26.401
8 29 35.355
8 30 36.014
9 19 83 16
9 10 103.711
9 11 41.677
9 12 52.24
9 13 34.785
9 14 36.235
9 15 46.487
9 16 50.606
9 17 75.213
9 18 104.35
9 19 48.021
9 20 58.412
9 21 25.554
9 22 66.603
9 23 84.865
9 24 44.283
9 25 81.253
9 26 72.201
9 27 32.016
9 28 15.62
9 29 47.802
9 30 45.343
10 85 3 1
10 11 62.936
10 12 76.322
10 13 90.211
10 14 95.88
10 15 97.514
10 16 54.562
10 17 36.346
10 18 1.0
10 19 56.586
10 20 48.332
10 21 78.568
10 22 37.202
10 23 21.587
10 24 66.31
10 25 47.011
10 26 31.828
10 27 71.701
10 28 88.091
10 29 55.973
10 30 58.412
11 40 47 3
11 12 30.529
11 13 32.14
11 14 38.21
11 15 55.946
11 16 8.944
11 17 40.792
11 18 63.655
11 19 6.403
11 20 25.0
11 21 16.125
11 22 26.926
11 23 46.141
11 24 25.495
11 25 43.046
11 26 31.113
11 27 11.045
11 28 26.401
11 29 8.246
11 30 9.22
12 14 31 8
12 13 19.925
12 14 23.324
12 15 83.006
12 16 31.048
12 17 66.483
12 18 77.253
12 19 31.953
12 20 53.451
12 21 34.986
12 22 49.041
12 23 66.37
12 24 55.803
12 25 36.125
12 26 48.374
12 27 36.797
12 28 42.72
12 29 36.77
12 30 39.357
13 8 50 6
13 14 6.083
13 15 73.0
13 16 37.643
13 17 72.835
13 18 91.066
13 19 36.878
13 20 57.079
13 21 26.401
13 22 57.567
13 23 76.551
13 24 52.887
13 25 54.918
13 26 59.506
13 27 32.016
13 28 29.698
13 29 40.311
13 30 41.012
14 2 51 1
14 15 77.006
14 16 43.681
14 17 78.918
14 18 96.747
14 19 42.953
14 20 63.127
14 21 31.623
14 22 63.6
14 23 82.541
14 24 58.464
14 25 59.203
14 26 65.391
14 27 37.656
14 28 33.601
14 29 46.39
14 30 47.043
15 63 98 8
15 16 61.984
15 17 61.4
15 18 97.745
15 19 59.135
15 20 51.039
15 21 48.27
15 22 65.0
15 23 75.928
15 24 34.234
15 25 97.268
15 26 73.007
15 27 46.648
15 28 43.417
15 29 55.082
15 30 50.961
16 44 39 6
16 17 36.0
16 18 55.317
16 19 3.0
16 20 22.472
16 21 25.06
16 22 19.925
16 23 39.0
16 24 29.155
16 25 35.511
16 26 22.804
16 27 19.647
16 28 35.341
16 29 7.211
16 30 11.18
17 80 39 10
17 18 36.497
17 19 36.125
17 20 17.0
17 21 52.802
17 22 18.028
17 23 15.0
17 24 32.65
17 25 54.672
17 26 22.804
17 27 45.188
17 28 60.208
17 29 32.558
17 30 32.573
18 86 3 7
18 19 57.315
18 20 48.754
18 21 79.246
18 22 37.802
18 23 21.84
18 24 66.708
18 25 48.01
18 26 32.558
18 27 72.346
18 28 88.73
18 29 56.639
18 30 59.034
19 44 42 6
19 20 21.587
19 21 22.472
19 22 21.024
19 23 40.249
19 24 26.627
19 25 38.471
19 26 24.759
19 27 16.763
19 28 32.65
19 29 5.0
19 30 8.602
20 65 47 16
20 21 35.847
20 22 14.142
20 23 27.459
20 24 18.028
20 25 50.774
20 26 22.204
20 27 28.231
20 28 43.267
20 29 17.117
20 30 16.125
21 32 61 16
21 22 41.773
21 23 60.605
21 24 27.166
21 25 57.315
21 26 46.861
21 27 7.616
21 28 10.44
21 29 22.627
21 30 20.809
22 63 33 19
22 23 19.235
22 24 31.257
22 25 38.288
22 26 8.062
22 27 34.655
22 28 50.99
22 29 19.209
22 30 21.26
23 80 24 13
23 24 45.177
23 25 46.519
23 26 18.028
23 27 53.263
23 28 69.354
23 29 38.275
23 30 39.825
24 59 64 8
24 25 63.569
24 26 39.115
24 27 20.881
24 28 30.806
24 29 21.954
24 30 18.028
25 38 4 11
25 26 31.89
25 27 54.009
25 28 67.602
25 29 42.202
25 30 46.325
26 62 25 19
26 27 40.224
26 28 56.613
26 29 24.413
26 30 27.295
27 39 58 17
27 28 16.401
27 29 15.811
27 30 13.454
28 29 71 2
28 29 32.202
28 30 29.732
29 48 45 18
29 30 4.123
30 49 49 1
