10 2 3
1 9 59 15
1 2 33.242
1 3 60.083
1 4 18.358
1 5 67.543
1 6 89.09
1 7 22.0
1 8 9.849
1 9 26.0
1 10 94.403
2 5 26 1
2 3 80.156
2 4 50.695
2 5 89.828
2 6 100.09
2 7 55.145
2 8 25.298
2 9 58.694
2 10 83.241
3 66 78 19
3 4 48.094
3 5 10.77
3 6 35.341
3 7 57.079
3 8 59.942
3 9 47.265
3 10 77.369
4 18 75 12
4 5 53.6
4 6 80.895
4 7 10.817
4 8 25.495
4 9 8.062
4 10 98.351
5 70 88 11
5 6 37.537
5 7 61.4
5 8 68.505
5 9 51.245
5 10 86.313
6 98 63 19
6 7 90.802
6 8 85.988
6 9 81.492
6 10 61.392
7 9 81 5
7 8 31.257
7 9 10.198
7 10 108.904
8 13 50 10
8 9 33.541
8 10 85.983
9 19 83 16
9 10 103.711
10 85 3 1
