20 2 10
1 9 59 15
1 2 33.242
1 3 60.083
1 4 18.358
1 5 67.543
1 6 89.09
1 7 22.0
1 8 9.849
1 9 26.0
1 10 94.403
1 11 33.242
1 12 28.443
1 13 9.055
1 14 10.63
1 15 66.611
1 16 40.311
1 17 73.763
1 18 95.21
1 19 38.91
1 20 57.271
2 5 26 1
2 3 80.156
2 4 50.695
2 5 89.828
2 6 100.09
2 7 55.145
2 8 25.298
2 9 58.694
2 10 83.241
2 11 40.817
2 12 10.296
2 13 24.187
2 14 25.179
2 15 92.455
2 16 41.11
2 17 76.118
2 18 84.202
2 19 42.154
2 20 63.569
3 66 78 19
3 4 48.094
3 5 10.77
3 6 35.341
3 7 57.079
3 8 59.942
3 9 47.265
3 10 77.369
3 11 40.46
3 12 70.093
3 13 64.405
3 14 69.462
3 15 20.224
3 16 44.777
3 17 41.437
3 18 77.621
3 19 42.19
3 20 31.016
4 18 75 12
4 5 53.6
4 6 80.895
4 7 10.817
4 8 25.495
4 9 8.062
4 10 98.351
4 11 35.609
4 12 44.181
4 13 26.926
4 14 28.844
4 15 50.537
4 16 44.407
4 17 71.694
4 18 99.035
4 19 42.012
4 20 54.708
5 70 88 11
5 6 37.537
5 7 61.4
5 8 68.505
5 9 51.245
5 10 86.313
5 11 50.804
5 12 79.906
5 13 72.719
5 14 77.414
5 15 12.207
5 16 55.471
5 17 50.01
5 18 86.493
5 19 52.839
5 20 41.304
6 98 63 19
6 7 90.802
6 8 85.988
6 9 81.492
6 10 61.392
6 11 60.166
6 12 89.889
6 13 90.934
6 14 96.747
6 15 49.497
6 16 59.093
6 17 30.0
6 18 61.188
6 19 57.94
6 20 36.674
7 9 81 5
7 8 31.257
7 9 10.198
7 10 108.904
7 11 46.011
7 12 50.249
7 13 31.016
7 14 30.806
7 15 56.613
7 16 54.672
7 17 82.492
7 18 109.604
7 19 52.402
7 20 65.513
8 13 50 10
8 9 33.541
8 10 85.983
8 11 27.166
8 12 19.026
8 13 5.0
8 14 11.045
8 15 69.311
8 16 32.894
8 17 67.897
8 18 86.822
8 19 32.016
8 20 52.086
9 19 83 16
9 10 103.711
9 11 41.677
9 12 52.24
9 13 34.785
9 14 36.235
9 15 46.487
9 16 50.606
9 17 75.213
9 18 104.35
9 19 48.021
9 20 58.412
10 85 3 1
10 11 62.936
10 12 76.322
10 13 90.211
10 14 95.88
10 15 97.514
10 16 54.562
10 17 36.346
10 18 1.0
10 19 56.586
10 20 48.332
11 40 47 3
11 12 30.529
11 13 32.14
11 14 38.21
11 15 55.946
11 16 8.944
11 17 40.792
11 18 63.655
11 19 6.403
11 20 25.0
12 14 31 8
12 13 19.925
12 14 23.324
12 15 83.006
12 16 31.048
12 17 66.483
12 18 77.253
12 19 31.953
12 20 53.451
13 8 50 6
13 14 6.083
13 15 73.0
13 16 37.643
13 17 72.835
13 18 91.066
13 19 36.878
13 20 57.079
14 2 51 1
14 15 77.006
14 16 43.681
14 17 78.918
14 18 96.747
14 19 42.953
14 20 63.127
15 63 98 8
15 16 61.984
15 17 61.4
15 18 97.745
15 19 59.135
15 20 51.039
16 44 39 6
16 17 36.0
16 18 55.317
16 19 3.0
16 20 22.472
17 80 39 10
17 18 36.497
17 19 36.125
17 20 17.0
18 86 3 7
18 19 57.315
18 20 48.754
19 44 42 6
19 20 21.587
20 65 47 16
