40 4
1 9 59 15
1 2 33.242
1 3 60.083
1 4 18.358
1 5 67.543
1 6 89.09
1 7 22.0
1 8 9.849
1 9 26.0
1 10 94.403
1 11 33.242
1 12 28.443
1 13 9.055
1 14 10.63
1 15 66.611
1 16 40.311
1 17 73.763
1 18 95.21
1 19 38.91
1 20 57.271
1 21 23.087
1 22 59.933
1 23 79.158
1 24 50.249
1 25 62.177
1 26 62.968
1 27 30.017
1 28 23.324
1 29 41.437
1 30 41.231
1 31 49.041
1 32 28.018
1 33 41.0
1 34 72.45
1 35 22.627
1 36 96.799
1 37 12.53
1 38 48.466
1 39 30.806
1 40 32.802
2 5 26 1
2 3 80.156
2 4 50.695
2 5 89.828
2 6 100.09
2 7 55.145
2 8 25.298
2 9 58.694
2 10 83.241
2 11 40.817
2 12 10.296
2 13 24.187
2 14 25.179
2 15 92.455
2 16 41.11
2 17 76.118
2 18 84.202
2 19 42.154
2 20 63.569
2 21 44.204
2 22 58.421
2 23 75.027
2 24 66.03
2 25 39.661
2 26 57.009
2 27 46.69
2 28 51.0
2 29 47.011
2 30 49.649
2 31 63.514
2 32 61.074
2 33 50.12
2 34 92.455
2 35 52.924
2 36 115.676
2 37 44.045
2 38 70.725
2 39 63.953
2 40 63.695
3 66 78 19
3 4 48.094
3 5 10.77
3 6 35.341
3 7 57.079
3 8 59.942
3 9 47.265
3 10 77.369
3 11 40.46
3 12 70.093
3 13 64.405
3 14 69.462
3 15 20.224
3 16 44.777
3 17 41.437
3 18 77.621
3 19 42.19
3 20 31.016
3 21 38.013
3 22 45.1
3 23 55.785
3 24 15.652
3 25 79.12
3 26 53.151
3 27 33.601
3 28 37.656
3 29 37.59
3 30 33.615
3 31 18.788
3 32 58.694
3 33 32.757
3 34 12.53
3 35 41.11
3 36 36.77
3 37 63.506
3 38 12.042
3 39 51.196
3 40 37.656
4 18 75 12
4 5 53.6
4 6 80.895
4 7 10.817
4 8 25.495
4 9 8.062
4 10 98.351
4 11 35.609
4 12 44.181
4 13 26.926
4 14 28.844
4 15 50.537
4 16 44.407
4 17 71.694
4 18 99.035
4 19 42.012
4 20 54.708
4 21 19.799
4 22 61.555
4 23 80.281
4 24 42.45
4 25 73.763
4 26 66.603
4 27 27.019
4 28 11.705
4 29 42.426
4 30 40.46
4 31 42.379
4 32 15.62
4 33 39.825
4 34 59.682
4 35 7.0
4 36 83.744
4 37 15.811
4 38 36.056
4 39 14.142
4 40 14.866
5 70 88 11
5 6 37.537
5 7 61.4
5 8 68.505
5 9 51.245
5 10 86.313
5 11 50.804
5 12 79.906
5 13 72.719
5 14 77.414
5 15 12.207
5 16 55.471
5 17 50.01
5 18 86.493
5 19 52.839
5 20 41.304
5 21 46.615
5 22 55.444
5 23 64.777
5 24 26.401
5 25 89.889
5 26 63.506
5 27 43.139
5 28 44.385
5 29 48.301
5 30 44.294
5 31 29.547
5 32 62.008
5 33 43.417
5 34 8.062
5 35 46.84
5 36 30.265
5 37 69.376
5 38 19.416
5 39 54.009
5 40 41.11
6 98 63 19
6 7 90.802
6 8 85.988
6 9 81.492
6 10 61.392
6 11 60.166
6 12 89.889
6 13 90.934
6 14 96.747
6 15 49.497
6 16 59.093
6 17 30.0
6 18 61.188
6 19 57.94
6 20 36.674
6 21 66.03
6 22 46.098
6 23 42.953
6 24 39.013
6 25 84.149
6 26 52.345
6 27 59.211
6 28 69.462
6 29 53.141
6 30 50.961
6 31 40.05
6 32 93.145
6 33 50.695
6 34 29.698
6 35 73.98
6 36 29.069
6 37 95.258
6 38 46.174
6 39 86.023
6 40 72.422
7 9 81 5
7 8 31.257
7 9 10.198
7 10 108.904
7 11 46.011
7 12 50.249
7 13 31.016
7 14 30.806
7 15 56.613
7 16 54.672
7 17 82.492
7 18 109.604
7 19 52.402
7 20 65.513
7 21 30.48
7 22 72.25
7 23 91.049
7 24 52.811
7 25 82.28
7 26 77.104
7 27 37.802
7 28 22.361
7 29 53.075
7 30 51.225
7 31 52.924
7 32 6.083
7 33 50.606
7 34 68.066
7 35 17.088
7 36 91.662
7 37 12.53
7 38 45.177
7 39 10.63
7 40 20.396
8 13 50 10
8 9 33.541
8 10 85.983
8 11 27.166
8 12 19.026
8 13 5.0
8 14 11.045
8 15 69.311
8 16 32.894
8 17 67.897
8 18 86.822
8 19 32.016
8 20 52.086
8 21 21.954
8 22 52.811
8 23 71.868
8 24 48.083
8 25 52.355
8 26 55.009
8 27 27.203
8 28 26.401
8 29 35.355
8 30 36.014
8 31 46.325
8 32 37.336
8 33 36.0
8 34 72.471
8 35 27.731
8 36 96.607
8 37 22.361
8 38 49.092
8 39 39.115
8 40 38.484
9 19 83 16
9 10 103.711
9 11 41.677
9 12 52.24
9 13 34.785
9 14 36.235
9 15 46.487
9 16 50.606
9 17 75.213
9 18 104.35
9 19 48.021
9 20 58.412
9 21 25.554
9 22 66.603
9 23 84.865
9 24 44.283
9 25 81.253
9 26 72.201
9 27 32.016
9 28 15.62
9 29 47.802
9 30 45.343
9 31 44.777
9 32 11.705
9 33 44.598
9 34 58.009
9 35 10.0
9 36 81.498
9 37 20.616
9 38 35.511
9 39 6.708
9 40 10.198
10 85 3 1
10 11 62.936
10 12 76.322
10 13 90.211
10 14 95.88
10 15 97.514
10 16 54.562
10 17 36.346
10 18 1.0
10 19 56.586
10 20 48.332
10 21 78.568
10 22 37.202
10 23 21.587
10 24 66.31
10 25 47.011
10 26 31.828
10 27 71.701
10 28 88.091
10 29 55.973
10 30 58.412
10 31 63.977
10 32 113.952
10 33 59.203
10 34 81.394
10 35 93.723
10 36 90.255
10 37 105.891
10 38 80.231
10 39 110.259
10 40 99.298
11 40 47 3
11 12 30.529
11 13 32.14
11 14 38.21
11 15 55.946
11 16 8.944
11 17 40.792
11 18 63.655
11 19 6.403
11 20 25.0
11 21 16.125
11 22 26.926
11 23 46.141
11 24 25.495
11 25 43.046
11 26 31.113
11 27 11.045
11 28 26.401
11 29 8.246
11 30 9.22
11 31 22.804
11 32 51.225
11 33 9.487
11 34 52.326
11 35 31.765
11 36 75.0
11 37 43.566
11 38 33.106
11 39 48.374
11 40 39.56
12 14 31 8
12 13 19.925
12 14 23.324
12 15 83.006
12 16 31.048
12 17 66.483
12 18 77.253
12 19 31.953
12 20 53.451
12 21 34.986
12 22 49.041
12 23 66.37
12 24 55.803
12 25 36.125
12 26 48.374
12 27 36.797
12 28 42.72
12 29 36.77
12 30 39.357
12 31 53.254
12 32 56.321
12 33 39.825
12 34 82.329
12 35 45.354
12 36 105.437
12 37 40.522
12 38 60.959
12 39 58.034
12 40 56.045
13 8 50 6
13 14 6.083
13 15 73.0
13 16 37.643
13 17 72.835
13 18 91.066
13 19 36.878
13 20 57.079
13 21 26.401
13 22 57.567
13 23 76.551
13 24 52.887
13 25 54.918
13 26 59.506
13 27 32.016
13 28 29.698
13 29 40.311
13 30 41.012
13 31 51.196
13 32 37.0
13 33 41.0
13 34 76.922
13 35 30.232
13 36 101.134
13 37 20.616
13 38 53.339
13 39 39.812
13 40 40.817
14 2 51 1
14 15 77.006
14 16 43.681
14 17 78.918
14 18 96.747
14 19 42.953
14 20 63.127
14 21 31.623
14 22 63.6
14 23 82.541
14 24 58.464
14 25 59.203
14 26 65.391
14 27 37.656
14 28 33.601
14 29 46.39
14 30 47.043
14 31 56.886
14 32 36.497
14 33 47.011
14 34 81.939
14 35 33.242
14 36 106.231
14 37 19.026
14 38 58.138
14 39 40.497
14 40 43.417
15 63 98 8
15 16 61.984
15 17 61.4
15 18 97.745
15 19 59.135
15 20 51.039
15 21 48.27
15 22 65.0
15 23 75.928
15 24 34.234
15 25 97.268
15 26 73.007
15 27 46.648
15 28 43.417
15 29 55.082
15 30 50.961
15 31 37.336
15 32 56.089
15 33 50.0
15 34 19.799
15 35 44.418
15 36 37.483
15 37 66.212
15 38 22.847
15 39 47.854
15 40 36.401
16 44 39 6
16 17 36.0
16 18 55.317
16 19 3.0
16 20 22.472
16 21 25.06
16 22 19.925
16 23 39.0
16 24 29.155
16 25 35.511
16 26 22.804
16 27 19.647
16 28 35.341
16 29 7.211
16 30 11.18
16 31 26.077
16 32 60.0
16 33 12.083
16 34 55.803
16 35 40.706
16 36 77.104
16 37 51.4
16 38 39.294
16 39 57.306
16 40 48.384
17 80 39 10
17 18 36.497
17 19 36.125
17 20 17.0
17 21 52.802
17 22 18.028
17 23 15.0
17 24 32.65
17 25 54.672
17 26 22.804
17 27 45.188
17 28 60.208
17 29 32.558
17 30 32.573
17 31 31.113
17 32 86.533
17 33 32.894
17 34 45.1
17 35 65.734
17 36 56.648
17 37 83.006
17 38 46.043
17 39 81.216
17 40 68.68
18 86 3 7
18 19 57.315
18 20 48.754
18 21 79.246
18 22 37.802
18 23 21.84
18 24 66.708
18 25 48.01
18 26 32.558
18 27 72.346
18 28 88.73
18 29 56.639
18 30 59.034
18 31 64.405
18 32 114.63
18 33 59.816
18 34 81.498
18 35 94.366
18 36 90.094
18 37 106.668
18 38 80.623
18 39 110.887
18 40 99.865
19 44 42 6
19 20 21.587
19 21 22.472
19 22 21.024
19 23 40.249
19 24 26.627
19 25 38.471
19 26 24.759
19 27 16.763
19 28 32.65
19 29 5.0
19 30 8.602
19 31 23.601
19 32 57.628
19 33 9.434
19 34 53.413
19 35 38.079
19 36 75.073
19 37 49.649
19 38 36.401
19 39 54.708
19 40 45.541
20 65 47 16
20 21 35.847
20 22 14.142
20 23 27.459
20 24 18.028
20 25 50.774
20 26 22.204
20 27 28.231
20 28 43.267
20 29 17.117
20 30 16.125
20 31 15.652
20 32 69.635
20 33 16.279
20 34 38.897
20 35 48.826
20 36 57.009
20 37 66.129
20 38 31.953
20 39 64.537
20 40 52.345
21 32 61 16
21 22 41.773
21 23 60.605
21 24 27.166
21 25 57.315
21 26 46.861
21 27 7.616
21 28 10.44
21 29 22.627
21 30 20.809
21 31 26.0
21 32 35.384
21 33 20.248
21 34 50.537
21 35 15.652
21 36 74.733
21 37 30.364
21 38 27.203
21 39 32.249
21 40 24.187
22 63 33 19
22 23 19.235
22 24 31.257
22 25 38.288
22 26 8.062
22 27 34.655
22 28 50.99
22 29 19.209
22 30 21.26
22 31 28.443
22 32 77.078
22 33 22.023
22 34 52.887
22 35 56.639
22 36 69.642
22 37 70.491
22 38 44.911
22 39 73.11
22 40 62.129
23 80 24 13
23 24 45.177
23 25 46.519
23 26 18.028
23 27 53.263
23 28 69.354
23 29 38.275
23 30 39.825
23 31 43.046
23 32 95.671
23 33 40.46
23 34 60.075
23 35 75.007
23 36 70.88
23 37 89.694
23 38 59.034
23 39 91.22
23 40 79.511
24 59 64 8
24 25 63.569
24 26 39.115
24 27 20.881
24 28 30.806
24 29 21.954
24 30 18.028
24 31 3.162
24 32 55.946
24 33 17.205
24 34 26.907
24 35 35.735
24 36 49.649
24 37 56.321
24 38 13.928
24 39 49.739
24 40 36.62
25 38 4 11
25 26 31.89
25 27 54.009
25 28 67.602
25 29 42.202
25 30 46.325
25 31 60.407
25 32 88.255
25 33 47.297
25 34 89.0
25 35 72.18
25 36 107.648
25 37 74.706
25 38 74.733
25 39 87.801
25 40 81.498
26 62 25 19
26 27 40.224
26 28 56.613
26 29 24.413
26 30 27.295
26 31 36.222
26 32 82.219
26 33 28.178
26 34 60.877
26 35 62.201
26 36 77.026
26 37 74.202
26 38 52.612
26 39 78.816
26 40 68.476
27 39 58 17
27 28 16.401
27 29 15.811
27 30 13.454
27 31 19.235
27 32 42.45
27 33 12.806
27 34 46.043
27 35 22.023
27 36 69.836
27 37 37.947
27 38 24.207
27 39 38.601
27 40 28.792
28 29 71 2
28 29 32.202
28 30 29.732
28 31 30.676
28 32 26.401
28 33 29.0
28 34 49.729
28 35 5.657
28 36 74.041
28 37 26.019
28 38 25.71
28 39 22.204
28 40 14.0
29 48 45 18
29 30 4.123
29 31 18.868
29 32 58.0
29 33 5.099
29 34 48.6
29 35 37.802
29 36 70.093
29 37 51.478
29 38 32.558
29 39 54.406
29 40 44.283
30 49 49 1
30 31 15.0
30 32 55.902
30 33 1.0
30 34 44.822
30 35 35.384
30 36 66.708
30 37 50.567
30 38 28.443
30 39 51.856
30 40 41.183
31 58 61 5
31 32 56.356
31 33 14.213
31 34 29.833
31 35 35.847
31 36 52.202
31 37 55.731
31 38 16.492
31 39 50.478
31 40 37.643
32 8 87 17
32 33 55.227
32 34 69.065
32 35 20.809
32 36 92.136
32 37 17.72
32 38 47.074
32 39 8.246
32 40 21.095
33 49 50 15
33 34 44.045
33 35 34.655
33 36 66.068
33 37 50.16
33 38 27.459
33 39 51.088
33 40 40.311
34 77 84 17
34 35 52.773
34 36 24.352
34 37 75.313
34 38 24.042
34 39 61.205
34 40 48.01
35 25 75 6
35 36 76.903
35 37 22.561
35 38 29.069
35 39 16.643
35 40 10.77
36 100 92 9
36 37 99.464
36 38 48.384
36 39 84.054
36 40 71.344
37 3 70 10
37 38 51.478
37 39 23.022
37 40 30.017
38 54 77 2
38 39 39.85
38 40 26.249
39 16 89 2
39 40 13.601
40 29 85 6
