35 3
1 2 62 3
1 2 86.331
1 3 42.802
1 4 67.424
1 5 54.644
1 6 76.4
1 7 78.447
1 8 107.703
1 9 100.846
1 10 57.871
1 11 42.059
1 12 93.107
1 13 44.272
1 14 21.0
1 15 25.495
1 16 35.128
1 17 56.886
1 18 16.971
1 19 60.141
1 20 101.242
1 21 10.817
1 22 54.378
1 23 58.523
1 24 72.18
1 25 82.152
1 26 60.828
1 27 58.669
1 28 72.835
1 29 43.139
1 30 67.186
1 31 70.214
1 32 15.264
1 33 36.497
1 34 61.008
1 35 102.157
2 80 25 14
2 3 76.844
2 4 23.087
2 5 47.676
2 6 18.439
2 7 60.075
2 8 23.601
2 9 16.643
2 10 51.478
2 11 70.214
2 12 7.071
2 13 62.426
2 14 97.201
2 15 63.6
2 16 75.027
2 17 51.894
2 18 70.576
2 19 37.656
2 20 19.313
2 21 75.644
2 22 49.82
2 23 74.847
2 24 27.731
2 25 32.249
2 26 71.784
2 27 28.16
2 28 30.887
2 29 47.518
2 30 43.417
2 31 42.059
2 32 86.023
2 33 72.007
2 34 80.654
2 35 16.279
3 36 88 1
3 4 68.308
3 5 71.063
3 6 60.208
3 7 41.11
3 8 100.439
3 9 93.477
3 10 28.018
3 11 6.708
3 12 81.835
3 13 14.422
3 14 34.366
3 15 48.104
3 16 68.425
3 17 27.203
3 18 43.909
3 19 70.349
3 20 95.718
3 21 40.608
3 22 72.173
3 23 16.155
3 24 77.369
3 25 57.14
3 26 89.286
3 27 57.567
3 28 79.831
3 29 56.08
3 30 39.115
3 31 83.295
3 32 29.069
3 33 68.029
3 34 93.048
3 35 89.196
4 57 23 14
4 5 24.739
4 6 27.586
4 7 65.146
4 8 40.719
4 9 34.176
4 10 49.041
4 11 61.685
4 12 30.017
4 13 54.571
4 14 81.394
4 15 42.942
4 16 52.154
4 17 49.01
4 18 50.774
4 19 14.866
4 20 34.0
4 21 56.613
4 22 26.926
4 23 71.253
4 24 10.198
4 25 43.417
4 26 49.659
4 27 10.77
4 28 13.601
4 29 25.632
4 30 45.607
4 31 22.804
4 32 70.093
4 33 49.092
4 34 58.31
4 35 39.013
5 33 17 19
5 6 50.249
5 7 80.994
5 8 61.984
5 9 56.321
5 10 60.836
5 11 65.276
5 12 54.452
5 13 60.017
5 14 72.918
5 15 29.53
5 16 29.732
5 17 60.415
5 18 38.079
5 19 10.05
5 20 54.918
5 21 44.777
5 22 2.236
5 23 79.076
5 24 22.361
5 25 64.815
5 26 25.807
5 27 25.612
5 28 21.19
5 29 15.0
5 30 61.612
5 31 15.62
5 32 62.394
5 33 26.571
5 34 34.0
5 35 63.198
6 76 43 2
6 7 42.012
6 8 41.146
6 9 34.54
6 10 33.615
6 11 53.759
6 12 21.954
6 13 45.967
6 14 84.119
6 15 57.0
6 16 72.78
6 17 34.132
6 18 62.394
6 19 41.4
6 20 37.643
6 21 66.287
6 22 52.479
6 23 56.798
6 24 36.62
6 25 16.125
6 26 76.007
6 27 25.08
6 28 40.224
6 29 44.385
6 30 25.0
6 31 50.329
6 32 73.348
6 33 70.093
6 34 84.22
6 35 29.0
7 77 85 14
7 8 80.808
7 9 74.967
7 10 22.204
7 11 38.118
7 12 61.814
7 13 34.205
7 14 75.027
7 15 71.61
7 16 92.455
7 17 23.022
7 18 72.069
7 19 75.133
7 20 78.638
7 21 72.09
7 22 82.928
7 23 27.514
7 24 75.286
7 25 28.862
7 26 105.423
7 27 57.271
7 28 78.746
7 29 68.884
7 30 19.698
7 31 86.925
7 32 67.742
7 33 90.785
7 34 111.946
7 35 65.803
8 94 6 6
8 9 7.071
8 10 74.706
8 11 93.814
8 12 19.313
8 13 86.023
8 14 119.971
8 15 83.63
8 16 91.444
8 17 75.18
8 18 91.302
8 19 52.393
8 20 7.071
8 21 96.897
8 22 63.789
8 23 97.944
8 24 39.623
8 25 51.971
8 26 82.098
8 27 49.092
8 28 41.195
8 29 66.31
8 30 65.924
8 31 51.01
8 32 108.706
8 33 88.295
8 34 91.137
8 35 16.125
9 89 11 7
9 10 67.978
9 11 86.839
9 12 13.153
9 13 79.057
9 14 112.929
9 15 76.968
9 16 85.51
9 17 68.425
9 18 84.534
9 19 46.53
9 20 4.472
9 21 90.05
9 22 58.215
9 23 91.285
9 24 34.059
9 25 46.271
9 26 77.524
9 27 42.19
9 28 36.014
9 29 59.808
9 30 59.464
9 31 46.39
9 32 101.671
9 33 82.377
9 34 86.579
9 35 13.038
10 59 72 6
10 11 22.361
10 12 55.57
10 13 15.524
10 14 58.052
10 15 49.406
10 16 70.292
10 17 1.0
10 18 50.09
10 19 56.321
10 20 70.774
10 21 50.596
10 22 62.61
10 23 23.409
10 24 59.135
10 25 29.155
10 26 84.315
10 27 39.459
10 28 62.29
10 29 47.707
10 30 11.18
10 31 68.884
10 32 49.092
10 33 68.68
10 34 90.427
10 35 62.201
11 39 82 10
11 12 75.286
11 13 7.81
11 14 37.014
11 15 43.829
11 16 64.661
11 17 21.471
11 18 40.608
11 19 64.125
11 20 89.045
11 21 38.21
11 22 66.483
11 23 16.971
11 24 70.831
11 25 51.478
11 26 84.433
11 27 50.961
11 28 73.348
11 29 50.359
11 30 33.541
11 31 77.104
11 32 29.833
11 33 64.008
11 34 88.64
11 35 82.759
12 87 24 18
12 13 67.476
12 14 103.47
12 15 70.605
12 16 82.055
12 17 56.08
12 18 77.492
12 19 44.407
12 20 17.0
12 21 82.462
12 22 56.569
12 23 78.715
12 24 33.838
12 25 33.136
12 26 78.16
12 27 35.171
12 28 36.77
12 29 54.589
12 30 46.615
12 31 47.927
12 32 92.358
12 33 79.025
12 34 87.092
12 35 9.22
13 44 76 3
13 14 42.579
13 15 41.4
13 16 62.626
13 17 14.56
13 18 39.699
13 19 58.009
13 20 81.302
13 21 38.588
13 22 61.392
13 23 19.313
13 24 63.953
13 25 44.283
13 26 80.623
13 27 43.932
13 28 66.611
13 29 45.354
13 30 26.571
13 31 71.007
13 32 34.015
13 33 61.612
13 34 85.475
13 35 74.967
14 2 83 6
14 15 43.463
14 16 56.08
14 17 57.07
14 18 35.114
14 19 76.851
14 20 114.022
14 21 28.46
14 22 73.007
14 23 50.22
14 24 87.801
14 25 86.023
14 26 81.615
14 27 71.421
14 28 89.051
14 29 59.682
14 30 68.884
14 31 88.119
14 32 11.314
14 33 57.315
14 34 82.006
14 35 112.058
15 19 43 20
15 16 21.26
15 17 48.6
15 18 8.602
15 19 34.655
15 20 76.942
15 21 15.264
15 22 29.547
15 23 60.208
15 24 46.861
15 25 66.491
15 26 41.593
15 27 35.44
15 28 47.381
15 29 17.804
15 30 55.462
15 31 44.944
15 32 33.242
15 33 20.248
15 34 44.944
15 35 79.812
16 5 27 4
16 17 69.527
16 18 24.698
16 19 39.051
16 20 84.404
16 21 29.614
16 22 28.231
16 23 81.271
16 24 51.923
16 25 84.504
16 26 25.962
16 27 48.374
16 28 50.922
16 29 28.443
16 30 75.472
16 31 43.909
16 32 48.26
16 33 3.162
16 34 26.077
16 35 91.137
17 58 72 14
17 18 49.193
17 19 56.045
17 20 71.176
17 21 49.649
17 22 62.169
17 23 23.087
17 24 59.076
17 25 30.017
17 26 83.762
17 27 39.319
17 28 62.201
17 29 47.17
17 30 12.083
17 31 68.659
17 32 48.094
17 33 67.941
17 34 89.811
17 35 62.801
18 14 50 11
18 19 43.186
18 20 84.723
18 21 6.708
18 22 38.013
18 23 57.489
18 24 55.227
18 25 70.349
18 26 48.042
18 27 42.544
18 28 55.866
18 29 26.173
18 30 57.567
18 31 53.535
18 32 25.318
18 33 24.739
18 34 50.22
18 35 86.649
19 43 18 19
19 20 45.354
19 21 49.679
19 22 12.166
19 23 76.42
19 24 13.0
19 25 56.586
19 26 34.886
19 27 18.028
19 28 12.806
19 29 17.205
19 30 55.471
19 31 13.0
19 32 65.863
19 33 35.903
19 34 43.463
19 35 53.151
20 87 7 15
20 21 90.427
20 22 56.719
20 23 94.154
20 24 32.558
20 25 50.09
20 26 75.166
20 27 42.802
20 28 34.132
20 29 59.506
20 30 62.642
20 31 44.045
20 32 102.728
20 33 81.253
20 34 84.214
20 35 17.493
21 11 56 15
21 22 44.721
21 23 55.172
21 24 61.522
21 25 73.007
21 26 54.009
21 27 47.885
21 28 62.29
21 29 32.558
21 30 59.034
21 31 60.208
21 32 19.026
21 33 30.15
21 34 55.579
21 35 91.548
22 31 16 4
22 23 80.523
22 24 24.187
22 25 67.007
22 26 23.601
22 27 27.803
22 28 22.804
22 29 16.125
22 30 63.6
22 31 16.279
22 32 62.626
22 33 25.08
22 34 31.765
22 35 65.276
23 51 94 13
23 24 81.099
23 25 49.578
23 26 99.925
23 27 61.033
23 28 84.024
23 29 64.56
23 30 32.45
23 31 89.359
23 32 45.188
23 33 80.455
23 34 104.657
23 35 84.906
24 55 13 13
24 25 52.697
24 26 44.385
24 27 20.1
24 28 3.606
24 29 29.069
24 30 55.785
24 31 14.422
24 32 76.609
24 33 48.765
24 34 53.367
24 35 41.976
25 84 57 5
25 26 90.604
25 27 39.205
25 28 56.303
25 29 56.798
25 30 18.028
25 31 66.219
25 32 76.158
25 33 82.079
25 34 98.473
25 35 37.0
26 12 2 16
26 27 51.4
26 28 41.773
26 29 36.62
26 30 86.452
26 31 31.145
26 32 73.027
26 33 24.331
26 34 9.055
26 35 86.348
27 53 33 3
27 28 23.0
27 29 20.025
27 30 37.577
27 31 29.732
27 32 60.108
27 33 45.541
27 34 59.363
27 35 44.385
28 53 10 7
28 29 29.732
28 30 59.203
28 31 11.18
28 32 77.936
28 33 47.76
28 34 50.804
28 35 44.643
29 33 32 14
29 30 50.21
29 31 28.792
29 32 48.765
29 33 25.71
29 34 43.139
29 35 63.789
30 69 67 17
30 31 67.231
30 32 59.54
30 33 73.498
30 34 93.338
30 35 52.479
31 43 5 3
31 32 77.389
31 33 40.817
31 34 40.2
31 35 55.66
32 10 75 3
32 33 49.041
32 34 74.33
32 35 101.02
33 8 26 12
33 34 25.495
33 35 88.091
34 3 1 14
34 35 95.341
35 96 22 20
