70 4
1 6 5 12
1 2 38.419
1 3 68.007
1 4 117.924
1 5 82.377
1 6 76.164
1 7 87.824
1 8 86.833
1 9 19.105
1 10 107.187
1 11 28.16
1 12 79.624
1 13 82.024
1 14 40.46
1 15 79.624
1 16 101.02
1 17 81.0
1 18 36.014
1 19 116.516
1 20 48.01
1 21 72.173
1 22 19.105
1 23 2.236
1 24 46.53
1 25 87.207
1 26 27.166
1 27 55.009
1 28 67.417
1 29 64.382
1 30 29.155
1 31 81.394
1 32 33.601
1 33 123.045
1 34 36.222
1 35 76.381
1 36 70.682
1 37 55.036
1 38 122.495
1 39 69.123
1 40 91.935
1 41 21.024
1 42 37.216
1 43 49.82
1 44 104.202
1 45 57.315
1 46 95.588
1 47 63.64
1 48 58.6
1 49 59.908
1 50 79.404
1 51 64.777
1 52 45.122
1 53 106.794
1 54 61.008
1 55 39.812
1 56 87.321
1 57 45.354
1 58 97.005
1 59 93.145
1 60 53.263
1 61 38.626
1 62 115.421
1 63 93.059
1 64 103.769
1 65 59.666
1 66 16.125
1 67 84.504
1 68 90.211
1 69 38.897
1 70 73.355
2 36 29 7
2 3 29.682
2 4 79.511
2 5 47.434
2 6 57.697
2 7 65.521
2 8 60.531
2 9 28.231
2 10 69.318
2 11 33.242
2 12 48.662
2 13 56.462
2 14 2.236
2 15 43.174
2 16 66.129
2 17 56.365
2 18 33.242
2 19 79.322
2 20 37.643
2 21 54.12
2 22 24.597
2 23 36.235
2 24 23.345
2 25 49.93
2 26 27.166
2 27 25.495
2 28 33.0
2 29 26.926
2 30 15.033
2 31 61.098
2 32 5.0
2 33 84.9
2 34 28.636
2 35 38.601
2 36 40.0
2 37 36.069
2 38 84.812
2 39 37.656
2 40 53.814
2 41 29.155
2 42 5.385
2 43 11.402
2 44 67.067
2 45 19.209
2 46 58.009
2 47 25.807
2 48 20.248
2 49 26.173
2 50 45.354
2 51 36.77
2 52 19.799
2 53 68.622
2 54 39.825
2 55 17.692
2 56 56.223
2 57 19.105
2 58 58.6
2 59 66.272
2 60 14.866
2 61 20.0
2 62 77.006
2 63 55.714
2 64 70.342
2 65 23.409
2 66 24.166
2 67 47.508
2 68 52.326
2 69 22.204
2 70 36.401
3 61 45 1
3 4 50.21
3 5 30.676
3 6 61.612
3 7 63.702
3 8 55.0
3 9 55.317
3 10 39.925
3 11 59.228
3 12 33.242
3 13 46.615
3 14 27.785
3 15 18.028
3 16 46.043
3 17 47.707
3 18 56.143
3 19 53.488
3 20 54.589
3 21 59.363
3 22 52.345
3 23 65.803
3 24 34.205
3 25 26.077
3 26 51.313
3 27 31.321
3 28 17.889
3 29 13.038
3 30 42.72
3 31 62.37
3 32 34.409
3 33 56.613
3 34 47.927
3 35 15.133
3 36 34.655
3 37 42.0
3 38 57.706
3 39 25.942
3 40 26.401
3 41 57.245
3 42 31.145
3 43 18.358
3 44 38.639
3 45 13.038
3 46 32.28
3 47 11.18
3 48 9.434
3 49 24.166
3 50 31.305
3 51 31.321
3 52 31.953
3 53 40.497
3 54 41.437
3 55 38.21
3 56 44.721
3 57 31.016
3 58 29.069
3 59 58.83
3 60 15.232
3 61 41.195
3 62 47.508
3 63 27.295
3 64 52.469
3 65 18.028
3 66 53.712
3 67 25.02
3 68 23.087
3 69 43.105
3 70 11.662
4 97 80 11
4 5 46.39
4 6 86.006
4 7 79.906
4 8 69.584
4 9 105.418
4 10 20.025
4 11 105.095
4 12 60.415
4 13 73.553
4 14 77.466
4 15 45.188
4 16 39.56
4 17 75.664
4 18 99.925
4 19 22.672
4 20 93.963
4 21 86.052
4 22 102.533
4 23 115.745
4 24 81.541
4 25 35.171
4 26 100.896
4 27 70.937
4 28 58.181
4 29 54.708
4 30 90.973
4 31 83.217
4 32 84.386
4 33 11.402
4 34 96.26
4 35 42.942
4 36 61.984
4 37 85.0
4 38 18.358
4 39 62.769
4 40 27.313
4 41 104.957
4 42 81.345
4 43 68.118
4 44 28.071
4 45 60.803
4 46 27.295
4 47 54.918
4 48 59.464
4 49 63.159
4 50 50.488
4 51 70.385
4 52 80.212
4 53 14.036
4 54 81.707
4 55 83.648
4 56 56.223
4 57 79.404
4 58 21.26
4 59 68.659
4 60 64.661
4 61 86.313
4 62 4.0
4 63 32.28
4 64 46.239
4 65 60.415
4 66 103.005
4 67 38.328
4 68 31.305
4 69 87.664
4 70 48.549
5 51 74 1
5 6 40.608
5 7 37.59
5 8 27.459
5 9 75.611
5 10 49.041
5 11 63.127
5 12 62.434
5 13 76.538
5 14 45.222
5 15 44.204
5 16 18.788
5 17 77.827
5 18 56.613
5 19 35.805
5 20 48.754
5 21 40.112
5 22 71.868
5 23 80.455
5 24 62.008
5 25 12.369
5 26 74.216
5 27 28.284
5 28 48.466
5 29 22.023
5 30 53.254
5 31 38.897
5 32 52.202
5 33 46.239
5 34 73.553
5 35 16.125
5 36 15.811
5 37 71.701
5 38 43.046
5 39 56.462
5 40 21.587
5 41 65.115
5 42 51.662
5 43 38.471
5 44 52.802
5 45 30.15
5 46 19.105
5 47 24.0
5 48 34.059
5 49 22.472
5 50 4.123
5 51 61.984
5 52 59.008
5 53 32.388
5 54 71.805
5 55 43.278
5 56 14.866
5 57 58.009
5 58 33.526
5 59 29.698
5 60 35.228
5 61 45.277
5 62 46.043
5 63 44.654
5 64 23.195
5 65 24.042
5 66 66.287
5 67 9.849
5 68 38.833
5 69 45.967
5 70 40.311
6 11 81 3
6 7 13.038
6 8 18.788
6 9 79.246
6 10 89.499
6 11 48.662
6 12 94.493
6 13 106.794
6 14 56.356
6 15 79.076
6 16 49.031
6 17 107.48
6 18 40.447
6 19 70.406
6 20 28.284
6 21 4.0
6 22 75.313
6 23 75.06
6 24 80.262
6 25 52.953
6 26 82.006
6 27 33.601
6 28 77.897
6 29 48.6
6 30 51.971
6 31 5.831
6 32 60.166
6 33 83.6
6 34 85.796
6 35 52.393
6 36 27.731
6 37 92.65
6 38 78.447
6 39 85.586
6 40 62.169
6 41 55.145
6 42 63.071
6 43 56.4
6 44 92.655
6 45 52.326
6 46 59.211
6 47 50.606
6 48 58.694
6 49 38.21
6 50 36.878
6 51 88.527
6 52 76.662
6 53 72.028
6 54 95.21
6 55 41.761
6 56 30.265
6 57 75.802
6 58 73.98
6 59 23.601
6 60 55.317
6 61 41.0
6 62 86.145
6 63 83.385
6 64 45.88
6 65 44.598
6 66 62.073
6 67 50.22
6 68 77.621
6 69 39.623
6 70 73.239
7 18 92 4
7 8 10.44
7 9 89.275
7 10 86.163
7 11 60.877
7 12 96.938
7 13 110.114
7 14 63.891
7 15 80.056
7 16 41.012
7 17 111.041
7 18 52.631
7 19 62.073
7 20 40.522
7 21 16.553
7 22 85.288
7 23 86.579
7 24 86.925
7 25 49.659
7 26 91.241
7 27 40.162
7 28 81.056
7 29 51.225
7 30 62.073
7 31 7.211
7 32 68.659
7 33 76.007
7 34 94.112
7 35 52.01
7 36 29.206
7 37 98.843
7 38 70.114
7 39 89.022
7 40 58.694
7 41 66.91
7 42 70.88
7 43 62.169
7 44 90.338
7 45 56.604
7 46 54.406
7 47 53.413
7 48 62.682
7 49 42.544
7 50 34.67
7 51 92.914
7 52 83.385
7 53 66.287
7 54 100.722
7 55 51.245
7 56 24.042
7 57 82.462
7 58 70.774
7 59 12.369
7 60 60.415
7 61 51.039
7 62 80.604
7 63 82.152
7 64 36.346
7 65 48.549
7 66 73.11
7 67 47.413
7 68 76.322
7 69 50.0
7 70 74.953
8 28 89 18
8 9 86.052
8 10 75.769
8 11 61.327
8 12 88.091
8 13 101.607
8 14 58.694
8 15 70.711
8 16 31.064
8 17 102.65
8 18 53.226
8 19 52.345
8 20 41.677
8 21 20.809
8 22 82.055
8 23 85.376
8 24 80.654
8 25 39.357
8 26 87.144
8 27 35.128
8 28 72.67
8 29 43.046
8 30 59.414
8 31 14.318
8 32 64.195
8 33 66.03
8 34 89.107
8 35 42.45
8 36 21.541
8 37 92.114
8 38 60.407
8 39 80.709
8 40 48.332
8 41 66.408
8 42 65.765
8 43 55.66
8 44 80.062
8 45 49.244
8 46 43.966
8 47 45.277
8 48 55.009
8 49 35.735
8 50 24.839
8 51 85.088
8 52 77.201
8 53 55.902
8 54 93.52
8 55 48.26
8 56 13.601
8 57 76.243
8 58 60.415
8 59 6.325
8 60 53.488
8 61 48.662
8 62 70.214
8 63 72.111
8 64 27.203
8 65 41.231
8 66 71.386
8 67 37.216
8 68 66.287
8 69 48.052
8 70 65.947
9 25 3 12
9 10 92.617
9 11 37.202
9 12 61.685
9 13 63.127
9 14 30.463
9 15 64.07
9 16 94.34
9 17 62.032
9 18 42.942
9 19 107.187
9 20 53.141
9 21 75.313
9 22 4.0
9 23 17.263
9 24 28.46
9 25 77.897
9 26 8.062
9 27 51.352
9 28 51.108
9 29 55.009
9 30 27.295
9 31 83.726
9 32 23.409
9 33 111.826
9 34 17.117
9 35 66.37
9 36 66.91
9 37 36.0
9 38 112.33
9 39 51.624
9 40 81.025
9 41 29.206
9 42 24.698
9 43 38.588
9 44 88.752
9 45 47.011
9 46 85.755
9 47 53.712
9 48 46.4
9 49 53.852
9 50 73.376
9 51 46.573
9 52 27.731
9 53 95.603
9 54 42.012
9 55 38.053
9 56 83.546
9 57 28.178
9 58 84.172
9 59 92.136
9 60 42.19
9 61 38.328
9 62 102.533
9 63 78.006
9 64 98.372
9 65 51.624
9 66 19.416
9 67 75.591
9 68 75.928
9 69 39.623
9 70 58.412
10 98 60 17
10 11 98.762
10 12 41.437
10 13 53.935
10 14 67.543
10 15 29.0
10 16 49.82
10 17 56.089
10 18 94.921
10 19 39.357
10 20 91.269
10 21 88.645
10 22 90.211
10 23 104.957
10 24 66.483
10 25 36.688
10 26 87.115
10 27 67.268
10 28 42.45
10 29 48.662
10 30 82.638
10 31 87.932
10 32 73.824
10 33 31.257
10 34 81.345
10 35 39.0
10 36 62.65
10 37 67.956
10 38 37.363
10 39 45.486
10 40 27.514
10 41 97.144
10 42 69.971
10 43 58.181
10 44 8.062
10 45 52.498
10 46 32.249
10 47 48.052
10 48 49.244
10 49 59.211
10 50 52.631
10 51 53.0
10 52 65.795
10 53 24.207
10 54 64.008
10 55 77.369
10 56 62.241
10 57 65.115
10 58 15.524
10 59 76.479
10 60 55.154
10 61 80.281
10 62 16.031
10 63 14.866
10 64 57.489
10 65 54.745
10 66 93.472
10 67 39.294
10 68 17.0
10 69 82.0
10 70 34.205
11 3 33 12
11 12 81.884
11 13 88.888
11 14 34.059
11 15 75.24
11 16 80.623
11 17 88.544
11 18 8.246
11 19 98.858
11 20 20.396
11 21 44.721
11 22 34.059
11 23 27.459
11 24 53.31
11 25 71.021
11 26 43.139
11 27 35.0
11 28 66.121
11 29 50.695
11 30 18.248
11 31 54.129
11 32 31.048
11 33 107.912
11 34 50.448
11 35 62.169
11 36 48.836
11 37 65.299
11 38 105.802
11 39 70.859
11 40 77.827
11 41 8.062
11 42 36.139
11 43 42.107
11 44 97.862
11 45 46.325
11 46 79.612
11 47 50.922
11 48 50.488
11 49 42.19
11 50 59.464
11 51 69.376
11 52 50.329
11 53 92.282
11 54 70.264
11 55 21.541
11 56 64.405
11 57 49.98
11 58 85.796
11 59 67.624
11 60 44.407
11 61 18.788
11 62 103.368
11 63 86.493
11 64 81.835
11 65 44.777
11 66 17.804
11 67 67.956
11 68 82.225
11 69 17.493
11 70 68.264
12 84 21 13
12 13 14.56
12 14 48.052
12 15 18.974
12 16 74.33
12 17 16.279
12 18 81.492
12 19 74.108
12 20 83.385
12 21 92.005
12 22 60.638
12 23 77.466
12 24 33.242
12 25 54.231
12 26 54.424
12 27 62.434
12 28 17.0
12 29 46.011
12 30 63.64
12 31 95.525
12 32 51.157
12 33 70.711
12 34 46.519
12 35 46.325
12 36 67.882
12 37 29.206
12 38 75.107
12 39 11.045
12 40 49.477
12 41 77.162
12 42 46.098
12 43 41.785
12 44 34.438
12 45 42.72
12 46 56.754
12 47 43.932
12 48 36.359
12 49 56.4
12 50 63.82
12 51 15.232
12 52 34.525
12 53 58.009
12 54 24.042
12 55 64.195
12 56 77.104
12 57 34.366
12 58 43.012
12 59 91.608
12 60 41.146
12 61 67.052
12 62 56.515
12 63 28.284
12 64 81.707
12 65 50.0
12 66 70.029
12 67 54.562
12 68 31.016
12 69 69.26
12 70 22.204
13 88 7 10
13 14 56.365
13 15 33.526
13 16 88.865
13 17 2.236
13 18 89.694
13 19 88.363
13 20 93.15
13 21 104.062
13 22 63.0
13 23 80.006
13 24 36.346
13 25 68.71
13 26 55.227
13 27 73.878
13 28 29.069
13 29 58.898
13 30 70.838
13 31 108.245
13 32 57.871
13 33 84.214
13 34 46.39
13 35 60.415
13 36 80.92
13 37 27.295
13 38 89.0
13 39 21.213
13 40 64.031
13 41 83.199
13 42 52.811
13 43 51.865
13 44 46.325
13 45 54.489
13 46 71.309
13 47 56.727
13 48 48.104
13 49 68.593
13 50 77.698
13 51 19.698
13 52 38.833
13 53 72.173
13 54 21.213
13 55 73.355
13 56 91.066
13 57 39.051
13 58 57.219
13 59 105.394
13 60 52.01
13 61 76.026
13 62 69.584
13 63 42.0
13 64 96.208
13 65 62.225
13 66 74.967
13 67 68.942
13 68 45.277
13 69 78.262
13 70 36.235
14 37 31 8
14 15 41.773
14 16 63.906
14 17 56.356
14 18 33.526
14 19 77.104
14 20 37.202
14 21 52.839
14 22 26.833
14 23 38.288
14 24 24.207
14 25 47.707
14 26 29.275
14 27 23.77
14 28 32.062
14 29 24.698
14 30 16.031
14 31 59.615
14 32 7.211
14 33 82.759
14 34 30.414
14 35 36.401
14 36 38.013
14 37 36.878
14 38 82.62
14 39 37.108
14 40 51.662
14 41 30.414
14 42 7.071
14 43 9.434
14 44 65.46
14 45 17.029
14 46 55.803
14 47 23.601
14 48 18.358
14 49 24.083
14 50 43.174
14 51 36.674
14 52 20.616
14 53 66.483
14 54 40.361
14 55 17.205
14 56 54.148
14 57 19.849
14 58 56.613
14 59 64.382
14 60 12.806
14 61 19.723
14 62 75.0
14 63 54.083
14 64 68.154
14 65 21.19
14 66 25.942
14 67 45.277
14 68 50.567
14 69 21.954
14 70 34.928
15 78 39 13
15 16 55.362
15 17 35.171
15 18 73.027
15 19 56.036
15 20 72.367
15 21 77.026
15 22 61.911
15 23 77.389
15 24 37.483
15 25 35.341
15 26 58.258
15 27 49.336
15 28 13.454
15 29 30.871
15 30 57.706
15 31 79.404
15 32 47.127
15 33 54.406
15 34 52.345
15 35 28.32
15 36 51.614
15 37 39.812
15 38 57.871
15 39 17.72
15 40 30.594
15 41 72.18
15 42 42.72
15 43 33.136
15 44 24.698
15 45 30.414
15 46 37.855
15 47 29.155
15 48 25.02
15 49 42.154
15 50 46.011
15 51 25.298
15 52 36.878
15 53 40.311
15 54 36.688
15 55 55.036
15 56 59.034
15 57 36.235
15 58 25.495
15 59 73.756
15 60 31.0
15 61 58.034
15 62 41.593
15 63 14.142
15 64 62.769
15 65 36.056
15 66 67.052
15 67 35.847
15 68 13.928
15 69 60.075
15 70 7.0
16 59 91 17
16 17 90.443
16 18 73.593
16 19 21.378
16 20 64.405
16 21 50.0
16 22 90.62
16 23 99.126
16 24 79.31
16 25 20.396
16 26 92.72
16 27 46.4
16 28 62.801
16 29 40.025
16 30 71.868
16 31 45.277
16 32 70.937
16 33 35.0
16 34 91.591
16 35 31.0
16 36 31.828
16 37 88.023
16 38 29.428
16 39 70.406
16 40 25.554
16 41 83.241
16 42 70.214
16 43 56.754
16 44 55.866
16 45 48.27
16 46 18.601
16 47 41.773
16 48 51.352
16 49 41.183
16 50 21.633
16 51 76.792
16 52 76.531
16 53 26.833
16 54 87.367
16 55 61.612
16 56 18.974
16 57 75.538
16 58 36.125
16 59 29.275
16 60 53.367
16 61 63.411
16 62 40.853
16 63 51.039
16 64 7.81
16 65 42.72
16 66 84.906
16 67 21.024
16 68 45.793
16 69 63.891
16 70 53.367
17 87 5 14
17 18 89.554
17 19 90.272
17 20 93.295
17 21 104.69
17 22 62.032
17 23 79.006
17 24 35.693
17 25 70.228
17 26 54.083
17 27 74.411
17 28 30.0
17 29 59.816
17 30 70.576
17 31 109.041
17 32 57.585
17 33 86.284
17 34 45.177
17 35 61.717
17 36 81.835
17 37 26.077
17 38 91.005
17 39 22.023
17 40 65.734
17 41 82.71
17 42 52.555
17 43 52.202
17 44 48.508
17 45 55.154
17 46 73.007
17 47 57.628
17 48 48.795
17 49 69.311
17 50 78.892
17 51 19.723
17 52 38.328
17 53 74.108
17 54 20.025
17 55 73.43
17 56 92.282
17 57 38.601
17 58 59.135
17 59 106.532
17 60 52.498
17 61 76.059
17 62 71.701
17 63 44.011
17 64 97.739
17 65 62.968
17 66 74.33
17 67 70.385
17 68 47.17
17 69 78.294
17 70 37.577
18 5 41 19
18 19 92.418
18 20 12.166
18 21 36.497
18 22 39.446
18 23 35.128
18 24 55.227
18 25 65.299
18 26 48.01
18 27 29.069
18 28 65.115
18 29 46.325
18 30 19.416
18 31 45.891
18 32 32.249
18 33 102.083
18 34 54.489
18 35 57.245
18 36 41.773
18 37 67.676
18 38 99.569
18 39 70.605
18 40 72.615
18 41 15.133
18 42 37.121
18 43 40.311
18 44 94.641
18 45 43.105
18 46 73.824
18 47 46.872
18 48 48.01
18 49 36.77
18 50 52.802
18 51 70.007
18 52 51.971
18 53 86.764
18 54 72.201
18 55 18.0
18 56 56.851
18 57 51.478
18 58 81.32
18 59 59.506
18 60 42.048
18 61 15.0
18 62 98.433
18 63 83.385
18 64 74.411
18 65 40.262
18 66 23.77
18 67 62.177
18 68 78.772
18 69 13.038
18 70 66.03
19 80 95 2
19 20 84.22
19 21 71.309
19 22 103.774
19 23 114.477
19 24 87.596
19 25 29.411
19 26 104.202
19 27 63.891
19 28 66.91
19 29 52.431
19 30 87.784
19 31 66.611
19 32 84.315
19 33 14.56
19 34 101.39
19 35 40.817
19 36 51.108
19 37 93.941
19 38 8.062
19 39 73.335
19 40 27.203
19 41 100.449
19 42 82.492
19 43 68.6
19 44 47.011
19 45 60.208
19 46 21.471
19 47 53.535
19 48 61.27
19 49 57.28
19 50 39.661
19 51 80.623
19 52 85.44
19 53 16.279
19 54 91.924
19 55 78.518
19 56 40.262
19 57 84.504
19 58 31.145
19 59 50.0
19 60 65.0
19 61 80.722
19 62 25.495
19 63 46.69
19 64 26.077
19 65 56.851
19 66 100.658
19 67 32.016
19 68 43.105
19 69 81.566
19 70 56.719
20 7 53 1
20 21 24.331
20 22 49.396
20 23 47.011
20 24 60.877
20 25 58.822
20 26 57.245
20 27 24.021
20 28 66.483
20 29 43.012
20 30 26.926
20 31 33.734
20 32 38.21
20 33 94.937
20 34 62.682
20 35 52.469
20 36 33.121
20 37 73.593
20 38 91.706
20 39 72.918
20 40 66.94
20 41 27.0
20 42 42.45
20 43 41.629
20 44 92.005
20 45 41.976
20 46 67.067
20 47 44.102
20 48 47.802
20 49 32.062
20 50 44.721
20 51 73.573
20 52 57.385
20 53 80.324
20 54 77.466
20 55 20.0
20 56 46.69
20 57 56.727
20 58 76.792
20 59 47.885
20 60 42.379
20 61 17.692
20 62 92.892
20 63 81.099
20 64 64.382
20 65 37.054
20 66 34.713
20 67 55.66
20 68 76.007
20 69 15.556
20 70 65.513
21 11 77 5
21 22 71.386
21 23 71.063
21 24 76.851
21 25 52.345
21 26 78.16
21 27 30.48
21 28 75.286
21 29 46.325
21 30 48.052
21 31 9.487
21 32 56.462
21 33 84.172
21 34 82.079
21 35 50.922
21 36 26.249
21 37 89.308
21 38 79.31
21 39 82.879
21 40 61.522
21 41 51.157
21 42 59.481
21 43 53.263
21 44 91.482
21 45 49.578
21 46 59.008
21 47 48.26
21 48 55.973
21 49 35.609
21 50 36.222
21 51 85.586
21 52 73.246
21 53 72.028
21 54 92.005
21 55 37.947
21 56 31.048
21 57 72.402
21 58 73.164
21 59 26.173
21 60 52.345
21 61 37.108
21 62 86.006
21 63 81.933
21 64 47.424
21 65 42.012
21 66 58.078
21 67 49.497
21 68 76.217
21 69 35.693
21 70 71.021
22 25 7 8
22 23 17.029
22 24 27.459
22 25 74.431
22 26 9.434
22 27 47.381
22 28 49.193
22 29 51.478
22 30 23.345
22 31 79.762
22 32 19.698
22 33 108.706
22 34 18.028
22 35 62.968
22 36 62.968
22 37 36.222
22 38 109.041
22 39 50.289
22 40 77.801
22 41 26.173
22 42 21.401
22 43 35.228
22 44 86.608
22 45 43.566
22 46 82.377
22 47 50.249
22 48 43.278
22 49 50.0
22 50 69.57
22 51 45.706
22 52 26.249
22 53 92.455
22 54 42.107
22 55 34.059
22 56 79.624
22 57 26.571
22 58 81.32
22 59 88.142
22 60 38.833
22 61 34.366
22 62 99.725
22 63 75.717
22 64 94.557
22 65 47.927
22 66 16.279
22 67 72.069
22 68 73.41
22 69 35.693
22 70 56.036
23 8 6 12
23 24 44.407
23 25 85.147
23 26 25.318
23 27 53.226
23 28 65.192
23 29 62.29
23 30 27.295
23 31 80.225
23 32 31.401
23 33 120.917
23 34 34.366
23 35 74.277
23 36 68.942
23 37 53.085
23 38 120.416
23 39 66.94
23 40 89.805
23 41 20.025
23 42 34.986
23 43 47.634
23 44 101.966
23 45 55.172
23 46 93.509
23 47 61.522
23 48 56.4
23 49 57.983
23 50 77.524
23 51 62.65
23 52 42.953
23 53 104.661
23 54 59.034
23 55 38.079
23 56 85.615
23 57 43.174
23 58 94.81
23 59 91.679
23 60 51.088
23 61 37.0
23 62 113.23
23 63 90.824
23 64 101.966
23 65 57.628
23 66 14.318
23 67 82.462
23 68 87.983
23 69 37.363
23 70 71.12
24 52 12 19
24 25 60.017
24 26 21.471
24 27 46.957
24 28 24.042
24 29 40.05
24 30 35.847
24 31 83.187
24 32 23.022
24 33 89.471
24 34 14.866
24 35 48.508
24 36 59.203
24 37 12.728
24 38 91.389
24 39 23.259
24 40 60.407
24 41 47.127
24 42 18.439
24 43 25.0
24 44 61.717
24 45 32.249
24 46 66.483
24 47 38.013
24 48 28.018
24 49 44.922
24 50 61.205
24 51 18.248
24 52 3.606
24 53 73.824
24 54 17.0
24 55 41.012
24 56 73.824
24 57 4.472
24 58 60.539
24 59 85.866
24 60 27.459
24 61 43.186
24 62 78.237
24 63 51.624
24 64 85.024
24 65 39.812
24 66 38.639
24 67 58.549
24 68 50.606
24 69 45.343
24 70 33.015
25 63 71 15
25 26 75.24
25 27 36.235
25 28 42.426
25 29 23.022
25 30 58.694
25 31 51.245
25 32 54.918
25 33 36.892
25 34 73.082
25 35 11.705
25 36 27.074
25 37 68.029
25 38 35.355
25 39 50.01
25 40 9.22
25 41 71.84
25 42 53.235
25 43 39.357
25 44 40.706
25 45 30.887
25 46 8.602
25 47 24.187
25 48 32.573
25 49 28.844
25 50 16.125
25 51 56.436
25 52 57.489
25 53 21.541
25 54 67.119
25 55 50.0
25 56 26.077
25 57 56.515
25 58 21.19
25 59 40.804
25 60 35.777
25 61 52.431
25 62 34.366
25 63 33.302
25 64 27.514
25 65 27.586
25 66 71.449
25 67 3.162
25 68 27.586
25 69 53.535
25 70 32.985
26 33 2 15
26 27 52.038
26 28 45.0
26 29 52.811
26 30 30.463
26 31 86.122
26 32 23.0
26 33 107.898
26 34 9.055
26 35 63.561
26 36 67.067
26 37 28.018
26 38 108.908
26 39 44.721
26 40 77.524
26 41 35.384
26 42 22.561
26 43 36.056
26 44 82.801
26 45 44.598
26 46 82.735
26 47 51.264
26 48 42.942
26 49 53.339
26 50 72.367
26 51 39.217
26 52 21.401
26 53 91.81
26 54 34.059
26 55 40.262
26 56 83.385
26 57 22.023
26 58 79.649
26 59 93.048
26 60 39.56
26 61 41.11
26 62 97.837
26 63 72.346
26 64 97.293
26 65 50.22
26 66 25.495
26 67 73.164
26 68 70.711
26 69 42.72
26 70 53.038
27 31 54 18
27 28 45.486
27 29 19.105
27 30 26.0
27 31 36.235
27 32 29.069
27 33 73.062
27 34 54.129
27 35 28.636
27 36 15.811
27 37 59.169
27 38 70.803
27 39 52.802
27 40 43.658
27 41 36.878
27 42 30.806
27 43 22.804
27 44 68.029
27 45 19.723
27 46 44.777
27 47 20.396
27 48 26.077
27 49 8.062
27 50 24.839
27 51 55.154
27 52 43.382
27 53 57.697
27 54 61.612
27 55 15.264
27 56 32.573
27 57 42.485
27 58 52.953
27 59 41.012
27 60 21.932
27 61 17.029
27 62 69.57
27 63 57.219
27 64 48.765
27 65 13.342
27 66 38.91
27 67 33.121
27 68 52.038
27 69 17.692
27 70 42.72
28 69 29 3
28 29 29.833
28 30 48.01
28 31 79.209
28 32 36.222
28 33 66.851
28 34 38.897
28 35 32.573
28 36 51.856
28 37 27.203
28 38 69.642
28 39 8.062
28 40 40.112
28 41 62.073
28 42 31.401
28 43 25.0
28 44 37.802
28 45 25.807
28 46 47.011
28 47 27.659
28 48 19.416
28 49 39.699
28 50 49.193
28 51 14.036
28 52 23.601
28 53 51.923
28 54 25.08
28 55 47.539
28 56 62.61
28 57 23.022
28 58 37.696
28 59 76.662
28 60 24.166
28 61 50.448
28 62 54.708
28 63 27.586
28 64 69.635
28 65 33.302
28 66 55.902
28 67 41.976
28 68 26.926
28 69 52.631
28 70 10.198
29 50 52 1
29 30 36.401
29 31 49.518
29 32 31.906
29 33 58.796
29 34 51.624
29 35 12.042
29 36 22.023
29 37 50.22
29 38 58.138
29 39 37.802
29 40 27.803
29 41 50.249
29 42 30.463
29 43 16.763
29 44 49.0
29 45 8.246
29 46 31.241
29 47 2.236
29 48 12.369
29 49 11.402
29 50 21.213
29 51 42.059
29 52 37.0
29 53 42.638
29 54 50.922
29 55 29.155
29 56 34.205
29 57 36.0
29 58 35.114
29 59 47.424
29 60 13.342
29 61 31.953
29 62 52.773
29 63 38.118
29 64 45.177
29 65 6.083
29 66 48.836
29 67 20.591
29 68 33.0
29 69 33.526
29 70 24.698
30 21 30 12
30 31 56.436
30 32 13.0
30 33 95.131
30 34 35.805
30 35 48.415
30 36 41.785
30 37 48.26
30 38 94.048
30 39 52.612
30 40 64.203
30 41 14.56
30 42 18.028
30 43 24.739
30 44 81.043
30 45 30.414
30 46 67.209
30 47 36.056
30 48 33.526
30 49 30.806
30 50 50.249
30 51 51.245
30 52 32.65
30 53 79.025
30 54 52.839
30 55 11.18
30 56 58.523
30 57 32.202
30 58 70.711
30 59 65.62
30 60 27.514
30 61 11.045
30 62 88.837
30 63 69.642
30 64 74.686
30 65 31.145
30 66 13.038
30 67 55.866
30 68 65.788
30 69 12.369
30 70 50.804
31 14 86 9
31 32 63.891
31 33 80.156
31 34 89.493
31 35 51.971
31 36 27.803
31 37 95.383
31 38 74.673
31 39 87.046
31 40 60.44
31 41 60.407
31 42 66.483
31 43 58.83
31 44 91.548
31 45 54.037
31 46 56.886
31 47 51.624
31 48 60.308
31 49 39.825
31 50 35.468
31 51 90.427
31 52 79.605
31 53 69.354
31 54 97.637
31 55 45.891
31 56 27.019
31 57 78.715
31 58 72.422
31 59 18.358
31 60 57.428
31 61 45.398
31 62 83.6
31 63 82.735
31 64 41.485
31 65 46.098
31 66 67.0
31 67 48.703
31 68 76.922
31 69 44.181
31 70 73.878
32 33 25 6
32 33 89.872
32 34 25.632
32 35 43.6
32 36 44.102
32 37 35.609
32 38 89.811
32 39 40.112
32 40 58.796
32 41 26.019
32 42 5.099
32 43 16.279
32 44 71.309
32 45 24.207
32 46 63.008
32 47 30.806
32 48 25.0
32 49 30.594
32 50 50.0
32 51 38.328
32 52 19.723
32 53 73.593
32 54 39.962
32 55 18.868
32 56 60.531
32 57 19.235
32 58 63.411
32 59 70.064
32 60 19.799
32 61 20.616
32 62 81.835
32 63 60.008
32 64 75.0
32 65 28.231
32 66 19.925
32 67 52.479
32 68 56.824
32 69 22.672
32 70 40.497
33 94 91 2
33 34 103.942
33 35 46.755
33 36 62.032
33 37 93.984
33 38 7.81
33 39 72.125
33 40 31.113
33 41 108.6
33 42 87.321
33 43 73.661
33 44 39.319
33 45 65.765
33 46 28.302
33 47 59.414
33 48 65.437
33 49 65.734
33 50 50.329
33 51 79.699
33 52 87.818
33 53 16.279
33 54 91.093
33 55 86.839
33 56 53.339
33 57 86.954
33 58 29.155
33 59 64.125
33 60 70.093
33 61 89.308
33 62 15.297
33 63 42.426
33 64 40.447
33 65 64.031
33 66 107.629
33 67 39.962
33 68 40.522
33 69 90.427
33 70 56.859
34 42 1 18
34 35 61.4
34 36 68.264
34 37 19.105
34 38 105.551
34 39 37.443
34 40 74.324
34 41 43.012
34 42 23.345
34 43 35.128
34 44 76.485
34 45 43.417
34 46 80.056
34 47 49.82
34 48 40.522
34 49 54.083
34 50 72.173
34 51 31.305
34 52 16.125
34 53 88.119
34 54 25.179
34 55 44.283
34 56 84.006
34 57 17.0
34 58 75.166
34 59 94.763
34 60 38.328
34 61 45.651
34 62 93.005
34 63 66.483
34 64 96.747
34 65 50.04
34 66 33.287
34 67 71.309
34 68 65.437
34 69 47.508
34 70 47.802
35 59 60 12
35 36 24.698
35 37 57.035
35 38 46.228
35 39 40.497
35 40 15.811
35 41 62.129
35 42 41.677
35 43 27.785
35 44 40.792
35 45 19.416
35 46 19.416
35 47 12.806
35 48 20.881
35 49 20.616
35 50 17.692
35 51 46.325
35 52 45.891
35 53 30.61
35 54 56.569
35 55 40.706
35 56 30.806
35 57 44.911
35 58 24.331
35 59 45.453
35 60 24.187
35 61 43.382
35 62 41.231
35 63 31.016
35 64 37.336
35 65 17.493
35 66 60.877
35 67 10.05
35 68 25.298
35 69 44.777
35 70 24.187
36 36 69 19
36 37 70.576
36 38 58.592
36 39 59.816
36 40 36.0
36 41 51.865
36 42 45.044
36 43 34.205
36 44 65.253
36 45 27.731
36 46 34.713
36 47 24.207
36 48 33.615
36 49 14.318
36 50 11.705
36 51 63.812
36 52 55.785
36 53 48.052
36 54 72.014
36 55 30.871
36 56 16.763
36 57 54.818
36 58 47.265
36 59 26.683
36 60 31.953
36 61 32.249
36 62 61.4
36 63 55.714
36 64 33.287
36 65 19.698
36 66 54.626
36 67 24.021
36 68 49.98
36 69 32.45
36 70 46.098
37 61 3 14
37 38 96.84
37 39 22.472
37 40 66.91
37 41 58.694
37 42 31.145
37 43 36.674
37 44 62.008
37 45 43.012
37 46 73.553
37 47 48.052
37 48 37.855
37 49 56.462
37 50 71.386
37 51 15.0
37 52 16.279
37 53 79.12
37 54 6.083
37 55 53.74
37 56 84.404
37 57 17.029
37 58 64.846
37 59 97.082
37 60 38.626
37 61 55.902
37 62 81.394
37 63 53.339
37 64 94.26
37 65 50.922
37 66 49.649
37 67 67.007
37 68 53.712
37 69 58.052
37 70 37.363
38 88 96 15
38 39 75.505
38 40 31.385
38 41 107.056
38 42 87.658
38 43 73.817
38 44 45.354
38 45 65.605
38 46 26.907
38 47 59.034
38 48 66.038
38 49 63.891
38 50 47.011
38 51 82.976
38 52 89.471
38 53 17.72
38 54 94.366
38 55 85.147
38 56 48.27
38 57 88.566
38 58 32.388
38 59 58.009
38 60 70.214
38 61 87.459
38 62 21.932
38 63 47.0
38 64 34.015
38 65 62.936
38 66 106.794
38 67 38.21
38 68 44.283
38 69 88.408
38 70 59.481
39 73 22 9
39 40 47.011
39 41 66.121
39 42 35.057
39 43 31.305
39 44 39.699
39 45 33.302
39 46 54.083
39 47 35.609
39 48 26.907
39 49 47.381
39 50 57.245
39 51 7.616
39 52 24.042
39 53 57.871
39 54 18.974
39 55 53.488
39 56 70.661
39 57 23.77
39 58 43.174
39 59 84.723
39 60 31.064
39 61 56.303
39 62 59.093
39 63 30.887
39 64 77.369
39 65 41.012
39 66 59.076
39 67 49.729
39 68 31.623
39 69 58.523
39 70 17.117
40 72 69 12
40 41 77.936
40 42 56.4
40 43 42.638
40 44 31.906
40 45 34.655
40 46 7.28
40 47 28.32
40 48 34.67
40 49 35.847
40 50 25.318
40 51 54.037
40 52 58.31
40 53 14.866
40 54 65.192
40 55 56.436
40 56 34.886
40 57 57.385
40 58 12.083
40 59 49.396
40 60 39.051
40 61 59.059
40 62 25.962
40 63 25.612
40 64 33.287
40 65 33.287
40 66 76.577
40 67 12.042
40 68 20.248
40 69 60.374
40 70 30.017
41 7 26 2
41 42 31.064
41 43 39.294
41 44 95.603
41 45 44.777
41 46 80.43
41 47 50.12
41 48 48.083
41 49 43.186
41 50 61.717
41 51 63.953
41 52 44.385
41 53 92.655
41 54 63.906
41 55 21.932
41 56 68.096
41 57 44.147
41 58 84.971
41 59 72.732
41 60 42.059
41 61 19.849
41 62 102.956
41 63 84.202
41 64 85.147
41 65 44.654
41 66 9.899
41 67 68.884
41 68 80.324
41 69 19.416
41 70 65.307
42 38 24 2
42 43 13.892
42 44 67.119
42 45 22.361
42 46 61.057
42 47 29.069
42 48 21.932
42 49 31.016
42 50 49.82
42 51 33.242
42 52 15.0
42 53 71.063
42 54 35.228
42 55 22.672
42 56 61.074
42 57 14.422
42 58 60.208
42 59 71.449
42 60 17.493
42 61 24.759
42 62 78.645
42 63 55.902
42 64 74.733
42 65 27.659
42 66 24.515
42 67 50.99
42 68 53.0
42 69 26.907
42 70 36.249
43 45 36 6
43 44 56.321
43 45 8.544
43 46 47.17
43 47 15.232
43 48 8.944
43 49 19.925
43 50 37.054
43 51 32.65
43 52 21.587
43 53 57.385
43 54 38.833
43 55 22.561
43 56 49.163
43 57 20.616
43 58 47.202
43 59 60.877
43 60 3.606
43 61 25.495
43 62 65.605
43 63 44.922
43 64 61.66
43 65 15.033
43 66 35.355
43 67 37.162
43 68 41.231
43 69 27.659
43 70 26.173
44 99 52 7
44 45 51.624
44 46 37.643
44 47 48.042
44 48 47.539
44 49 60.075
44 50 56.08
44 51 47.011
44 52 61.4
44 53 31.385
44 54 57.689
44 55 76.792
44 56 66.731
44 57 60.803
44 58 20.0
44 59 81.302
44 60 53.6
44 61 79.762
44 62 24.083
44 63 11.402
44 64 63.64
44 65 55.009
44 66 91.181
44 67 42.953
44 68 16.0
44 69 81.615
44 70 30.871
45 48 44 12
45 46 38.833
45 47 6.708
45 48 6.403
45 49 14.213
45 50 29.017
45 51 36.401
45 52 29.069
45 53 49.497
45 54 44.283
45 55 25.179
45 56 41.593
45 57 28.071
45 58 40.311
45 59 54.083
45 60 5.099
45 61 28.16
45 62 58.523
45 63 40.311
45 64 53.339
45 65 8.062
45 66 42.202
45 67 28.636
45 68 35.903
45 69 30.067
45 70 23.537
46 70 76 18
46 47 32.202
46 48 39.812
46 49 37.443
46 50 23.195
46 51 61.0
46 52 64.195
46 53 13.342
46 54 72.062
46 55 58.6
46 56 30.364
46 57 63.246
46 58 17.692
46 59 44.283
46 60 43.566
46 61 61.033
46 62 27.0
46 63 32.45
46 64 26.401
46 65 36.069
46 66 79.906
46 67 11.662
46 68 27.295
46 69 62.129
46 70 37.014
47 51 50 17
47 48 10.198
47 49 13.0
47 50 23.345
47 51 39.825
47 52 35.014
47 53 43.186
47 54 48.703
47 55 29.411
47 56 36.401
47 57 34.015
47 58 34.928
47 59 49.659
47 60 11.705
47 61 32.28
47 62 52.839
47 63 37.014
47 64 47.096
47 65 7.071
47 66 48.27
47 67 21.932
47 68 32.062
47 69 33.956
47 70 22.825
48 53 40 18
48 49 20.518
48 50 33.541
48 51 30.232
48 52 25.179
48 53 49.204
48 54 38.626
48 55 30.017
48 56 46.573
48 57 24.187
48 58 38.419
48 59 59.615
48 60 6.083
48 61 33.015
48 62 56.851
48 63 36.139
48 64 57.009
48 65 14.213
48 66 44.294
48 67 30.806
48 68 32.311
48 69 35.057
48 70 18.028
49 39 55 19
49 50 19.698
49 51 50.606
49 52 41.485
49 53 50.12
49 54 58.181
49 55 21.26
49 56 30.067
49 57 40.522
49 58 44.911
49 59 41.0
49 60 17.889
49 61 23.601
49 62 61.685
49 63 49.366
49 64 44.598
49 65 6.403
49 66 43.829
49 67 25.807
49 68 44.102
49 69 24.698
49 70 35.777
50 47 73 19
50 51 62.394
50 52 58.078
50 53 36.497
50 54 71.84
50 55 40.0
50 56 13.416
50 57 57.079
50 58 37.108
50 59 27.803
50 60 34.0
50 61 41.869
50 62 50.09
50 63 47.508
50 64 25.0
50 65 22.204
50 66 63.285
50 67 13.342
50 68 41.677
50 69 42.45
50 70 41.617
51 70 15 5
51 52 20.0
51 53 65.307
51 54 11.402
51 55 53.712
51 56 75.769
51 57 20.025
51 58 50.695
51 59 89.443
51 60 33.242
51 61 56.356
51 62 66.708
51 63 38.471
51 64 83.546
51 65 44.407
51 66 56.143
51 67 55.902
51 68 39.217
51 69 58.592
51 70 24.021
52 50 15 13
52 53 72.007
52 54 20.248
52 55 37.483
52 56 70.576
52 57 1.0
52 58 59.076
52 59 82.462
52 60 24.187
52 61 39.699
52 62 77.006
52 63 50.99
52 64 82.098
52 65 36.497
52 66 36.222
52 67 55.902
52 68 49.578
52 69 41.869
52 70 31.89
53 83 79 7
53 54 76.688
53 55 71.021
53 56 42.426
53 57 71.12
53 58 15.0
53 59 55.362
53 60 53.814
53 61 73.573
53 62 14.318
53 63 30.414
53 64 34.132
53 65 48.01
53 66 91.439
53 67 24.698
53 68 27.0
53 69 74.793
53 70 41.761
54 67 4 18
54 55 57.489
54 56 85.071
54 57 20.809
54 58 62.097
54 59 98.234
54 60 40.311
54 61 59.816
54 62 78.0
54 63 49.659
54 64 93.904
54 65 52.326
54 66 55.082
54 67 66.37
54 68 50.596
54 69 62.008
54 70 35.228
55 23 41 17
55 56 47.539
55 57 36.797
55 58 64.257
55 59 54.452
55 60 24.083
55 61 3.0
55 62 81.86
55 63 65.49
55 64 64.008
55 65 23.259
55 66 23.77
55 67 47.011
55 68 61.0
55 69 5.099
55 70 48.042
56 41 85 1
56 57 69.584
56 58 46.957
56 59 14.866
56 60 46.39
56 61 48.754
56 62 56.719
56 63 59.203
56 64 17.692
56 65 34.132
56 66 71.309
56 67 24.207
56 68 53.413
56 69 48.765
56 70 54.918
57 50 16 19
57 58 58.249
57 59 81.492
57 60 23.195
57 61 39.051
57 62 76.217
57 63 50.329
57 64 81.099
57 65 35.511
57 66 36.125
57 67 54.918
57 68 48.836
57 69 41.231
57 70 31.145
58 83 64 9
58 59 61.4
58 60 43.829
58 61 67.067
58 62 18.439
58 63 15.811
58 64 43.932
58 65 41.11
58 66 82.377
58 67 23.77
58 68 12.0
58 69 68.622
58 70 27.731
59 30 95 14
59 60 58.523
59 61 54.918
59 62 69.642
59 63 74.027
59 64 24.083
59 65 46.174
59 66 77.666
59 67 39.051
59 68 68.25
59 69 54.342
59 70 69.405
60 47 39 12
60 61 27.074
60 62 62.201
60 63 42.202
60 64 58.421
60 65 12.369
60 66 38.588
60 67 33.615
60 68 38.275
60 69 29.155
60 70 24.0
61 20 41 1
61 62 84.581
61 63 68.469
61 64 65.513
61 65 26.0
61 66 22.804
61 67 49.406
61 68 63.953
61 69 2.236
61 70 51.039
62 97 76 4
62 63 28.46
62 64 47.854
62 65 58.6
62 66 100.688
62 67 37.483
62 68 27.785
62 69 86.006
62 70 45.222
63 88 49 7
63 64 58.822
63 65 44.045
63 66 79.85
63 67 35.0
63 68 5.831
63 69 70.349
63 70 19.723
64 54 97 2
64 65 47.074
64 66 87.658
64 67 27.659
64 68 53.535
64 69 65.734
64 70 60.44
65 44 51 17
65 66 43.863
65 67 24.839
65 68 39.013
65 69 27.514
65 70 29.547
66 14 19 19
66 67 68.68
66 68 76.485
66 69 23.345
66 70 60.407
67 60 70 20
67 68 29.206
67 69 50.478
67 70 32.894
68 83 52 13
68 69 65.765
68 70 17.692
69 18 42 1
69 70 53.085
70 71 39 6
