75 4
1 6 29 4
1 2 96.021
1 3 38.21
1 4 44.294
1 5 41.437
1 6 77.466
1 7 72.801
1 8 92.801
1 9 52.326
1 10 28.601
1 11 17.464
1 12 109.604
1 13 45.541
1 14 22.825
1 15 77.82
1 16 88.459
1 17 6.083
1 18 47.011
1 19 63.632
1 20 46.648
1 21 58.009
1 22 34.886
1 23 57.983
1 24 71.169
1 25 47.074
1 26 84.202
1 27 63.008
1 28 47.17
1 29 73.0
1 30 46.141
1 31 54.672
1 32 75.286
1 33 16.031
1 34 24.021
1 35 58.6
1 36 13.454
1 37 42.426
1 38 32.45
1 39 23.345
1 40 48.466
1 41 76.968
1 42 58.523
1 43 90.028
1 44 92.087
1 45 66.287
1 46 60.166
1 47 50.606
1 48 65.97
1 49 72.236
1 50 52.555
1 51 55.946
1 52 43.863
1 53 29.275
1 54 93.086
1 55 66.851
1 56 30.806
1 57 51.884
1 58 77.897
1 59 69.0
1 60 58.898
1 61 99.005
1 62 12.728
1 63 80.399
1 64 87.658
1 65 55.036
1 66 49.193
1 67 50.537
1 68 12.042
1 69 43.29
1 70 69.635
1 71 86.77
1 72 44.654
1 73 84.077
1 74 75.611
1 75 88.102
2 84 85 11
2 3 72.111
2 4 59.481
2 5 57.315
2 6 29.275
2 7 23.324
2 8 4.0
2 9 45.277
2 10 67.424
2 11 88.391
2 12 15.133
2 13 71.12
2 14 76.059
2 15 23.409
2 16 48.052
2 17 100.424
2 18 57.009
2 19 46.011
2 20 56.321
2 21 77.026
2 22 61.717
2 23 38.288
2 24 33.838
2 25 68.731
2 26 29.155
2 27 58.941
2 28 60.539
2 29 56.223
2 30 87.664
2 31 45.222
2 32 30.067
2 33 105.418
2 34 78.518
2 35 43.932
2 36 82.928
2 37 54.589
2 38 63.6
2 39 108.245
2 40 81.025
2 41 48.083
2 42 46.53
2 43 38.328
2 44 61.612
2 45 65.62
2 46 74.726
2 47 49.649
2 48 42.379
2 49 31.016
2 50 80.411
2 51 41.012
2 52 52.839
2 53 78.772
2 54 61.847
2 55 34.886
2 56 91.022
2 57 45.255
2 58 26.077
2 59 79.076
2 60 41.485
2 61 21.401
2 62 94.795
2 63 48.042
2 64 16.0
2 65 83.815
2 66 85.088
2 67 46.669
2 68 95.525
2 69 61.855
2 70 64.133
2 71 16.031
2 72 56.303
2 73 18.248
2 74 30.806
2 75 17.029
3 44 25 7
3 4 46.239
3 5 18.028
3 6 64.938
3 7 52.0
3 8 69.971
3 9 28.46
3 10 25.807
3 11 22.204
3 12 82.879
3 13 7.616
3 14 36.125
3 15 49.679
3 16 51.662
3 17 39.051
3 18 47.434
3 19 59.304
3 20 46.174
3 21 72.201
3 22 21.19
3 23 36.688
3 24 40.311
3 25 57.306
3 26 72.18
3 27 25.179
3 28 12.042
3 29 35.228
3 30 19.105
3 31 46.098
3 32 62.801
3 33 38.897
3 34 14.318
3 35 51.088
3 36 32.202
3 37 34.928
3 38 24.597
3 39 38.949
3 40 15.652
3 41 74.243
3 42 53.339
3 43 55.036
3 44 54.0
3 45 73.389
3 46 23.324
3 47 44.553
3 48 32.802
3 49 42.45
3 50 18.601
3 51 32.894
3 52 34.525
3 53 47.381
3 54 55.0
3 55 37.643
3 56 19.105
3 57 29.12
3 58 63.561
3 59 82.298
3 60 49.0
3 61 68.25
3 62 29.428
3 63 43.681
3 64 59.464
3 65 22.472
3 66 18.974
3 67 27.893
3 68 30.414
3 69 10.296
3 70 75.584
3 71 58.796
3 72 43.012
3 73 55.973
3 74 44.598
3 75 59.414
4 27 68 4
4 5 30.806
4 6 35.0
4 7 37.336
4 8 55.66
4 9 30.529
4 10 22.091
4 11 46.271
4 12 74.465
4 13 51.884
4 14 21.471
4 15 49.254
4 16 73.41
4 17 50.09
4 18 2.828
4 19 19.416
4 20 3.162
4 21 27.586
4 22 25.08
4 23 29.12
4 24 48.384
4 25 13.038
4 26 41.037
4 27 58.0
4 28 43.6
4 29 65.0
4 30 64.846
4 31 14.318
4 32 33.015
4 33 58.523
4 34 40.112
4 35 16.125
4 36 31.385
4 37 12.728
4 38 21.84
4 39 64.288
4 40 61.847
4 41 32.894
4 42 14.866
4 43 69.921
4 44 83.006
4 45 27.203
4 46 66.287
4 47 10.05
4 48 48.765
4 49 47.539
4 50 64.405
4 51 30.463
4 52 14.213
4 53 19.723
4 54 83.863
4 55 43.324
4 56 57.14
4 57 29.155
4 58 36.359
4 59 36.62
4 60 18.028
4 61 70.0
4 62 49.477
4 63 66.648
4 64 57.009
4 65 68.447
4 66 65.192
4 67 28.844
4 68 49.729
4 69 40.497
4 70 29.614
4 71 56.009
4 72 4.472
4 73 54.009
4 74 51.662
4 75 58.0
5 45 43 19
5 6 47.074
5 7 35.511
5 8 54.672
5 9 12.042
5 10 16.279
5 11 31.145
5 12 69.656
5 13 21.84
5 14 28.636
5 15 36.892
5 16 49.254
5 17 44.721
5 18 31.385
5 19 41.593
5 20 30.017
5 21 58.138
5 22 8.246
5 23 19.723
5 24 29.732
5 25 43.186
5 26 54.342
5 27 28.302
5 28 12.806
5 29 36.77
5 30 37.014
5 31 28.284
5 32 44.911
5 33 48.415
5 34 21.213
5 35 33.242
5 36 30.265
5 37 18.358
5 38 12.649
5 39 50.931
5 40 32.558
5 41 56.436
5 42 35.693
5 43 49.254
5 44 55.973
5 45 57.245
5 46 35.511
5 47 27.203
5 48 25.08
5 49 30.871
5 50 34.482
5 51 16.401
5 52 17.464
5 53 38.079
5 54 56.921
5 55 25.495
5 56 34.928
5 57 12.207
5 58 45.88
5 59 67.424
5 60 31.016
5 61 57.697
5 62 37.802
5 63 41.437
5 64 46.872
5 65 38.601
5 66 36.346
5 67 10.817
5 68 38.601
5 69 9.849
5 70 59.093
5 71 46.043
5 72 26.926
5 73 43.267
5 74 34.176
5 75 47.17
6 55 89 16
6 7 18.358
6 8 25.318
6 9 37.054
6 10 50.249
6 11 74.686
6 12 44.045
6 13 67.119
6 14 55.172
6 15 33.422
6 16 64.203
6 17 82.801
6 18 32.202
6 19 17.72
6 20 32.016
6 21 48.042
6 22 47.539
6 23 29.0
6 24 40.249
6 25 41.437
6 26 7.28
6 27 62.586
6 28 56.036
6 29 64.622
6 30 83.487
6 31 22.804
6 32 2.236
6 33 89.889
6 34 65.924
6 35 19.105
6 36 64.031
6 37 35.511
6 38 47.413
6 39 94.414
6 40 78.102
6 41 19.723
6 42 20.248
6 43 56.586
6 44 77.104
6 45 36.346
6 46 76.531
6 47 26.907
6 48 46.487
6 49 37.59
6 50 79.0
6 51 33.0
6 52 34.482
6 53 54.644
6 54 77.666
6 55 37.336
6 56 81.609
6 57 36.125
6 58 3.606
6 59 49.82
6 60 18.601
6 61 46.957
6 62 79.756
6 63 60.539
6 64 35.228
6 65 83.006
6 66 82.152
6 67 37.216
6 68 80.262
6 69 55.326
6 70 34.928
6 71 34.409
6 72 33.242
6 73 34.059
6 74 40.497
6 75 36.62
7 64 73 1
7 8 20.0
7 9 23.707
7 10 44.204
7 11 66.068
7 12 37.696
7 13 52.631
7 14 52.773
7 15 15.62
7 16 46.098
7 17 77.337
7 18 35.128
7 19 28.231
7 20 34.234
7 21 58.694
7 22 38.897
7 23 15.811
7 24 21.932
7 25 48.042
7 26 24.042
7 27 45.277
7 28 41.485
7 29 46.487
7 30 69.376
7 31 23.087
7 32 17.205
7 33 82.759
7 34 56.4
7 35 23.195
7 36 59.641
7 37 31.305
7 38 40.46
7 39 86.052
7 40 63.348
7 41 36.77
7 42 26.476
7 43 39.051
7 44 58.822
7 45 49.659
7 46 60.0
7 47 27.295
7 48 28.636
7 49 19.235
7 50 63.64
7 51 19.235
7 52 29.53
7 53 56.045
7 54 59.405
7 55 19.416
7 56 70.235
7 57 23.324
7 58 15.232
7 59 63.159
7 60 20.025
7 61 33.377
7 62 72.18
7 63 42.19
7 64 20.396
7 65 67.476
7 66 67.469
7 67 24.698
7 68 72.863
7 69 41.785
7 70 49.244
7 71 19.416
7 72 33.734
7 73 18.028
7 74 22.204
7 75 21.587
8 80 85 1
8 9 42.638
8 10 64.203
8 11 85.633
8 12 19.105
8 13 69.354
8 14 72.56
8 15 22.361
8 16 49.041
8 17 97.309
8 18 53.16
8 19 42.012
8 20 52.498
8 21 73.027
8 22 58.728
8 23 35.355
8 24 32.757
8 25 64.777
8 26 25.495
8 27 58.052
8 28 58.592
8 29 56.009
8 30 86.006
8 31 41.437
8 32 26.077
8 33 102.533
8 34 75.822
8 35 40.025
8 36 79.63
8 37 51.108
8 38 60.44
8 39 105.551
8 40 79.48
8 41 44.272
8 42 42.579
8 43 39.56
8 44 62.642
8 45 61.66
8 46 73.756
8 47 45.88
8 48 41.231
8 49 29.833
8 50 79.057
8 51 38.288
8 52 49.396
8 53 75.027
8 54 62.936
8 55 33.242
8 56 88.752
8 57 42.521
8 58 22.091
8 59 75.133
8 60 37.643
8 61 24.042
8 62 91.924
8 63 48.374
8 64 16.492
8 65 82.565
8 66 83.57
8 67 43.932
8 68 92.634
8 69 59.682
8 70 60.208
8 71 16.279
8 72 52.555
8 73 18.028
8 74 30.15
8 75 17.72
9 53 52 10
9 10 24.739
9 11 43.139
9 12 57.801
9 13 30.067
9 14 36.125
9 15 25.495
9 16 43.324
9 17 56.08
9 18 30.0
9 19 35.341
9 20 28.601
9 21 57.801
9 22 17.464
9 23 8.246
9 24 20.025
9 25 43.566
9 26 44.181
9 27 28.844
9 28 19.0
9 29 34.713
9 30 46.53
9 31 22.472
9 32 35.014
9 33 60.308
9 34 33.242
9 35 26.833
9 36 40.162
9 37 18.385
9 38 20.616
9 39 62.968
9 40 41.049
9 41 49.336
9 42 30.017
9 43 41.195
9 44 52.479
9 45 54.037
9 46 40.522
9 47 23.345
9 48 18.385
9 49 20.396
9 50 42.048
9 51 4.472
9 52 16.553
9 53 43.417
9 54 53.339
9 55 15.133
9 56 46.53
9 57 1.414
9 58 35.355
9 59 65.765
9 60 23.77
9 61 46.819
9 62 49.679
9 63 36.249
9 64 35.355
9 65 46.098
9 66 45.1
9 67 2.0
9 68 50.448
9 69 18.439
9 70 55.218
9 71 34.482
9 72 26.077
9 73 31.765
9 74 24.187
9 75 35.777
10 29 46 17
10 11 25.0
10 12 81.123
10 13 32.558
10 14 12.369
10 15 49.98
10 16 65.49
10 17 33.242
10 18 24.0
10 19 39.051
10 20 23.022
10 21 46.53
10 22 8.062
10 23 29.53
10 24 44.553
10 25 31.78
10 26 57.306
10 27 43.863
10 28 27.295
10 29 52.811
10 30 43.463
10 31 27.731
10 32 48.021
10 33 39.661
10 34 18.028
10 35 32.311
10 36 15.652
10 37 14.765
10 38 4.123
10 39 44.283
10 40 41.34
10 41 53.759
10 42 33.242
10 43 65.031
10 44 72.125
10 45 49.031
10 46 48.104
10 47 24.352
10 48 41.012
10 49 45.122
10 50 44.407
10 51 27.857
10 52 15.811
10 53 22.472
10 54 73.082
10 55 39.812
10 56 35.057
10 57 24.042
10 58 50.22
10 59 56.859
10 60 31.765
10 61 71.47
10 62 29.53
10 63 57.706
10 64 59.615
10 65 48.26
10 66 44.294
10 67 22.804
10 68 30.017
10 69 23.324
10 70 51.624
10 71 58.694
10 72 20.1
10 73 56.08
10 74 48.836
10 75 60.166
11 22 22 13
11 12 100.767
11 13 29.0
11 14 27.459
11 15 67.801
11 16 73.756
11 17 17.029
11 18 48.508
11 19 64.031
11 20 47.676
11 21 66.708
11 22 27.459
11 23 50.329
11 24 59.682
11 25 53.339
11 26 81.86
11 27 47.381
11 28 32.894
11 29 57.428
11 30 28.844
11 31 52.555
11 32 72.45
11 33 17.493
11 34 10.0
11 35 57.245
11 36 18.385
11 37 39.56
11 38 27.313
11 39 20.0
11 40 31.016
11 41 78.645
11 42 58.241
11 43 76.551
11 44 76.059
11 45 72.062
11 46 42.953
11 47 49.336
11 48 53.226
11 49 61.294
11 50 35.114
11 51 47.381
11 52 40.311
11 53 37.947
11 54 77.058
11 55 56.036
11 56 14.213
11 57 43.139
11 58 74.303
11 59 77.666
11 60 56.462
11 61 87.983
11 62 7.28
11 63 65.734
11 64 77.801
11 65 37.577
11 66 31.765
11 67 41.725
11 68 8.246
11 69 29.547
11 70 75.007
11 71 77.006
11 72 44.911
11 73 74.202
11 74 64.14
11 75 78.006
12 99 87 16
12 13 80.802
12 14 90.377
12 15 33.242
12 16 49.254
12 17 113.719
12 18 72.035
12 19 61.074
12 20 71.309
12 21 92.0
12 22 74.887
12 23 51.624
12 24 42.802
12 25 83.863
12 26 42.953
12 27 66.189
12 28 70.937
12 29 61.351
12 30 96.799
12 31 60.166
12 32 45.0
12 33 118.068
12 34 90.785
12 35 59.034
12 36 96.747
12 37 68.942
12 38 77.175
12 39 120.341
12 40 89.889
12 41 62.169
12 42 61.66
12 43 39.319
12 44 62.008
12 45 80.306
12 46 81.86
12 47 64.56
12 48 51.039
12 49 40.46
12 50 88.685
12 51 53.824
12 52 67.119
12 53 93.606
12 54 62.0
12 55 45.277
12 56 101.98
12 57 58.009
12 58 41.0
12 59 93.648
12 60 56.515
12 61 19.105
12 62 107.448
12 63 51.662
12 64 23.431
12 65 91.706
12 66 93.814
12 67 59.405
12 68 108.231
12 69 72.863
12 70 78.638
12 71 24.083
12 72 71.169
12 73 26.907
12 74 38.833
12 75 23.601
13 51 22 19
13 14 43.417
13 15 48.021
13 16 45.88
13 17 46.011
13 18 52.802
13 19 63.348
13 20 51.478
13 21 78.492
13 22 26.926
13 23 38.21
13 24 38.013
13 25 63.514
13 26 74.243
13 27 18.974
13 28 11.18
13 29 28.862
13 30 16.763
13 31 50.01
13 32 65.069
13 33 44.911
13 34 21.84
13 35 54.918
13 36 39.812
13 37 39.925
13 38 30.806
13 39 44.011
13 40 11.0
13 41 78.09
13 42 57.489
13 43 50.249
13 44 47.096
13 45 78.791
13 46 15.811
13 47 49.041
13 48 29.833
13 49 40.497
13 50 12.649
13 51 34.234
13 52 39.217
13 53 54.562
13 54 48.094
13 55 36.235
13 56 22.825
13 57 31.016
13 58 65.376
13 59 88.323
13 60 52.469
13 61 65.054
13 62 36.056
13 63 38.079
13 64 57.428
13 65 16.763
13 66 15.033
13 67 30.0
13 68 37.054
13 69 12.166
13 70 80.777
13 71 56.859
13 72 48.332
13 73 54.083
13 74 42.012
13 75 57.201
14 17 49 19
14 15 60.638
14 16 77.782
14 17 28.636
14 18 24.187
14 19 40.817
14 20 23.854
14 21 39.294
14 22 20.396
14 23 39.56
14 24 56.143
14 25 26.019
14 26 61.717
14 27 56.08
14 28 39.395
14 29 65.146
14 30 51.865
14 31 32.558
14 32 53.038
14 33 37.363
14 34 24.698
14 35 36.125
14 36 10.198
14 37 21.471
14 38 16.125
14 39 43.566
14 40 50.99
14 41 54.231
14 42 35.805
14 43 77.006
14 44 84.481
14 45 45.044
14 46 59.203
14 47 28.284
14 48 53.151
14 49 56.436
14 50 54.452
14 51 38.639
14 52 23.259
14 53 11.402
14 54 85.44
14 55 51.245
14 56 40.497
14 57 35.228
14 58 55.902
14 59 50.22
14 60 36.797
14 61 82.225
14 62 29.069
14 63 70.036
14 64 69.921
14 65 58.052
14 66 53.413
14 67 34.132
14 68 29.155
14 69 35.341
14 70 48.166
14 71 68.964
14 72 22.023
14 73 66.483
14 74 60.299
14 75 70.605
15 76 63 3
15 16 30.806
15 17 81.492
15 18 47.518
15 19 43.417
15 20 46.39
15 21 73.055
15 22 42.953
15 23 21.213
15 24 10.44
15 25 61.188
15 26 38.079
15 27 35.693
15 28 37.802
15 29 34.132
15 30 64.413
15 31 35.903
15 32 32.558
15 33 85.212
15 34 57.801
15 35 37.336
15 36 65.552
15 37 40.2
15 38 45.88
15 39 87.207
15 40 57.697
15 41 52.345
15 42 40.853
15 43 23.431
15 44 43.909
15 45 64.885
15 46 51.42
15 47 39.459
15 48 18.974
15 49 7.616
15 50 57.009
15 51 22.136
15 52 38.21
15 53 66.189
15 54 44.418
15 55 12.042
15 56 68.768
15 57 26.0
15 58 30.0
15 59 78.262
15 60 33.838
15 61 21.587
15 62 74.632
15 63 27.857
15 64 10.0
15 65 60.407
15 66 61.741
15 67 27.313
15 68 75.452
15 69 39.623
15 70 64.661
15 71 9.22
15 72 45.1
15 73 6.403
15 74 8.062
15 75 10.296
16 94 38 9
16 17 90.255
16 18 72.45
16 19 72.471
16 20 71.113
16 21 99.85
16 22 57.428
16 23 44.777
16 24 25.807
16 25 86.331
16 26 68.797
16 27 26.926
16 28 41.304
16 29 17.493
16 30 57.689
16 31 62.434
16 32 63.253
16 33 90.521
16 34 64.777
16 35 65.215
16 36 79.006
16 37 61.685
16 38 61.66
16 39 89.889
16 40 50.774
16 41 82.807
16 42 68.819
16 43 10.0
16 44 13.601
16 45 93.6
16 46 39.051
16 47 64.885
16 48 25.0
16 49 27.659
16 50 48.01
16 51 42.953
16 52 59.808
16 53 86.348
16 54 13.928
16 55 30.529
16 56 68.542
16 57 44.598
16 58 60.803
16 59 106.508
16 60 61.612
16 61 30.15
16 62 81.025
16 63 8.062
16 64 32.573
16 65 49.679
16 66 53.824
16 67 45.222
16 68 82.0
16 69 45.177
16 70 93.862
16 71 32.894
16 72 68.942
16 73 31.78
16 74 24.042
16 75 31.321
17 5 23 7
17 18 52.773
17 19 69.354
17 20 52.355
17 21 64.031
17 22 38.833
17 23 62.201
17 24 74.324
17 25 53.151
17 26 89.627
17 27 64.195
17 28 49.031
17 29 74.243
17 30 44.385
17 31 60.0
17 32 80.604
17 33 10.198
17 34 25.495
17 35 64.07
17 36 18.868
17 37 47.508
17 38 36.878
17 39 17.72
17 40 47.539
17 41 82.855
17 42 64.14
17 43 92.445
17 44 93.022
17 45 72.367
17 46 59.841
17 47 56.036
17 48 68.622
17 49 75.584
17 50 51.662
17 51 59.908
17 52 48.836
17 53 35.355
17 54 94.021
17 55 70.214
17 56 28.636
17 57 55.758
17 58 83.096
17 59 75.007
17 60 64.203
17 61 102.416
17 62 10.44
17 63 82.201
17 64 91.417
17 65 53.759
17 66 47.76
17 67 54.378
17 68 9.487
17 69 45.354
17 70 75.71
17 71 90.554
17 72 50.249
17 73 87.818
17 74 78.791
17 75 91.788
18 29 70 12
18 19 16.643
18 20 1.414
18 21 27.803
18 22 26.249
18 23 27.857
18 24 47.17
18 25 13.928
18 26 38.21
18 27 58.0
18 28 44.102
18 29 64.661
18 30 66.219
18 31 12.042
18 32 30.232
18 33 61.098
18 34 42.012
18 35 13.416
18 36 34.015
18 37 13.038
18 38 23.345
18 39 66.761
18 40 62.968
18 41 30.364
18 42 12.042
18 43 68.622
18 44 82.377
18 45 26.0
18 46 66.888
18 47 8.062
18 48 48.021
18 49 46.174
18 50 65.391
18 51 29.53
18 52 14.213
18 53 22.472
18 54 83.217
18 55 42.154
18 56 59.034
18 57 28.601
18 58 33.615
18 59 36.235
18 60 15.524
18 61 68.029
18 62 51.923
18 63 65.863
18 64 55.009
18 65 69.462
18 66 66.408
18 67 28.425
18 68 52.202
18 69 41.183
18 70 28.16
18 71 54.009
18 72 4.472
18 73 52.086
18 74 50.289
18 75 56.036
19 38 84 19
19 20 17.0
19 21 31.145
19 22 39.013
19 23 29.411
19 24 46.755
19 25 23.77
19 26 22.472
19 27 64.008
19 28 53.16
19 29 68.6
19 30 78.409
19 31 13.342
19 32 16.279
19 33 77.473
19 34 56.569
19 35 8.544
19 36 50.537
19 37 25.08
19 38 37.336
19 39 82.873
19 40 74.148
19 41 15.0
19 42 6.0
19 43 66.573
19 44 84.149
19 45 21.471
19 46 75.611
19 47 15.033
19 48 50.448
19 49 44.822
19 50 75.928
19 51 32.757
19 52 25.0
19 53 38.21
19 54 84.865
19 55 42.426
19 56 73.335
19 57 34.015
19 58 20.224
19 59 34.928
19 60 11.662
19 61 61.131
19 62 68.007
19 63 67.179
19 64 48.384
19 65 80.05
19 66 77.929
19 67 34.54
19 68 68.352
19 69 51.196
19 70 21.401
19 71 47.434
19 72 19.313
19 73 46.239
19 74 48.6
19 75 49.649
20 30 69 3
20 21 29.206
20 22 25.0
20 23 26.571
20 24 45.88
20 25 15.232
20 26 38.184
20 27 56.586
20 28 42.72
20 29 63.253
20 30 65.0
20 31 11.18
20 32 30.0
20 33 60.539
20 34 41.0
20 35 13.038
20 36 33.541
20 37 11.662
20 38 22.204
20 39 66.098
20 40 61.685
20 41 31.048
20 42 12.042
20 43 67.357
20 44 80.994
20 45 27.313
20 46 65.513
20 47 7.0
20 48 46.648
20 49 44.922
20 50 64.078
20 51 28.178
20 52 12.806
20 53 22.825
20 54 81.835
20 55 40.853
20 56 58.009
20 57 27.203
20 58 33.287
20 59 37.643
20 60 14.866
20 61 67.007
20 62 51.245
20 63 64.498
20 64 54.0
20 65 68.154
20 66 65.146
20 67 27.019
20 68 51.546
20 69 39.825
20 70 29.411
20 71 53.0
20 72 3.162
20 73 51.039
20 74 49.041
20 75 55.009
21 7 87 6
21 22 51.614
21 23 55.073
21 24 74.243
21 25 15.0
21 26 50.804
21 27 85.586
21 28 70.937
21 29 92.455
21 30 89.9
21 31 37.577
21 32 47.0
21 33 74.0
21 34 63.325
21 35 35.735
21 36 48.662
21 37 40.311
21 38 47.707
21 39 81.056
21 40 87.818
21 41 33.242
21 42 32.28
21 43 95.341
21 44 110.114
21 45 13.892
21 46 93.408
21 47 34.986
21 48 75.717
21 49 72.918
21 50 90.736
21 51 57.14
21 52 41.773
21 53 29.155
21 54 110.941
21 55 69.354
21 56 79.699
21 57 56.4
21 58 51.0
21 59 11.045
21 60 39.217
21 61 91.984
21 62 67.476
21 63 93.493
21 64 79.076
21 65 94.668
21 66 90.824
21 67 56.223
21 68 67.365
21 69 67.624
21 70 17.205
21 71 78.102
21 72 31.89
21 73 76.655
21 74 76.968
21 75 80.281
22 37 45 19
22 23 23.431
22 24 36.878
22 25 36.62
22 26 54.781
22 27 36.235
22 28 20.0
22 29 44.944
22 30 40.025
22 31 26.306
22 32 45.31
22 33 43.863
22 34 18.385
22 35 31.257
22 36 22.804
22 37 14.036
22 38 4.472
22 39 47.434
22 40 36.77
22 41 54.009
22 42 33.015
22 43 57.079
22 44 64.195
22 45 52.202
22 46 41.869
22 47 24.0
22 48 33.0
22 49 37.643
22 50 39.357
22 51 21.095
22 52 14.036
22 53 29.967
22 54 65.146
22 55 32.28
22 56 34.525
22 57 17.0
22 58 46.957
22 59 61.4
22 60 29.833
22 61 64.257
22 62 33.302
22 63 49.649
22 64 52.773
22 65 43.382
22 66 40.162
22 67 15.652
22 68 33.971
22 69 16.279
22 70 54.406
22 71 51.884
22 72 21.84
22 73 49.193
22 74 41.231
22 75 53.226
23 55 60 3
23 24 19.313
23 25 41.785
23 26 36.056
23 27 34.928
23 28 27.074
23 29 39.205
23 30 54.745
23 31 17.804
23 32 27.019
23 33 67.179
23 34 40.608
23 35 21.26
23 36 45.177
23 37 19.026
23 38 25.554
23 39 70.292
23 40 49.163
23 41 42.544
23 42 24.759
23 43 40.804
23 44 55.444
23 45 49.518
23 46 47.854
23 47 20.125
23 48 21.213
23 49 18.439
23 50 50.0
23 51 4.0
23 52 17.029
23 53 45.044
23 54 56.223
23 55 14.318
23 56 54.562
23 57 7.616
23 58 27.166
23 59 62.008
23 60 17.804
23 61 42.755
23 62 56.569
23 63 38.601
23 64 30.364
23 65 54.009
23 66 53.235
23 67 8.944
23 68 57.28
23 69 26.683
23 70 50.249
23 71 29.411
23 72 24.739
23 73 26.926
23 74 22.561
23 75 31.048
24 73 53 7
24 25 61.098
24 26 45.88
24 27 25.318
24 28 28.284
24 29 24.739
24 30 54.203
24 31 36.715
24 32 38.949
24 33 77.175
24 34 49.739
24 35 39.408
24 36 59.666
24 37 37.483
24 38 40.447
24 39 78.6
24 40 47.413
24 41 57.801
24 42 43.012
24 43 21.587
24 44 37.537
24 45 67.801
24 46 41.0
24 47 39.395
24 48 8.544
24 49 3.0
24 50 46.615
24 51 18.248
24 52 35.511
24 53 63.198
24 54 38.21
24 55 5.099
24 56 59.397
24 57 21.0
24 58 37.162
24 59 80.709
24 60 35.805
24 61 28.302
24 62 66.731
24 63 20.616
24 64 19.416
24 65 49.98
24 66 51.43
24 67 22.023
24 68 67.602
24 69 30.61
24 70 68.118
24 71 18.868
24 72 43.966
24 73 16.125
24 74 4.472
24 75 19.209
25 16 75 6
25 26 46.065
25 27 70.838
25 28 55.973
25 29 78.006
25 30 75.24
25 31 25.318
25 32 39.85
25 33 62.65
25 34 49.041
25 35 25.02
25 36 36.014
25 37 25.612
25 38 32.757
25 39 69.26
25 40 72.945
25 41 32.558
25 42 22.204
25 43 82.541
25 44 96.042
25 45 19.235
25 46 78.409
25 47 21.84
25 48 61.774
25 49 60.083
25 50 75.802
25 51 43.382
25 52 27.203
25 53 18.028
25 54 96.897
25 55 56.08
25 56 65.734
25 57 42.19
25 58 43.681
25 59 25.08
25 60 28.018
25 61 81.302
25 62 55.009
25 63 79.649
25 64 68.264
25 65 79.756
25 66 76.026
25 67 41.881
25 68 55.036
25 69 52.631
25 70 22.561
25 71 67.268
25 72 17.493
25 73 65.49
25 74 64.195
25 75 69.354
26 57 96 7
26 27 69.051
26 28 63.127
26 29 70.52
26 30 90.67
26 31 29.682
26 32 9.487
26 33 96.897
26 34 73.164
26 35 25.612
26 36 70.803
26 37 42.544
26 38 54.562
26 39 101.533
26 40 85.212
26 41 19.235
26 42 26.173
26 43 60.605
26 44 81.988
26 45 38.053
26 46 83.295
26 47 33.601
26 48 52.631
26 49 43.081
26 50 86.023
26 51 40.05
26 52 41.593
26 53 60.44
26 54 82.492
26 55 43.417
26 56 88.888
26 57 43.29
26 58 9.055
26 59 51.039
26 60 25.554
26 61 48.826
26 62 86.833
26 63 65.742
26 64 38.184
26 65 90.006
26 66 89.275
26 67 44.407
26 68 87.321
26 69 62.514
26 70 36.014
26 71 37.483
26 72 39.699
26 73 37.643
26 74 45.618
26 75 39.598
27 69 28 8
27 28 16.763
27 29 10.05
27 30 31.828
27 31 51.313
27 32 60.877
27 33 63.789
27 34 39.0
27 35 55.57
27 36 55.109
27 37 45.277
27 38 40.706
27 39 62.968
27 40 24.759
27 41 77.473
27 42 58.83
27 43 32.016
27 44 29.155
27 45 82.801
27 46 15.811
27 47 52.01
27 48 17.029
27 49 28.284
27 50 22.804
27 51 31.305
27 52 43.841
27 53 66.189
27 54 30.15
27 55 26.019
27 56 41.629
27 57 30.232
27 58 60.017
27 59 94.175
27 60 52.355
27 61 48.826
27 62 54.589
27 63 19.235
27 64 43.658
27 65 25.554
27 66 28.32
27 67 30.0
27 68 55.579
27 69 20.881
27 70 84.054
27 71 43.324
27 72 53.74
27 73 40.804
27 74 28.16
27 75 43.081
28 53 33 2
28 29 26.306
28 30 27.893
28 31 39.85
28 32 54.009
28 33 50.16
28 34 23.537
28 35 44.643
28 36 38.471
28 37 31.064
28 38 24.413
28 39 50.774
28 40 22.091
28 41 67.683
28 42 47.434
28 43 43.658
28 44 45.706
28 45 69.836
28 46 22.825
28 47 39.395
28 48 20.809
28 49 30.48
28 50 23.087
28 51 23.087
28 52 30.017
28 53 49.739
28 54 46.69
28 55 25.807
28 56 31.113
28 57 20.025
28 58 54.231
28 59 80.212
28 60 41.976
28 61 56.223
28 62 40.162
28 63 33.242
28 64 47.508
28 65 27.166
28 66 26.173
28 67 19.105
28 68 41.11
28 69 4.123
28 70 71.554
28 71 46.861
28 72 39.661
28 73 44.045
28 74 32.558
28 75 47.424
29 79 29 7
29 30 40.224
29 31 56.639
29 32 63.159
29 33 73.756
29 34 49.01
29 35 60.44
29 36 64.777
29 37 52.431
29 38 49.396
29 39 72.732
29 40 33.287
29 41 81.123
29 42 63.891
29 43 24.207
29 44 19.416
29 45 88.459
29 46 21.932
29 47 58.0
29 48 18.358
29 49 27.659
29 50 30.61
29 51 36.125
29 52 50.804
29 53 74.847
29 54 20.396
29 55 27.313
29 56 51.264
29 57 36.125
29 58 61.685
29 59 100.449
29 60 57.009
29 61 42.953
29 62 64.63
29 63 10.63
29 64 40.311
29 65 32.527
29 66 36.401
29 67 36.235
29 68 65.62
29 69 30.414
29 70 89.376
29 71 40.2
29 72 60.605
29 73 38.053
29 74 26.077
29 75 39.459
30 46 6 4
30 31 65.192
30 32 81.394
30 33 39.623
30 34 27.203
30 35 70.178
30 36 45.277
30 37 53.935
30 38 43.012
30 39 36.0
30 40 7.071
30 41 93.343
30 42 72.443
30 43 63.781
30 44 55.362
30 45 92.049
30 46 19.313
30 47 63.64
30 48 45.793
30 49 56.824
30 50 9.849
30 51 50.804
30 52 53.6
30 53 63.246
30 54 56.303
30 55 52.802
30 56 15.811
30 57 47.381
30 58 81.884
30 59 100.319
30 60 68.029
30 61 80.281
30 62 34.015
30 63 50.606
30 64 73.573
30 65 10.0
30 66 4.123
30 67 46.271
30 68 34.928
30 69 28.16
30 70 94.372
30 71 73.062
30 72 61.847
30 73 70.328
30 74 57.983
30 75 73.246
31 41 71 20
31 32 20.616
31 33 67.231
31 34 44.385
31 35 5.0
31 36 41.231
31 37 13.0
31 38 25.298
31 39 72.014
31 40 60.828
31 41 28.16
31 42 7.616
31 43 57.775
31 44 73.246
31 45 31.828
31 46 62.394
31 47 4.472
31 48 38.949
31 49 35.341
31 50 62.586
31 51 20.518
31 52 12.369
31 53 33.615
31 54 74.027
31 55 31.906
31 56 60.828
31 57 21.095
31 58 23.345
31 59 44.204
31 60 4.243
31 61 56.08
31 62 57.245
31 63 56.4
31 64 43.046
31 65 66.708
31 66 64.63
31 67 21.471
31 68 57.706
31 69 37.855
31 70 32.802
31 71 42.048
31 72 11.18
31 73 40.2
31 74 39.395
31 75 44.102
32 54 87 8
32 33 87.664
32 34 63.695
32 35 17.029
32 36 61.847
32 37 33.287
32 38 45.177
32 39 92.179
32 40 76.059
32 41 20.0
32 42 18.358
32 43 55.866
32 44 76.026
32 45 35.693
32 46 74.673
32 47 24.759
32 48 44.944
32 49 36.359
32 50 77.006
32 51 31.016
32 52 32.249
32 53 52.697
32 54 76.609
32 55 35.847
32 56 79.404
32 57 34.059
32 58 4.0
32 59 49.244
32 60 16.401
32 61 47.011
32 62 77.524
32 63 59.363
32 64 34.986
32 65 81.025
32 66 80.1
32 67 35.128
32 68 78.032
32 69 53.235
32 70 34.482
32 71 34.132
32 72 31.145
32 73 33.601
32 74 39.408
32 75 36.359
33 7 13 19
33 34 27.459
33 35 71.589
33 36 27.203
33 37 54.378
33 38 42.802
33 39 7.616
33 40 44.045
33 41 91.417
33 42 72.014
33 43 93.776
33 44 91.788
33 45 81.884
33 46 57.0
33 47 63.53
33 48 70.661
33 49 78.772
33 50 48.094
33 51 64.444
33 52 55.471
33 53 45.1
33 54 92.779
33 55 73.498
33 56 24.083
33 57 60.208
33 58 89.872
33 59 85.006
33 60 71.344
33 61 105.475
33 62 10.63
33 63 82.565
33 64 95.21
33 65 49.497
33 66 43.417
33 67 58.796
33 68 9.899
33 69 46.957
33 70 85.159
33 71 94.403
33 72 58.181
33 73 91.608
33 74 81.633
33 75 95.441
34 30 28 6
34 35 49.244
34 36 18.601
34 37 31.575
34 38 19.235
34 39 29.732
34 40 27.019
34 41 71.449
34 42 50.636
34 43 67.052
34 44 68.066
34 45 66.91
34 46 37.162
34 47 41.593
34 48 43.463
34 49 51.313
34 50 30.806
34 51 37.537
34 52 32.016
34 53 36.056
34 54 69.065
34 55 46.043
34 56 17.029
34 57 33.302
34 58 65.307
34 59 74.0
34 60 48.083
34 61 78.032
34 62 17.0
34 63 56.719
34 64 67.801
34 65 34.059
34 66 29.0
34 67 31.89
34 68 17.889
34 69 19.925
34 70 69.584
34 71 67.007
34 72 38.013
34 73 64.203
34 74 54.203
34 75 68.007
35 41 76 8
35 36 45.222
35 37 17.72
35 38 30.083
35 39 76.557
35 40 65.765
35 41 23.195
35 42 3.606
35 43 59.942
35 44 76.485
35 45 28.425
35 46 67.067
35 47 8.062
35 48 42.45
35 49 37.736
35 50 67.469
35 51 24.413
35 52 17.263
35 53 35.847
35 54 77.233
35 55 34.828
35 56 65.765
35 57 25.495
35 58 20.248
35 59 41.34
35 60 3.606
35 61 56.569
35 62 61.741
35 63 59.548
35 64 43.566
35 65 71.589
35 66 69.584
35 67 26.0
35 68 62.169
35 69 42.755
35 70 29.0
35 71 42.579
35 72 14.142
35 73 41.0
35 74 41.677
35 75 44.721
36 15 39 6
36 37 29.0
36 38 19.698
36 39 33.377
36 40 45.607
36 41 64.257
36 42 45.277
36 43 79.511
36 44 84.172
36 45 55.145
36 46 55.471
36 47 37.202
36 48 55.326
36 49 60.44
36 50 49.406
36 51 43.463
36 52 30.48
36 53 19.647
36 54 85.159
36 55 55.082
36 56 32.249
36 57 39.56
36 58 64.444
36 59 59.682
36 60 45.453
36 61 86.977
36 62 19.0
36 63 71.028
36 64 75.24
36 65 52.631
36 66 47.424
36 67 38.275
36 68 19.026
36 69 34.366
36 70 58.31
36 71 74.324
36 72 31.385
36 73 71.694
36 74 64.031
36 75 75.769
37 36 59 18
37 38 12.369
37 39 59.034
37 40 50.289
37 41 40.05
37 42 19.105
37 43 59.034
37 44 70.711
37 45 38.91
37 46 53.852
37 47 10.05
37 48 36.77
37 49 37.121
37 50 52.555
37 51 19.235
37 52 2.0
37 53 26.019
37 54 71.589
37 55 32.388
37 56 48.26
37 57 17.088
37 58 35.609
37 59 49.204
37 60 17.0
37 61 61.66
37 62 44.294
37 63 54.626
37 64 49.031
37 65 56.648
37 66 53.852
37 67 16.553
37 68 44.777
37 69 28.178
37 70 40.853
37 71 48.052
37 72 8.602
37 73 45.706
37 74 41.195
37 75 49.82
38 33 47 5
38 39 47.011
38 40 40.249
38 41 52.24
38 42 31.401
38 43 61.008
38 44 68.622
38 45 49.041
38 46 46.011
38 47 22.361
38 48 37.054
38 49 41.0
38 50 43.046
38 51 23.77
38 52 13.0
38 53 25.495
38 54 69.57
38 55 35.693
38 56 36.056
38 57 19.925
38 58 47.17
38 59 57.706
38 60 29.155
38 61 67.357
38 62 32.45
38 63 53.935
38 64 55.543
38 65 47.011
38 66 43.463
38 67 18.682
38 68 33.015
38 69 20.616
38 70 51.42
38 71 54.626
38 72 19.105
38 73 52.0
38 74 44.721
38 75 56.08
39 10 6 7
39 40 41.304
39 41 97.124
39 42 77.253
39 43 93.915
39 44 90.028
39 45 88.459
39 46 54.452
39 47 68.542
39 48 71.561
39 49 80.43
39 50 45.177
39 51 67.268
39 52 59.942
39 53 52.0
39 54 91.005
39 55 75.286
39 56 21.587
39 57 63.032
39 58 94.154
39 59 92.087
39 60 76.026
39 61 106.832
39 62 14.866
39 63 82.079
39 64 97.185
39 65 46.0
39 66 40.012
39 67 61.62
39 68 14.56
39 69 48.01
39 70 91.662
39 71 96.426
39 72 63.569
39 73 93.606
39 74 83.006
39 75 97.309
40 51 11 3
40 41 88.955
40 42 68.25
40 43 56.727
40 44 49.041
40 45 88.955
40 46 13.153
40 47 59.666
40 48 38.949
40 49 50.09
40 50 4.123
40 51 45.177
40 52 49.729
40 53 62.37
40 54 50.0
40 55 46.239
40 56 20.0
40 57 42.012
40 58 76.322
40 59 97.949
40 60 63.388
40 61 73.246
40 62 37.108
40 63 43.6
40 64 66.731
40 65 7.071
40 66 4.123
40 67 41.0
40 68 38.079
40 69 23.087
40 70 91.082
40 71 66.242
40 72 58.523
40 73 63.53
40 74 51.108
40 75 66.37
41 38 99 19
41 42 21.0
41 43 75.743
41 44 95.268
41 45 19.647
41 46 89.844
41 47 30.017
41 48 62.769
41 49 55.444
41 50 90.609
41 51 46.239
41 52 40.0
41 53 49.649
41 54 95.901
41 55 54.083
41 56 88.278
41 57 48.083
41 58 23.324
41 59 32.016
41 60 25.71
41 61 66.648
41 62 82.28
41 63 78.409
41 64 54.918
41 65 94.726
41 66 92.779
41 67 48.765
41 68 82.565
41 69 65.924
41 70 17.117
41 71 54.083
41 72 33.734
41 73 53.6
41 74 58.796
41 75 56.303
42 38 78 8
42 43 63.53
42 44 80.056
42 45 24.839
42 46 70.007
42 47 9.055
42 48 45.967
42 49 41.34
42 50 70.093
42 51 27.803
42 52 19.0
42 53 34.409
42 54 80.808
42 55 38.419
42 56 67.365
42 57 28.653
42 58 21.932
42 59 37.736
42 60 7.211
42 61 59.841
42 62 62.394
42 63 63.127
42 64 46.872
42 65 74.216
42 66 72.007
42 67 29.069
42 68 62.769
42 69 45.354
42 70 25.495
42 71 45.891
42 72 13.892
42 73 44.385
42 74 45.277
42 75 48.052
43 94 48 12
43 44 23.345
43 45 87.983
43 46 46.098
43 47 60.745
43 48 24.187
43 49 22.472
43 50 54.452
43 51 39.812
43 52 57.07
43 53 84.593
43 54 23.537
43 55 26.683
43 56 73.062
43 57 42.297
43 58 53.075
43 59 101.213
43 60 56.356
43 61 20.224
43 62 83.815
43 63 13.601
43 64 23.259
43 65 56.639
43 66 60.141
43 67 43.186
43 68 84.758
43 69 47.127
43 70 87.92
43 71 23.707
43 72 65.521
43 73 23.022
43 74 18.385
43 75 21.932
44 98 25 15
44 45 104.89
44 46 36.056
44 47 75.213
44 48 34.409
44 49 39.825
44 50 45.541
44 51 53.009
44 52 68.964
44 53 93.984
44 54 1.0
44 55 41.725
44 56 68.447
44 57 53.852
44 58 73.783
44 59 117.444
44 60 72.918
44 61 43.012
44 62 83.15
44 63 16.971
44 64 46.174
44 65 46.098
44 66 51.264
44 67 54.203
44 68 84.149
44 69 49.82
44 70 105.418
44 71 46.487
44 72 78.549
44 73 45.31
44 74 36.62
44 75 44.922
45 19 94 3
45 46 92.661
45 47 30.806
45 48 70.725
45 49 66.03
45 50 91.389
45 51 52.345
45 52 39.825
45 53 37.108
45 54 105.646
45 55 63.253
45 56 83.863
45 57 52.631
45 58 39.623
45 59 13.601
45 60 32.016
45 61 82.219
45 62 74.108
45 63 87.966
45 64 69.642
45 65 95.462
45 66 92.358
45 67 52.802
45 68 74.169
45 69 67.082
45 70 3.606
45 71 68.71
45 72 30.463
45 73 67.624
45 74 69.893
45 75 70.937
46 64 13 20
46 47 62.169
46 48 32.558
46 49 43.932
46 50 9.487
46 51 43.932
46 52 52.839
46 53 70.292
46 54 37.0
46 55 41.195
46 56 33.061
46 57 41.761
46 58 74.243
46 59 102.903
46 60 64.195
46 61 64.14
46 62 49.497
46 63 32.558
46 64 59.464
46 65 10.63
46 66 15.232
46 67 41.11
46 68 50.488
46 69 25.807
46 70 94.366
46 71 59.135
46 72 62.434
46 73 56.613
46 74 43.966
46 75 58.873
47 37 69 12
47 48 40.804
47 49 38.275
47 50 61.685
47 51 22.204
47 52 10.05
47 53 29.155
47 54 76.026
47 55 34.438
47 56 58.31
47 57 21.932
47 58 27.659
47 59 42.45
47 60 8.602
47 61 60.008
47 62 53.712
47 63 58.523
47 64 47.0
47 65 65.803
47 66 63.348
47 67 22.023
47 68 54.129
47 69 37.0
47 70 32.249
47 71 46.0
47 72 6.708
47 73 44.045
47 74 42.379
47 75 48.01
48 70 45 11
48 49 11.402
48 50 38.079
48 51 18.601
48 52 34.928
48 53 61.392
48 54 35.228
48 55 9.22
48 56 51.74
48 57 19.698
48 58 43.681
48 59 83.096
48 60 38.949
48 61 35.468
48 62 60.415
48 63 17.889
48 64 27.785
48 65 41.437
48 66 42.942
48 67 20.248
48 68 61.327
48 69 23.707
48 70 71.449
48 71 27.295
48 72 44.294
48 73 24.597
48 74 12.207
48 75 27.459
49 73 56 9
49 50 49.396
49 51 18.0
49 52 35.128
49 53 63.032
49 54 40.46
49 55 5.385
49 56 61.555
49 57 21.213
49 58 34.438
49 59 79.076
49 60 34.132
49 61 26.833
49 62 68.264
49 63 23.022
49 64 17.029
49 65 52.811
49 66 54.129
49 67 22.361
49 68 69.116
49 69 32.558
49 70 66.219
49 71 16.401
49 72 43.174
49 73 13.601
49 74 4.123
49 75 16.971
50 55 10 6
50 51 46.0
50 52 51.865
50 53 65.795
50 54 46.487
50 55 45.88
50 56 24.021
50 57 43.105
50 58 77.058
50 59 100.722
50 60 64.938
50 61 71.61
50 62 41.231
50 63 41.11
50 64 65.742
50 65 4.123
50 66 5.831
50 67 42.19
50 68 42.202
50 69 24.739
50 70 93.408
50 71 65.307
50 72 60.926
50 73 62.65
50 74 50.09
50 75 65.299
51 55 56 9
51 52 17.263
51 53 45.044
51 54 53.824
51 55 13.153
51 56 51.0
51 57 4.243
51 58 31.145
51 59 64.537
51 60 21.095
51 61 43.681
51 62 53.814
51 63 36.359
51 64 31.78
51 65 50.01
51 66 49.254
51 67 5.657
51 68 54.562
51 69 22.804
51 70 53.263
51 71 30.871
51 72 26.0
51 73 28.231
51 74 22.023
51 75 32.311
52 38 59 5
52 53 28.018
52 54 69.836
52 55 30.414
52 56 48.508
52 57 15.232
52 58 34.409
52 59 50.448
52 60 16.155
52 61 59.682
52 62 45.277
52 63 52.802
52 64 47.074
52 65 55.973
52 66 53.367
52 67 14.765
52 68 45.793
52 69 27.313
52 70 41.629
52 71 46.098
52 72 9.899
52 73 43.738
52 74 39.205
52 75 47.854
53 10 58 10
53 54 94.921
53 55 58.138
53 56 51.478
53 57 42.297
53 58 56.08
53 59 40.2
53 60 37.577
53 61 87.573
53 62 38.328
53 63 78.848
53 64 74.813
53 65 69.426
53 66 64.815
53 67 41.437
53 68 38.21
53 69 45.793
53 70 40.522
53 71 73.824
53 72 22.472
53 73 71.568
53 74 67.067
53 75 75.664
54 99 25 18
54 55 42.45
54 56 69.426
54 57 54.708
54 58 74.33
54 59 118.229
54 60 73.661
54 61 43.046
54 62 84.149
54 63 17.692
54 64 46.487
54 65 47.011
54 66 52.202
54 67 55.073
54 68 85.147
54 69 50.804
54 70 106.151
54 71 46.819
54 72 79.404
54 73 45.695
54 74 37.202
54 75 45.222
55 68 54 8
55 56 56.727
55 57 16.031
55 58 34.482
55 59 76.026
55 60 31.241
55 61 32.202
55 62 62.968
55 63 24.759
55 64 21.932
55 65 49.477
55 66 50.329
55 67 17.117
55 68 63.812
55 69 27.586
55 70 63.702
55 71 21.213
55 72 38.897
55 73 18.385
55 74 9.055
55 75 22.023
56 31 11 4
56 57 46.957
56 58 80.654
56 59 90.521
56 60 64.327
56 61 87.207
56 62 18.358
56 63 60.836
56 64 78.568
56 65 25.495
56 66 19.416
56 67 45.618
56 68 19.235
56 69 29.206
56 70 86.579
56 71 77.897
56 72 55.0
56 73 75.073
56 74 63.655
56 75 78.518
57 52 53 12
57 58 34.525
57 59 64.351
57 60 22.472
57 61 47.434
57 62 49.578
57 63 37.577
57 64 35.777
57 65 47.17
57 66 46.043
57 67 1.414
57 68 50.329
57 69 19.235
57 70 53.824
57 71 34.886
57 72 24.698
57 73 32.202
57 74 25.08
57 75 36.249
58 58 87 8
58 59 53.151
58 60 19.105
58 61 43.382
58 62 79.612
58 63 57.306
58 64 31.623
58 65 81.025
58 66 80.399
58 67 35.693
58 68 80.156
58 69 53.759
58 70 38.328
58 71 30.806
58 72 34.205
58 73 30.48
58 74 37.216
58 75 33.015
59 6 98 19
59 60 44.944
59 61 95.818
59 62 78.518
59 63 100.603
59 64 83.217
59 65 104.709
59 66 101.079
59 67 64.351
59 68 78.409
59 69 77.104
59 70 15.033
59 71 82.28
59 72 40.608
59 73 81.154
59 74 83.006
59 75 84.504
60 44 74 14
60 61 53.339
60 62 61.294
60 63 55.973
60 64 40.311
60 65 69.051
60 66 67.268
60 67 23.087
60 68 61.774
60 69 40.311
60 70 32.527
60 71 39.319
60 72 15.264
60 73 37.656
60 74 38.079
60 75 41.437
61 97 68 19
61 62 95.016
61 63 32.894
61 64 13.038
61 65 74.33
61 66 77.006
61 67 48.703
61 68 95.88
61 69 58.822
61 70 81.345
61 71 14.036
61 72 66.03
61 73 16.031
61 74 23.854
61 75 12.0
62 15 20 6
62 63 73.007
62 64 84.629
62 65 43.324
62 66 37.336
62 67 48.166
62 68 1.0
62 69 36.77
62 70 77.233
62 71 83.815
62 72 48.703
62 73 81.025
62 74 71.197
62 75 84.876
63 86 37 20
63 64 32.062
63 65 43.139
63 66 46.861
63 67 38.079
63 68 73.98
63 69 37.121
63 70 88.459
63 71 32.14
63 72 62.177
63 73 30.414
63 74 20.125
63 75 31.016
64 84 69 2
64 65 68.942
64 66 70.711
64 67 37.121
64 68 85.446
64 69 49.497
64 70 68.942
64 71 1.0
64 72 53.085
64 73 3.606
64 74 15.652
64 75 1.414
65 56 6 9
65 66 6.083
65 67 46.271
65 68 44.272
65 69 28.862
65 70 97.499
65 71 68.542
65 72 65.0
65 73 65.924
65 74 53.31
65 75 68.447
66 50 7 13
66 67 45.011
66 68 38.275
66 69 27.019
66 70 94.557
66 71 70.235
66 72 61.984
66 73 67.535
66 74 55.073
66 75 70.328
67 51 52 10
67 68 48.918
67 69 18.111
67 70 54.083
67 71 36.235
67 72 24.413
67 73 33.541
67 74 26.173
67 75 37.577
68 14 20 12
68 69 37.696
68 70 77.318
68 71 84.629
68 72 49.041
68 73 81.841
68 74 72.069
68 75 85.703
69 49 34 6
69 70 68.942
69 71 48.795
69 72 36.715
69 73 45.967
69 74 35.0
69 75 49.518
70 21 97 7
70 71 68.029
70 72 32.573
70 73 67.082
70 74 70.0
70 75 70.264
71 83 69 3
71 72 52.086
71 73 2.828
71 74 15.232
71 75 2.236
72 31 66 9
72 73 50.01
72 74 47.297
72 75 54.037
73 81 67 16
73 74 12.649
73 75 4.123
74 77 55 11
74 75 15.264
75 85 68 20
