30 3 10
1 13 11 20
1 2 89.989
1 3 40.311
1 4 27.857
1 5 108.19
1 6 32.016
1 7 69.354
1 8 78.294
1 9 67.476
1 10 90.918
1 11 10.0
1 12 59.682
1 13 95.462
1 14 18.974
1 15 81.049
1 16 59.414
1 17 71.344
1 18 16.971
1 19 58.215
1 20 29.428
1 21 83.006
1 22 34.366
1 23 68.593
1 24 73.062
1 25 61.221
1 26 57.271
1 27 27.074
1 28 30.0
1 29 54.129
1 30 72.918
2 36 98 9
2 3 50.329
2 4 97.046
2 5 53.935
2 6 62.073
2 7 34.986
2 8 18.868
2 9 25.0
2 10 70.0
2 11 82.377
2 12 42.521
2 13 47.927
2 14 93.134
2 15 93.408
2 16 50.16
2 17 29.53
2 18 82.765
2 19 40.311
2 20 82.219
2 21 32.802
2 22 92.655
2 23 23.601
2 24 29.53
2 25 41.785
2 26 35.014
2 27 65.0
2 28 61.465
2 29 38.0
2 30 42.012
3 18 51 15
3 4 54.231
3 5 80.062
3 6 21.213
3 7 31.385
3 8 41.773
3 9 27.166
3 10 74.169
3 11 34.132
3 12 23.601
3 13 68.029
3 14 47.802
3 15 79.712
3 16 38.013
3 17 38.275
3 18 32.757
3 19 20.591
3 20 42.438
3 21 51.624
3 22 53.535
3 23 28.284
3 24 33.956
3 25 33.956
3 26 22.472
3 27 14.765
3 28 11.18
3 29 20.125
3 30 46.174
4 39 1 15
4 5 100.344
4 6 35.511
4 7 85.615
4 8 81.302
4 9 79.076
4 10 76.381
4 11 24.083
4 12 77.369
4 13 88.119
4 14 8.944
4 15 58.694
4 16 53.759
4 17 71.847
4 18 43.909
4 19 74.733
4 20 15.297
4 21 80.362
4 22 9.434
4 23 79.831
4 24 87.92
4 25 59.228
4 26 62.032
4 27 46.4
4 28 47.707
4 29 59.076
4 30 68.007
5 89 88 8
5 6 76.42
5 7 83.385
5 8 43.417
5 9 68.731
5 10 32.14
5 11 98.311
5 12 86.885
5 13 12.728
5 14 101.257
5 15 64.125
5 16 48.836
5 17 42.154
5 18 109.403
5 19 83.199
5 20 85.983
5 21 28.792
5 22 92.13
5 23 67.602
5 24 79.101
5 25 47.802
5 26 57.697
5 27 92.65
5 28 89.359
5 29 59.942
5 30 35.468
6 33 36 11
6 7 51.624
6 8 47.802
6 9 43.681
6 10 62.298
6 11 22.472
6 12 44.688
6 13 63.702
6 14 31.064
6 15 61.188
6 16 28.018
6 17 39.812
6 18 34.54
6 19 41.4
6 20 21.932
6 21 51.039
6 22 33.106
6 23 44.385
6 24 53.226
6 25 29.206
6 26 27.295
6 27 22.091
6 28 20.616
6 29 24.187
6 30 41.012
7 6 80 5
7 8 40.05
7 9 15.133
7 10 89.286
7 11 64.761
7 12 10.198
7 13 74.007
7 14 79.057
7 15 103.465
7 16 57.306
7 17 44.721
7 18 57.219
7 19 11.18
7 20 73.43
7 21 56.036
7 22 84.599
7 23 16.031
7 24 5.657
7 25 49.659
7 26 35.355
7 27 42.297
7 28 39.623
7 29 36.056
7 30 57.974
8 46 82 19
8 9 25.318
8 10 52.839
8 11 69.642
8 12 43.681
8 13 34.132
8 14 78.447
8 15 74.653
8 16 31.623
8 17 10.77
8 18 74.202
8 19 40.162
8 20 66.121
8 21 16.492
8 22 76.007
8 23 24.187
8 24 36.056
8 25 23.537
8 26 21.024
8 27 56.223
8 28 52.631
8 29 24.166
8 30 23.345
9 21 78 6
9 10 74.33
9 11 61.0
9 12 18.788
9 13 59.008
9 14 73.682
9 15 90.0
9 16 43.6
9 17 29.614
9 18 58.523
9 19 15.811
9 20 65.46
9 21 41.0
9 22 76.551
9 23 1.414
9 24 12.53
9 25 35.511
9 26 21.932
9 27 41.231
9 28 37.855
9 29 23.431
9 30 43.012
10 92 56 6
10 11 81.006
10 12 89.107
10 13 25.942
10 14 79.511
10 15 32.016
10 16 36.222
10 17 44.944
10 18 96.799
10 19 85.0
10 20 64.031
10 21 37.202
10 22 67.268
10 23 73.682
10 24 86.649
10 25 41.11
10 26 55.444
10 27 82.976
10 28 80.411
10 29 56.143
10 30 31.321
11 21 17 19
11 12 55.66
11 13 85.586
11 14 15.62
11 15 72.339
11 16 49.497
11 17 62.177
11 18 20.881
11 19 53.6
11 20 21.024
11 21 73.498
11 22 28.231
11 23 62.008
11 24 67.897
11 25 51.614
11 26 48.703
11 27 23.259
11 28 25.298
11 29 45.541
11 30 63.127
12 4 70 17
12 13 76.531
12 14 70.385
12 15 100.185
12 16 55.027
12 17 46.043
12 18 47.096
12 19 4.123
12 20 66.03
12 21 58.549
12 22 77.104
12 23 20.125
12 24 15.232
12 25 48.27
12 26 33.734
12 27 32.757
12 28 30.364
12 29 33.526
12 30 58.215
13 80 79 3
13 14 88.752
13 15 56.515
13 16 36.125
13 17 30.806
13 18 96.835
13 19 72.691
13 20 73.573
13 21 18.028
13 22 80.112
13 23 58.0
13 24 70.178
13 25 35.228
13 26 45.88
13 27 80.262
13 28 77.026
13 29 47.927
13 30 22.804
14 31 5 5
14 15 64.846
14 16 53.235
14 17 69.642
14 18 34.986
14 19 68.007
14 20 15.556
14 21 79.31
14 22 16.031
14 23 74.545
14 24 81.744
14 25 57.585
14 26 58.31
14 27 38.588
14 28 40.249
14 29 55.227
14 30 67.535
15 93 24 12
15 16 46.4
15 17 64.444
15 18 92.005
15 19 96.177
15 20 51.624
15 21 62.266
15 22 49.396
15 23 89.811
15 24 102.416
15 25 54.672
15 26 68.242
15 27 83.187
15 28 81.786
15 29 67.417
15 30 51.4
16 56 52 8
16 17 20.881
16 18 62.177
16 19 50.922
16 20 38.626
16 21 26.683
16 22 46.872
16 23 43.417
16 24 56.036
16 25 8.602
16 26 21.954
16 27 47.127
16 28 44.385
16 29 21.541
16 30 14.318
17 50 72 6
17 18 69.296
17 19 42.107
17 20 56.569
17 21 13.416
17 22 66.068
17 23 28.862
17 24 41.761
17 25 13.038
17 26 15.811
17 27 51.74
17 28 48.27
17 29 18.439
17 30 13.892
18 1 23 11
18 19 46.53
18 20 41.593
18 21 82.134
18 22 49.041
18 23 59.808
18 24 61.66
18 25 61.612
18 26 53.814
18 27 18.028
18 28 21.633
18 29 50.931
18 30 74.061
19 8 69 20
19 20 62.968
19 21 54.745
19 22 74.095
19 23 17.205
19 24 15.133
19 25 44.147
19 26 29.614
19 27 31.145
19 28 28.443
19 29 29.411
19 30 54.148
20 42 16 2
20 21 65.146
20 22 11.18
20 23 66.098
20 24 75.153
20 25 43.932
20 26 47.265
20 27 38.013
20 28 38.288
20 29 44.407
20 30 52.924
21 62 78 20
21 22 73.546
21 23 40.012
21 24 52.345
21 25 21.954
21 26 29.155
21 27 64.815
21 28 61.4
21 29 31.623
21 30 13.0
22 47 6 7
22 23 77.162
22 24 86.331
22 25 53.151
22 26 57.871
22 27 48.166
22 28 48.795
22 29 55.109
22 30 60.877
23 22 79 14
23 24 13.0
23 25 35.228
23 26 21.932
23 27 42.45
23 28 39.051
23 29 23.601
23 30 42.379
24 10 84 6
24 25 48.021
24 26 34.205
24 27 46.011
24 28 43.105
24 29 35.384
24 30 55.362
25 51 59 13
25 26 14.56
25 27 45.177
25 28 42.048
25 29 15.033
25 30 12.53
26 37 63 12
26 27 36.069
26 28 32.558
26 29 3.162
26 30 25.08
27 11 38 10
27 28 3.606
27 29 33.302
27 30 57.706
28 13 41 5
28 29 29.833
28 30 54.562
29 36 60 7
29 30 26.476
30 62 65 11
