10 2
1 13 11 20
1 2 89.989
1 3 40.311
1 4 27.857
1 5 108.19
1 6 32.016
1 7 69.354
1 8 78.294
1 9 67.476
1 10 90.918
2 36 98 9
2 3 50.329
2 4 97.046
2 5 53.935
2 6 62.073
2 7 34.986
2 8 18.868
2 9 25.0
2 10 70.0
3 18 51 15
3 4 54.231
3 5 80.062
3 6 21.213
3 7 31.385
3 8 41.773
3 9 27.166
3 10 74.169
4 39 1 15
4 5 100.344
4 6 35.511
4 7 85.615
4 8 81.302
4 9 79.076
4 10 76.381
5 89 88 8
5 6 76.42
5 7 83.385
5 8 43.417
5 9 68.731
5 10 32.14
6 33 36 11
6 7 51.624
6 8 47.802
6 9 43.681
6 10 62.298
7 6 80 5
7 8 40.05
7 9 15.133
7 10 89.286
8 46 82 19
8 9 25.318
8 10 52.839
9 21 78 6
9 10 74.33
10 92 56 6
