20 2 10
1 13 11 20
1 2 89.989
1 3 40.311
1 4 27.857
1 5 108.19
1 6 32.016
1 7 69.354
1 8 78.294
1 9 67.476
1 10 90.918
1 11 10.0
1 12 59.682
1 13 95.462
1 14 18.974
1 15 81.049
1 16 59.414
1 17 71.344
1 18 16.971
1 19 58.215
1 20 29.428
2 36 98 9
2 3 50.329
2 4 97.046
2 5 53.935
2 6 62.073
2 7 34.986
2 8 18.868
2 9 25.0
2 10 70.0
2 11 82.377
2 12 42.521
2 13 47.927
2 14 93.134
2 15 93.408
2 16 50.16
2 17 29.53
2 18 82.765
2 19 40.311
2 20 82.219
3 18 51 15
3 4 54.231
3 5 80.062
3 6 21.213
3 7 31.385
3 8 41.773
3 9 27.166
3 10 74.169
3 11 34.132
3 12 23.601
3 13 68.029
3 14 47.802
3 15 79.712
3 16 38.013
3 17 38.275
3 18 32.757
3 19 20.591
3 20 42.438
4 39 1 15
4 5 100.344
4 6 35.511
4 7 85.615
4 8 81.302
4 9 79.076
4 10 76.381
4 11 24.083
4 12 77.369
4 13 88.119
4 14 8.944
4 15 58.694
4 16 53.759
4 17 71.847
4 18 43.909
4 19 74.733
4 20 15.297
5 89 88 8
5 6 76.42
5 7 83.385
5 8 43.417
5 9 68.731
5 10 32.14
5 11 98.311
5 12 86.885
5 13 12.728
5 14 101.257
5 15 64.125
5 16 48.836
5 17 42.154
5 18 109.403
5 19 83.199
5 20 85.983
6 33 36 11
6 7 51.624
6 8 47.802
6 9 43.681
6 10 62.298
6 11 22.472
6 12 44.688
6 13 63.702
6 14 31.064
6 15 61.188
6 16 28.018
6 17 39.812
6 18 34.54
6 19 41.4
6 20 21.932
7 6 80 5
7 8 40.05
7 9 15.133
7 10 89.286
7 11 64.761
7 12 10.198
7 13 74.007
7 14 79.057
7 15 103.465
7 16 57.306
7 17 44.721
7 18 57.219
7 19 11.18
7 20 73.43
8 46 82 19
8 9 25.318
8 10 52.839
8 11 69.642
8 12 43.681
8 13 34.132
8 14 78.447
8 15 74.653
8 16 31.623
8 17 10.77
8 18 74.202
8 19 40.162
8 20 66.121
9 21 78 6
9 10 74.33
9 11 61.0
9 12 18.788
9 13 59.008
9 14 73.682
9 15 90.0
9 16 43.6
9 17 29.614
9 18 58.523
9 19 15.811
9 20 65.46
10 92 56 6
10 11 81.006
10 12 89.107
10 13 25.942
10 14 79.511
10 15 32.016
10 16 36.222
10 17 44.944
10 18 96.799
10 19 85.0
10 20 64.031
11 21 17 19
11 12 55.66
11 13 85.586
11 14 15.62
11 15 72.339
11 16 49.497
11 17 62.177
11 18 20.881
11 19 53.6
11 20 21.024
12 4 70 17
12 13 76.531
12 14 70.385
12 15 100.185
12 16 55.027
12 17 46.043
12 18 47.096
12 19 4.123
12 20 66.03
13 80 79 3
13 14 88.752
13 15 56.515
13 16 36.125
13 17 30.806
13 18 96.835
13 19 72.691
13 20 73.573
14 31 5 5
14 15 64.846
14 16 53.235
14 17 69.642
14 18 34.986
14 19 68.007
14 20 15.556
15 93 24 12
15 16 46.4
15 17 64.444
15 18 92.005
15 19 96.177
15 20 51.624
16 56 52 8
16 17 20.881
16 18 62.177
16 19 50.922
16 20 38.626
17 50 72 6
17 18 69.296
17 19 42.107
17 20 56.569
18 1 23 11
18 19 46.53
18 20 41.593
19 8 69 20
19 20 62.968
20 42 16 2
